  0.10000000000000001        2.7608659317390968E-009
  0.11000000000000000       -7.2155249448664756E-009
  0.12000000000000000       -2.9943524934800285E-009
  0.13000000000000000        2.5781988497497574E-008
  0.14000000000000001        1.9067132609841379E-007
  0.15000000000000002        3.2611642953638841E-007
  0.16000000000000003       -3.0296090078114956E-006
  0.17000000000000004       -1.9888205315022816E-006
  0.18000000000000005        8.5789809352775652E-007
  0.19000000000000006       -1.8719300039762939E-006
  0.20000000000000007       -6.7045163166179447E-006
  0.21000000000000008        1.7569105401287471E-005
  0.22000000000000008       -2.0375417543656687E-005
  0.23000000000000009       -2.7852669707307927E-005
  0.24000000000000010       -3.6788892543772127E-005
  0.25000000000000011        4.2650589795548575E-005
  0.26000000000000012        9.1988373015059136E-005
  0.27000000000000013        1.3313124438409123E-004
  0.28000000000000014       -1.3982698482580981E-004
  0.29000000000000015       -7.7579538632752438E-005
  0.30000000000000016       -2.0142971184163125E-004
  0.31000000000000016       -9.5029860066829321E-005
  0.32000000000000017        7.5896960127963862E-005
  0.33000000000000018       -2.2865332259683202E-005
  0.34000000000000019        4.0671493072448974E-004
  0.35000000000000020       -1.8028511307282432E-004
  0.36000000000000021        3.1593825228501074E-004
  0.37000000000000022        3.0089112332759387E-004
  0.38000000000000023        6.3632583781452951E-005
  0.39000000000000024        1.8019031283293601E-004
  0.40000000000000024       -1.3745642420449886E-004
  0.41000000000000025       -1.4341078444210748E-005
  0.42000000000000026        6.1151294312540807E-005
  0.43000000000000027        8.4855079350760001E-004
  0.44000000000000028        7.2377024604803068E-004
  0.45000000000000029        3.4439974031822930E-003
  0.46000000000000030        1.8181669880341052E-003
  0.47000000000000031        1.5153789291863810E-003
  0.48000000000000032        8.9297196312510332E-004
  0.49000000000000032        1.0325111307436716E-003
  0.50000000000000033        8.6961480095596236E-004
  0.51000000000000034        3.1581474465288036E-004
  0.52000000000000035        8.3889528027609721E-003
  0.53000000000000036        1.0370010015512160E-003
  0.54000000000000037       -6.3041703186771103E-004
  0.55000000000000038        6.9691171384838020E-003
  0.56000000000000039        5.5379344430586484E-003
  0.57000000000000040       -5.9094330779000466E-004
  0.58000000000000040        2.1977655251703555E-003
  0.59000000000000041        6.6517167928569919E-004
  0.60000000000000042        8.8158609163611619E-004
  0.61000000000000043        8.9350995629013455E-003
  0.62000000000000044       -1.1827990827423193E-003
  0.63000000000000045        1.8142442197180402E-003
  0.64000000000000046        2.6389836135377563E-003
  0.65000000000000047        3.1885386375857007E-003
  0.66000000000000048        2.2326588595845452E-003
  0.67000000000000048        7.5320479520064214E-004
  0.68000000000000049        3.0061909350914701E-003
  0.69000000000000050        5.0941433771887444E-003
  0.70000000000000051       -5.7858426017563520E-004
  0.71000000000000052        3.3000790972175626E-003
  0.72000000000000053        1.9452750602773634E-003
  0.73000000000000054        1.2932494375232273E-002
  0.74000000000000055        3.2041013871443189E-002
  0.75000000000000056        9.9906853771780484E-003
  0.76000000000000056        1.4728193634984888E-002
  0.77000000000000057        7.9012156008073271E-003
  0.78000000000000058        1.8530478728139414E-003
  0.79000000000000059        6.9561593926346635E-003
  0.80000000000000060        1.4761009904964414E-002
  0.81000000000000061       -1.4668565829824732E-003
  0.82000000000000062        4.0312092877196976E-002
  0.83000000000000063        4.5267951968850422E-003
  0.84000000000000064        9.1804546435393462E-003
  0.85000000000000064        2.8408914562369835E-002
  0.86000000000000065        5.9063256513860532E-002
  0.87000000000000066        2.1114596265327353E-002
  0.88000000000000067        3.7979547983204415E-003
  0.89000000000000068        1.5808665696092718E-002
  0.90000000000000069        2.4798956531046690E-002
  0.91000000000000070        1.7141237934375327E-002
  0.92000000000000071        4.8278139497113341E-002
  0.93000000000000071        2.6740506264558449E-002
  0.94000000000000072        3.2753086467634203E-002
  0.95000000000000073        5.6556619972108049E-002
  0.96000000000000074        1.2073891255560059E-002
  0.97000000000000075        3.0988205852867122E-002
  0.98000000000000076        6.5534192747194908E-002
  0.99000000000000077        2.4135909624451887E-002
   1.0000000000000007        4.0534601591595477E-002
   1.0100000000000007        7.7416433573374077E-002
   1.0200000000000007       0.10525743182645965     
   1.0300000000000007        2.3476041888245383E-002
   1.0400000000000007        3.9465065437001165E-002
   1.0500000000000007        4.9049140901463645E-002
   1.0600000000000007        4.0813494568369552E-002
   1.0700000000000007        9.1089064072016612E-002
   1.0800000000000007        6.7079474357649896E-002
   1.0900000000000007       0.17980161705904343     
   1.1000000000000008        7.5858432489193314E-002
   1.1100000000000008        5.5689925875892825E-002
   1.1200000000000008        6.9259645175765550E-002
   1.1300000000000008        5.8289266978974276E-002
   1.1400000000000008        6.7915913409113307E-002
   1.1500000000000008        7.5899022559312496E-002
   1.1600000000000008        6.8544926786380397E-002
   1.1700000000000008       0.11599910216720448     
   1.1800000000000008        5.3986066886452903E-002
   1.1900000000000008        7.5435073824378709E-002
   1.2000000000000008        8.3184645490431100E-002
   1.2100000000000009       0.10977938808357278     
   1.2200000000000009       0.16058431833441919     
   1.2300000000000009        7.1022048921881631E-002
   1.2400000000000009       0.14641799735140484     
   1.2500000000000009       0.12809954995460596     
   1.2600000000000009        6.9698745492035030E-002
   1.2700000000000009       0.11852236443067748     
   1.2800000000000009        9.2506958092075070E-002
   1.2900000000000009       0.10010514293112890     
   1.3000000000000009        8.8886303367670380E-002
   1.3100000000000009       0.15546774512680142     
   1.3200000000000010       0.14153584934300234     
   1.3300000000000010       0.13732346158897762     
   1.3400000000000010       0.11561929555653902     
   1.3500000000000010       0.22936306153504696     
   1.3600000000000010       0.19396027454810558     
   1.3700000000000010       0.14822886001955024     
   1.3800000000000010       0.15451093667412849     
   1.3900000000000010       0.19849776052337303     
   1.4000000000000010       0.13973804771155124     
   1.4100000000000010       0.15393550283974641     
   1.4200000000000010       0.15573642281176217     
   1.4300000000000010       0.18341658792867829     
   1.4400000000000011       0.17027706563903799     
   1.4500000000000011       0.17518352772108223     
   1.4600000000000011       0.19867761130219841     
   1.4700000000000011       0.15937210141710417     
   1.4800000000000011       0.21805433662701915     
   1.4900000000000011       0.19312283968638788     
   1.5000000000000011       0.18619027308837346     
   1.5100000000000011       0.31563731340542200     
   1.5200000000000011       0.26787969624696539     
   1.5300000000000011       0.21038874860282292     
   1.5400000000000011       0.24842243783006690     
   1.5500000000000012       0.21690796892402597     
   1.5600000000000012       0.21841804189043984     
   1.5700000000000012       0.29479972179903163     
   1.5800000000000012       0.24644667758268585     
   1.5900000000000012       0.32838904801146512     
   1.6000000000000012       0.30589873491915864     
   1.6100000000000012       0.30395687180671432     
   1.6200000000000012       0.29532907747391063     
   1.6300000000000012       0.38998548317289755     
   1.6400000000000012       0.29888463709693203     
   1.6500000000000012       0.30173767625662434     
   1.6600000000000013       0.27992774775257978     
   1.6700000000000013       0.32877625862764942     
   1.6800000000000013       0.30919158551480269     
   1.6900000000000013       0.36692040077804966     
   1.7000000000000013       0.31155805045785651     
   1.7100000000000013       0.40452251980168230     
   1.7200000000000013       0.39419944287454378     
   1.7300000000000013       0.49594477195929260     
   1.7400000000000013       0.35815577794281850     
   1.7500000000000013       0.34610679272216061     
   1.7600000000000013       0.43255197460580969     
   1.7700000000000014       0.40260894096590971     
   1.7800000000000014       0.43212039994356954     
   1.7900000000000014       0.42654585514702786     
   1.8000000000000014       0.63972534979440643     
   1.8100000000000014       0.42962604827995493     
   1.8200000000000014       0.42888884695457413     
   1.8300000000000014       0.50335105115500656     
   1.8400000000000014       0.50698376991425165     
   1.8500000000000014       0.45911343786288461     
   1.8600000000000014       0.57689394359541457     
   1.8700000000000014       0.51339653605355384     
   1.8800000000000014       0.60764298896017965     
   1.8900000000000015       0.48227079215140217     
   1.9000000000000015       0.61072750546751442     
   1.9100000000000015       0.55915542765759330     
   1.9200000000000015       0.60597273059248591     
   1.9300000000000015       0.57777896170517673     
   1.9400000000000015       0.57728058481235356     
   1.9500000000000015       0.56843371211353688     
   1.9600000000000015       0.77360592537120798     
   1.9700000000000015       0.64699487687208956     
   1.9800000000000015       0.67970073443375056     
   1.9900000000000015       0.84700570123327268     
   2.0000000000000013       0.72119146446389737     
   2.0100000000000011       0.72654737819095994     
   2.0200000000000009       0.74792398669282523     
   2.0300000000000007       0.83861269152566664     
   2.0400000000000005       0.68729486371097737     
   2.0500000000000003       0.75138229843558335     
   2.0600000000000001       0.80875987133845584     
   2.0699999999999998       0.82105720388471393     
   2.0799999999999996       0.83966954357374168     
   2.0899999999999994       0.91223345653103860     
   2.0999999999999992       0.77212785319478572     
   2.1099999999999990        1.0187391328496198     
   2.1199999999999988        1.0096536425597711     
   2.1299999999999986       0.84569499135614579     
   2.1399999999999983       0.88230821792967817     
   2.1499999999999981       0.92186563037489577     
   2.1599999999999979       0.88650479389856518     
   2.1699999999999977        1.0634659324092670     
   2.1799999999999975        1.0777794037600907     
   2.1899999999999973        1.0447813377372337     
   2.1999999999999971        1.1726377218709518     
   2.2099999999999969        1.0915504163814704     
   2.2199999999999966        1.0993251850633412     
   2.2299999999999964        1.1907356690231403     
   2.2399999999999962        1.1928833106316987     
   2.2499999999999960        1.1966027510419317     
   2.2599999999999958        1.1354317529907443     
   2.2699999999999956        1.0990384663067743     
   2.2799999999999954        1.1742926279533623     
   2.2899999999999952        1.1555625528906619     
   2.2999999999999949        1.2699632026871763     
   2.3099999999999947        1.2548465197118790     
   2.3199999999999945        1.0772944779606699     
   2.3299999999999943        1.2162219176334086     
   2.3399999999999941        1.2340171022868145     
   2.3499999999999939        1.4055885755623672     
   2.3599999999999937        1.1288264646796282     
   2.3699999999999934        1.0777069730996474     
   2.3799999999999932        1.0665407543812193     
   2.3899999999999930        1.1896469075331302     
   2.3999999999999928        1.0071966627273250     
   2.4099999999999926        1.1179396338444689     
   2.4199999999999924        1.0954471329258271     
   2.4299999999999922        1.0600970701893042     
   2.4399999999999920        1.2385823305960693     
   2.4499999999999917        1.1355187348852838     
   2.4599999999999915        1.2062077122966288     
   2.4699999999999913        1.0260483572554497     
   2.4799999999999911        1.1858101104081724     
   2.4899999999999909       0.95488990020176334     
   2.4999999999999907       0.98585334597014584     
   2.5099999999999905        1.0442784874261153     
   2.5199999999999902        1.0269720209295263     
   2.5299999999999900       0.99477419920347743     
   2.5399999999999898       0.96954121669407289     
   2.5499999999999896       0.78231283062246348     
   2.5599999999999894       0.87648664809383903     
   2.5699999999999892       0.88884455087820280     
   2.5799999999999890       0.81997487082445442     
   2.5899999999999888       0.77342228320227124     
   2.5999999999999885       0.86281724109381386     
   2.6099999999999883       0.79219653819928737     
   2.6199999999999881       0.76101534413867367     
   2.6299999999999879       0.77347265399308995     
   2.6399999999999877       0.71167296022855131     
   2.6499999999999875       0.69181833914691093     
   2.6599999999999873       0.73290849385377388     
   2.6699999999999871       0.66573856539123522     
   2.6799999999999868       0.61971012808706649     
   2.6899999999999866       0.64354479974534418     
   2.6999999999999864       0.60914070175620760     
   2.7099999999999862       0.58467618964428081     
   2.7199999999999860       0.60679188301582188     
   2.7299999999999858       0.64883806803316402     
   2.7399999999999856       0.56049868980153317     
   2.7499999999999853       0.56198819112925269     
   2.7599999999999851       0.54614093514532336     
   2.7699999999999849       0.60424775880702952     
   2.7799999999999847       0.56667291224538796     
   2.7899999999999845       0.61137841569238460     
   2.7999999999999843       0.51630991742693189     
   2.8099999999999841       0.52976498423036411     
   2.8199999999999839       0.53387512746965560     
   2.8299999999999836       0.51700100613919941     
   2.8399999999999834       0.49849294615223810     
   2.8499999999999832       0.44968085273515002     
   2.8599999999999830       0.48073827535020541     
   2.8699999999999828       0.48313449949723797     
   2.8799999999999826       0.47693696328843460     
   2.8899999999999824       0.33904557281601300     
   2.8999999999999821       0.47815519103540927     
   2.9099999999999819       0.48011139849785034     
   2.9199999999999817       0.49939875623710733     
   2.9299999999999815       0.40658760469283522     
   2.9399999999999813       0.45527160175139436     
   2.9499999999999811       0.39035657278070185     
   2.9599999999999809       0.40834864324177117     
   2.9699999999999807       0.42402590064077772     
   2.9799999999999804       0.45240139688429692     
   2.9899999999999802       0.41207872488066077     
   2.9999999999999800       0.36968779098209070     
   3.0099999999999798       0.38076998653077843     
   3.0199999999999796       0.43429485193088641     
   3.0299999999999794       0.36157736403277091     
   3.0399999999999792       0.37742846808169461     
   3.0499999999999790       0.38076367785542786     
   3.0599999999999787       0.36990776916413892     
   3.0699999999999785       0.33702521363724713     
   3.0799999999999783       0.34632167569236683     
   3.0899999999999781       0.35787719512348060     
   3.0999999999999779       0.40996868187575247     
   3.1099999999999777       0.34517769714710667     
   3.1199999999999775       0.30579349268027622     
   3.1299999999999772       0.29901889283648408     
   3.1399999999999770       0.33237785323919006     
   3.1499999999999768       0.33199148400436984     
   3.1599999999999766       0.30521030475904265     
   3.1699999999999764       0.30116080771374704     
   3.1799999999999762       0.30634998218179055     
   3.1899999999999760       0.32601638423699975     
   3.1999999999999758       0.32438567187518197     
   3.2099999999999755       0.30600738025090218     
   3.2199999999999753       0.31406603705029690     
   3.2299999999999751       0.30999306826256573     
   3.2399999999999749       0.31387416058941287     
   3.2499999999999747       0.31478565381726420     
   3.2599999999999745       0.30133691315856703     
   3.2699999999999743       0.27225247703295669     
   3.2799999999999740       0.29355883127755517     
   3.2899999999999738       0.30062944822101489     
   3.2999999999999736       0.26726977191311141     
   3.3099999999999734       0.28316725993254249     
   3.3199999999999732       0.30393385294022424     
   3.3299999999999730       0.28463334405202378     
   3.3399999999999728       0.26949475261425249     
   3.3499999999999726       0.24109223275286648     
   3.3599999999999723       0.26157347941468811     
   3.3699999999999721       0.23196428361726049     
   3.3799999999999719       0.27610838219785783     
   3.3899999999999717       0.25672167519550299     
   3.3999999999999715       0.25691709205685376     
   3.4099999999999713       0.26026747621999707     
   3.4199999999999711       0.26404740814376554     
   3.4299999999999708       0.26295428321937059     
   3.4399999999999706       0.25549860905808691     
   3.4499999999999704       0.15975758325810466     
   3.4599999999999702       0.30796005021827078     
   3.4699999999999700       0.25968087952019392     
   3.4799999999999698       0.25449475663547433     
   3.4899999999999696       0.22728615231828825     
   3.4999999999999694       0.23299734581672341     
   3.5099999999999691       0.23250179341001512     
   3.5199999999999689       0.23289173141963526     
   3.5299999999999687       0.23773201580138811     
   3.5399999999999685       0.23565725444345076     
   3.5499999999999683       0.23262569235425790     
   3.5599999999999681       0.23124279480225846     
   3.5699999999999679       0.22098144649975029     
   3.5799999999999677       0.21303722720721791     
   3.5899999999999674       0.21981587437902581     
   3.5999999999999672       0.20709826159703559     
   3.6099999999999670       0.18419399186022489     
   3.6199999999999668       0.15558030541105075     
   3.6299999999999666       0.21566663784047585     
   3.6399999999999664       0.25407203120025179     
   3.6499999999999662       0.19307302922065353     
   3.6599999999999659       0.21069100527553758     
   3.6699999999999657       0.20624717608945428     
   3.6799999999999655       0.19805089859610750     
   3.6899999999999653       0.20050090192878453     
   3.6999999999999651       0.17666940249397925     
   3.7099999999999649       0.20281699756057300     
   3.7199999999999647       0.17399270946289092     
   3.7299999999999645       0.19814481538300011     
   3.7399999999999642       0.15834652286794823     
   3.7499999999999640        8.6650995731829633E-002
   3.7599999999999638        6.7969150871815001E-002
   3.7699999999999636       0.16732180581603420     
   3.7799999999999634       0.18141322241920529     
   3.7899999999999632       0.17832521677307964     
   3.7999999999999630       0.18702683476984092     
   3.8099999999999627       0.19416645023978979     
   3.8199999999999625       0.18599155499603903     
   3.8299999999999623       0.18510011528717452     
   3.8399999999999621       0.18155764679222933     
   3.8499999999999619       0.17130598134574795     
   3.8599999999999617       0.16490764520971501     
   3.8699999999999615       0.15967209385704309     
   3.8799999999999613       0.17214781790134276     
   3.8899999999999610       0.17460331486554548     
   3.8999999999999608       0.17177471074780293     
   3.9099999999999606       0.16360465826319345     
   3.9199999999999604       0.17055923580839438     
   3.9299999999999602       0.14708788342304707     
   3.9399999999999600       0.16669474764443420     
   3.9499999999999598       0.16261899774743827     
   3.9599999999999596       0.20053221517400494     
   3.9699999999999593       0.14585637520352754     
   3.9799999999999591       0.16293794677723736     
   3.9899999999999589       0.15629270766448042     
   3.9999999999999587       0.13195886150485647     
   4.0099999999999589       0.15032806193713760     
   4.0199999999999587       0.13748474045013895     
   4.0299999999999585       0.15425187182647693     
   4.0399999999999583       0.15358767002522714     
   4.0499999999999581       0.16740625513316268     
   4.0599999999999579       0.16426659216614653     
   4.0699999999999577       0.15882737826954482     
   4.0799999999999574       0.15215306236297030     
   4.0899999999999572       0.14927535319325858     
   4.0999999999999570       0.14518735506737704     
   4.1099999999999568       0.14950105626404578     
   4.1199999999999566       0.14608784924149210     
   4.1299999999999564       0.11804170063408953     
   4.1399999999999562        4.9539093487648934E-002
   4.1499999999999559        9.9304408482542558E-002
   4.1599999999999557        5.2186348168417836E-002
   4.1699999999999555        5.6135984424347168E-002
   4.1799999999999553        2.2751655415463094E-002
   4.1899999999999551        6.9713171286734543E-002
   4.1999999999999549       0.15152013870529019     
   4.2099999999999547       0.14646691521212060     
   4.2199999999999545        5.7085214464472657E-002
   4.2499999999999538        4.7550234453681076E-002
   4.2699999999999534        7.9695547929567873E-002
   4.2799999999999532        9.1149861707784774E-002
   4.2899999999999530        5.3879594181542013E-002
   4.3099999999999525        7.8493893168877948E-002
   4.3299999999999521        7.3690966399548530E-002
   4.3399999999999519       0.11434837398681921     
   4.3499999999999517       0.10239877781418072     
   4.3599999999999515       0.12538029294598901     
   4.3699999999999513       0.12253222348770007     
   4.3799999999999510       0.13194040776713614     
   4.3899999999999508       0.13356293589772708     
   4.3999999999999506       0.13204006287455999     
   4.4099999999999504       0.12844517635160999     
   4.4199999999999502       0.13048096294502595     
   4.4299999999999500       0.13302496593552074     
   4.4399999999999498       0.12992061412720393     
   4.4499999999999496       0.12666028896801518     
   4.4599999999999493       0.11955253916422878     
   4.4699999999999491       0.11262184522410441     
   4.4799999999999489       0.11994152184501460     
   4.4899999999999487        8.9324474598256653E-002
   4.4999999999999485        6.8735684237245312E-002
   4.5199999999999481       0.10777300972178029     
   4.5299999999999478        7.7707685759498435E-002
   4.5399999999999476       0.11452083748123944     
   4.5499999999999474        8.1403440662875276E-002
   4.5599999999999472       0.11398999866870416     
   4.5699999999999470       0.11421721221376678     
   4.5799999999999468       0.12158804997679887     
   4.5899999999999466       0.11909561128162846     
   4.5999999999999464       0.11406363342088577     
   4.6099999999999461       0.11742398583259715     
   4.6199999999999459       0.11430278969523169     
   4.6299999999999457       0.11548150046340458     
   4.6399999999999455       0.11062862076436250     
   4.6499999999999453       0.10065254474990384     
   4.6599999999999451       0.11343367109665045     
   4.6699999999999449       0.11501365809085007     
   4.6799999999999446       0.11336970578278180     
   4.6899999999999444       0.10365914090950562     
   4.6999999999999442        8.9586326471733368E-002
   4.7099999999999440        7.8195645489626972E-002
   4.7199999999999438        8.5370156248314469E-002
   4.7299999999999436        9.9537737402995360E-002
   4.7399999999999434        9.4000364081077273E-002
   4.7499999999999432        7.2949282277914418E-002
   4.7599999999999429        6.3760537587803978E-002
   4.7899999999999423        9.0652298315802196E-002
   4.7999999999999421       0.10172079111825512     
   4.8099999999999419        3.8601804458635786E-002
   4.8199999999999417        5.6558416042573334E-002
   4.8299999999999415        5.6692438683263492E-002
   4.8399999999999412        4.3328063331282453E-002
   4.8499999999999410        9.6591468930620372E-002
   4.8599999999999408        9.9698171472017344E-002
   4.8699999999999406        9.9713301135695376E-002
   4.8799999999999404        9.9876695715179389E-002
   4.8899999999999402        9.7858076797267893E-002
   4.8999999999999400        9.9825724679582617E-002
   4.9099999999999397        9.4748278411365905E-002
   4.9199999999999395        9.7657573808586695E-002
   4.9299999999999393        9.8009178846411443E-002
   4.9399999999999391        9.8253749493462550E-002
   4.9499999999999389        9.9621158412797881E-002
   4.9599999999999387        8.8457454202981331E-002
   4.9699999999999385        8.0334760652617229E-002
   4.9799999999999383        8.4307086858740318E-002
   4.9899999999999380        7.3483968239761693E-002
   4.9999999999999378        8.3874769056158108E-002
