                    1                    4                    1                    0
                    1                    4                    0                    1
                    1                    5                    1                    0
                    2                    4                    0                    1
                   11                    1                    1                    0
                   11                    1                    0                    1
                   11                    2                    1                    0
                   12                    1                    0                    1
                   14                   19                    1                    0
                   14                   19                    0                    1
                   14                   20                    1                    0
                   15                   19                    0                    1
                   13                   14
                    3                    4
