                    5                   17                    0                    1
                    5                   16                    0                   -1
                   15                    2                    0                   -1
                   15                    3                    0                    1
                   14                    3                   -1                    0
                   15                    3                    1                    0
                    3                   17                    0                    1
                    3                   17                    0                    1
                    3                   18                    0                    1
                    3                   18                    0                    1
                    9                    6                    0                   -1
                    8                    6                   -1                    0
                    7                    6                   -1                    0
                    9                    6                    0                   -1
                    9                    5                    0                   -1
                    7                    7                    0                    1
                   10                    5                    1                    0
                    7                    6                    0                   -1
                    9                    5                   -1                    0
                    8                    6                    1                    0
                    9                    6                    1                    0
                    9                    6                    0                    1
                    1                   14                   -1                    0
                    1                   14                   -1                    0
                   10                   20                   -1                    0
                   10                   20                   -1                    0
                   10                   13                    1                    0
                   10                   14                    0                    1
                   10                   13                    0                   -1
                    9                   12                    0                   -1
                    8                   12                   -1                    0
                    9                   13                   -1                    0
                    9                   12                    1                    0
                    8                   12                   -1                    0
                    9                   12                    1                    0
                    9                   13                    0                    1
                    2                    5                    0                   -1
                    2                    6                    0                    1
                   12                    3                    0                   -1
                   12                    4                    0                    1
                   18                   16                    1                    0
                   16                   16                   -1                    0
                   18                   15                    0                   -1
                   17                   16                    1                    0
                   18                   16                    0                    1
                   17                   16                   -1                    0
                   12                   14                    0                   -1
                   12                   15                    0                    1
                   13                   14                    1                    0
                   14                   14                    1                    0
                   13                   14                   -1                    0
                   13                   14                    1                    0
                   12                   14                   -1                    0
                   14                   14                    1                    0
                   13                   14                    1                    0
                   14                   14                    1                    0
                    5                    7                    0                    1
                    5                    6                    0                   -1
