                    4                    1                    1                    0
                    4                   12                    0                    1
                    4                   13                    1                    0
                    4                   20                    1                    0
                    4                   20                    0                    1
                    5                   12                    1                    0
                    5                   12                    0                    1
                    5                   20                    0                    1
                    6                   12                    1                    0
                    6                   15                    1                    0
                    6                   15                    0                    1
                    7                   11                    1                    0
                    7                   11                    0                    1
                    7                   14                    1                    0
                    7                   14                    0                    1
                    8                   11                    1                    0
                    8                   14                    1                    0
                    9                   11                    1                    0
                    9                   13                    1                    0
                    9                   13                    0                    1
                   10                   11                    0                    1
                   10                   12                    0                    1
                   11                    7                    1                    0
                   12                    6                    1                    0
                   12                    6                    0                    1
                   13                    4                    0                    1
                   13                    5                    0                    1
                   18                    2                    1                    0
                   18                    2                    0                    1
                   18                    3                    1                    0
                   18                   10                    1                    0
                   18                   10                    0                    1
                   18                   11                    0                    1
                   18                   12                    1                    0
                   19                    2                    0                    1
                   19                   10                    0                    1
                   19                   11                    0                    1
                   13                    4
                   11                    7
