                   14                   15                    0                   -1
                   15                   15                    1                    0
                   15                    5                   -1                    0
                   14                   15                   -1                    0
                   15                   15                    1                    0
                   14                    5                   -1                    0
                   15                   14                    0                   -1
                   14                    6                    0                    1
                   14                    7                    0                    1
                   15                   15                    0                    1
                   14                    6                    0                   -1
                   14                   15                   -1                    0
                   14                    5                    0                   -1
                   14                   16                    0                    1
                   14                    6                    0                    1
                   13                   16                   -1                    0
                   14                    7                    0                    1
                   13                   15                    0                   -1
                   14                    6                    0                   -1
                   13                   16                    0                    1
                   14                    5                    0                   -1
                   15                    5                    1                    0
                   12                   16                   -1                    0
                   16                    5                    1                    0
                   16                    6                    0                    1
                   16                    5                    0                   -1
                   13                   16                    1                    0
                   14                   16                    1                    0
                   16                    4                    0                   -1
                   13                   16                   -1                    0
                   14                   16                    1                    0
                   16                    5                    0                    1
                   16                    6                    0                    1
                   16                    7                    0                    1
                   17                    7                    1                    0
                   14                   15                    0                   -1
                   17                    6                    0                   -1
                   14                   16                    0                    1
                   15                   16                    1                    0
                   16                    6                   -1                    0
                   16                    7                    0                    1
                   14                   16                   -1                    0
                   15                    7                   -1                    0
                   16                    7                    1                    0
                   14                   15                    0                   -1
                   15                    7                   -1                    0
                   16                    7                    1                    0
                   13                   15                   -1                    0
                   13                   14                    0                   -1
                   17                    7                    1                    0
                   13                   15                    0                    1
                   14                   15                    1                    0
                   14                   16                    0                    1
                   16                    7                   -1                    0
                   16                    8                    0                    1
                   16                    7                    0                   -1
                   16                    8                    0                    1
                   16                    7                    0                   -1
                   14                   15                    0                   -1
                   15                   15                    1                    0
                   17                    7                    1                    0
                   17                    6                    0                   -1
                   16                   15                    1                    0
                   16                   16                    0                    1
                   16                   15                    0                   -1
                   18                    6                    1                    0
                   19                    6                    1                    0
                   18                    6                   -1                    0
                   18                    7                    0                    1
                   15                   15                   -1                    0
                   18                    6                    0                   -1
                   18                    5                    0                   -1
                   14                   15                   -1                    0
                   18                    6                    0                    1
                   18                    5                    0                   -1
                   18                    6                    0                    1
                   14                   16                    0                    1
                   17                    6                   -1                    0
                   15                   16                    1                    0
                   16                    6                   -1                    0
                   16                    7                    0                    1
                   14                   16                   -1                    0
                   13                   16                   -1                    0
                   16                    6                    0                   -1
                   16                    5                    0                   -1
                   13                   15                    0                   -1
                   17                    5                    1                    0
                   12                   15                   -1                    0
                   12                   16                    0                    1
                   11                   16                   -1                    0
