                    5                   19                    0                    1
                    6                   19                    1                    0
                    1                    7                   -1                    0
                   20                    7                    0                    0
                   20                    8                    0                    1
                    7                   19                    1                    0
                    7                   20                    0                    1
                    1                    8                    0                    0
                    7                   19                    0                   -1
                    7                   18                    0                   -1
                   20                    8                    0                    0
                    7                   19                    0                    1
                    7                   18                    0                   -1
                   20                    9                    0                    1
                    6                   18                   -1                    0
                    1                    9                    0                    0
                    6                   17                    0                   -1
                    6                   18                    0                    1
                    6                   17                    0                   -1
                    7                   17                    1                    0
                    7                   18                    0                    1
                   20                    9                    0                    0
                   20                    8                    0                   -1
                    6                   18                   -1                    0
                    6                   19                    0                    1
                    6                   20                    0                    1
                   20                    9                    0                    1
                    6                    1                    0                    0
                    6                   20                    0                    0
                    6                   19                    0                   -1
                   19                    9                   -1                    0
                    6                   18                    0                   -1
                    6                   19                    0                    1
                    6                   18                    0                   -1
                    6                   19                    0                    1
                    6                   18                    0                   -1
                    6                   17                    0                   -1
                   19                   10                    0                    1
                    6                   18                    0                    1
                   19                    9                    0                   -1
                   20                    9                    1                    0
                   20                   10                    0                    1
                   20                    9                    0                   -1
                    6                   17                    0                   -1
                    5                   17                   -1                    0
                    5                   18                    0                    1
                    5                   17                    0                   -1
                    4                   17                   -1                    0
                    5                   17                    1                    0
                   20                   10                    0                    1
                   19                   10                   -1                    0
                    4                   17                   -1                    0
                    4                   16                    0                   -1
                   20                   10                    1                    0
                    4                   17                    0                    1
                   19                   10                   -1                    0
                    4                   16                    0                   -1
                   20                   10                    1                    0
                    1                   10                    0                    0
                    4                   15                    0                   -1
                    4                   14                    0                   -1
                    3                   14                   -1                    0
                    2                   14                   -1                    0
                    3                   14                    1                    0
                    2                   14                   -1                    0
                   20                   10                    0                    0
                   20                    9                    0                   -1
                    1                   14                   -1                    0
                   20                    8                    0                   -1
                   20                   14                    0                    0
                   20                   13                    0                   -1
                    1                    8                    0                    0
                   20                   12                    0                   -1
                   20                   11                    0                   -1
                   20                    8                    0                    0
                   19                    8                   -1                    0
                   20                   12                    0                    1
                   19                   12                   -1                    0
                   19                    9                    0                    1
                   19                   11                    0                   -1
                   18                    9                   -1                    0
                   19                   10                    0                   -1
                   18                   10                   -1                    0
                   18                   10                    0                    1
                   17                   12                    0                   -1
                   17                   13                    0                    1
                    1                   19                    0                   -1
                    1                   20                    0                    1
                   17                   14                   -1                    0
                   17                   14                   -1                    0
                   17                   13                    0                   -1
                   17                   14                    0                    1
                    6                   15                    1                    0
                    6                   14                    0                   -1
                    7                   14                    1                    0
                    6                   15                    1                    0
                    6                   14                    0                   -1
                    7                   13                    0                   -1
                    6                   13                   -1                    0
                    5                   13                   -1                    0
                    4                   13                   -1                    0
                    4                   14                    0                    1
                    5                   14                    1                    0
                    5                   15                    0                    1
                    6                   13                    0                   -1
                    7                   13                    1                    0
                    5                   16                    0                    1
                    8                   13                    1                    0
                    4                   16                   -1                    0
                    9                   13                    1                    0
                    9                   14                    0                    1
                    8                   14                   -1                    0
                    4                   17                    0                    1
                    8                   15                    0                    1
                    7                   15                   -1                    0
                    7                   16                    0                    1
                    5                   17                    1                    0
                    5                   16                    0                   -1
                    6                   16                   -1                    0
                    6                   17                    0                    1
                    7                   17                    1                    0
                    5                   15                    0                   -1
                    5                   14                    0                   -1
                    7                   16                    0                   -1
                    4                   14                   -1                    0
                    7                   17                    0                    1
                    4                   13                    0                   -1
                    4                   12                    0                   -1
                    8                   17                    1                    0
                    3                   12                   -1                    0
                    8                   16                    0                   -1
                    3                   13                    0                    1
                    8                   17                    0                    1
                    9                   17                    1                    0
                   10                   17                    1                    0
                    4                   13                    1                    0
                    4                   14                    0                    1
                   10                   18                    0                    1
                   10                   17                    0                   -1
                    4                   13                    0                   -1
                    4                   14                    0                    1
                    3                   14                   -1                    0
                    2                   14                   -1                    0
                    3                   14                    1                    0
                    9                   17                   -1                    0
                    3                   15                    0                    1
                   10                   17                    1                    0
                    4                   15                    1                    0
                   11                   17                    1                    0
                   12                   17                    1                    0
                   11                   17                   -1                    0
                   11                   18                    0                    1
                   11                   19                    0                    1
                   11                   20                    0                    1
                    4                   14                    0                   -1
                   11                   19                    0                   -1
                   11                   20                    0                    1
                   10                   20                   -1                    0
                    3                   14                   -1                    0
                   10                    1                    0                    0
                    4                   14                    1                    0
                   10                   20                    0                    0
                   11                   20                    1                    0
                   12                   20                    1                    0
                    3                   14                   -1                    0
                   13                   20                    1                    0
                    2                   14                   -1                    0
                    3                   14                    1                    0
                    2                   14                   -1                    0
                    1                   14                   -1                    0
                   13                    1                    0                    0
                   14                    1                    1                    0
                   15                    1                    1                    0
                    2                   14                    1                    0
                   15                    2                    0                    1
                    3                   14                    1                    0
                   15                    3                    0                    1
                    4                   14                    1                    0
                   14                    3                   -1                    0
                   13                    3                   -1                    0
                   13                    2                    0                   -1
                    4                   15                    0                    1
                   14                    2                    1                    0
                   14                    3                    0                    1
                   15                    3                    1                    0
                   14                    3                   -1                    0
                   14                    2                    0                   -1
                   14                    1                    0                   -1
                   14                    2                    0                    1
                   14                    3                    0                    1
                   14                    2                    0                   -1
                   14                    1                    0                   -1
                    3                   15                   -1                    0
                   13                    1                   -1                    0
                   13                    2                    0                    1
                   14                    2                    1                    0
                   14                    1                    0                   -1
                    3                   16                    0                    1
                    4                   16                    1                    0
                   14                   20                    0                    0
