                    1                    4                    1                    0
                    1                    6                    1                    0
                    1                   12                    1                    0
                    1                   12                    0                    1
                    1                   13                    1                    0
                    2                    4                    1                    0
                    2                    6                    1                    0
                    2                    7                    1                    0
                    2                    7                    0                    1
                    2                    8                    0                    1
                    2                    9                    1                    0
                    2                   12                    0                    1
                    3                    4                    0                    1
                    3                    5                    1                    0
                    3                    6                    1                    0
                    3                    7                    0                    1
                    3                    8                    0                    1
                    3                   16                    1                    0
                    3                   16                    0                    1
                    3                   17                    1                    0
                    4                    1                    0                    1
                    4                    2                    1                    0
                    4                    5                    0                    1
                    4                   16                    1                    0
                    4                   17                    1                    0
                    4                   18                    1                    0
                    4                   18                    0                    1
                    4                   19                    0                    1
                    4                   20                    0                    1
                    5                    2                    1                    0
                    5                   16                    1                    0
                    5                   17                    0                    1
                    6                    1                    0                    1
                    6                   16                    1                    0
                    6                   18                    1                    0
                    6                   18                    0                    1
                    6                   19                    0                    1
                    6                   20                    0                    1
                    7                   15                    1                    0
                    7                   15                    0                    1
                    7                   18                    1                    0
                    8                   15                    1                    0
                    8                   18                    1                    0
                    9                   15                    1                    0
                    9                   16                    1                    0
                    9                   16                    0                    1
                    9                   17                    1                    0
                    9                   18                    0                    1
                    9                   19                    1                    0
                   10                   15                    1                    0
                   10                   16                    0                    1
                   10                   19                    1                    0
                   11                    4                    0                    1
                   11                    5                    1                    0
                   11                   11                    1                    0
                   11                   13                    1                    0
                   11                   13                    0                    1
                   11                   14                    1                    0
                   11                   15                    0                    1
                   11                   16                    1                    0
                   11                   19                    0                    1
                   11                   20                    1                    0
                   12                    1                    0                    1
                   12                    2                    0                    1
                   12                    3                    1                    0
                   12                    5                    1                    0
                   12                    7                    1                    0
                   12                    7                    0                    1
                   12                    8                    0                    1
                   12                    9                    0                    1
                   12                   10                    0                    1
                   12                   12                    0                    1
                   12                   14                    1                    0
                   12                   16                    0                    1
                   12                   17                    0                    1
                   12                   18                    1                    0
                   12                   20                    0                    1
                   13                    3                    1                    0
                   13                    4                    1                    0
                   13                    4                    0                    1
                   13                    7                    0                    1
                   13                    8                    1                    0
                   13                   14                    0                    1
                   13                   15                    0                    1
                   13                   16                    1                    0
                   13                   18                    1                    0
                   14                    1                    1                    0
                   14                    1                    0                    1
                   14                    2                    0                    1
                   14                    4                    0                    1
                   14                    5                    0                    1
                   14                    6                    0                    1
                   14                    7                    0                    1
                   14                   15                    1                    0
                   14                   15                    0                    1
                   14                   18                    1                    0
                   15                   13                    1                    0
                   15                   13                    0                    1
                   15                   14                    1                    0
                   15                   15                    0                    1
                   15                   16                    0                    1
                   15                   17                    1                    0
                   15                   18                    1                    0
                   16                   13                    0                    1
                   16                   17                    0                    1
                   17                   14                    1                    0
                   17                   14                    0                    1
                   17                   15                    0                    1
                   17                   16                    0                    1
                   17                   17                    1                    0
                   18                    4                    1                    0
                   18                    4                    0                    1
                   18                    5                    1                    0
                   18                    9                    1                    0
                   18                    9                    0                    1
                   18                   10                    1                    0
                   18                   11                    1                    0
                   18                   11                    0                    1
                   18                   12                    0                    1
                   18                   13                    1                    0
                   18                   14                    0                    1
                   18                   15                    0                    1
                   18                   16                    0                    1
                   19                    4                    1                    0
                   19                    5                    0                    1
                   19                    6                    0                    1
                   19                    7                    1                    0
                   19                    9                    0                    1
                   19                   11                    0                    1
                   19                   12                    0                    1
                   20                    4                    1                    0
                   20                    6                    1                    0
                   20                    6                    0                    1
                   12                   12
                   11                    4
