                    1                   17                    1                    0
                    1                   17                    0                    1
                    8                    1                    1                    0
                    8                   18                    1                    0
                    8                   18                    0                    1
                    8                   19                    0                    1
                    8                   20                    0                    1
                    9                   14                    1                    0
                    9                   14                    0                    1
                    9                   15                    0                    1
                    9                   16                    1                    0
                    9                   18                    1                    0
                   10                    5                    1                    0
                   10                    5                    0                    1
                   10                    6                    0                    1
                   10                    7                    1                    0
                   10                   14                    1                    0
                   10                   16                    0                    1
                   10                   17                    0                    1
                   11                    5                    0                    1
                   11                    6                    0                    1
                   17                   18                    1                    0
                   17                   18                    0                    1
                   17                   19                    1                    0
                   18                   18                    0                    1
                   19                   18                    1                    0
                   20                   18                    1                    0
                   11                   14
                   19                   18
