                    1                    2                    0                    0
                   20                    2                    0                    0
                   13                   10                    0                    1
                   19                    2                   -1                    0
                   19                    1                    0                   -1
                   18                    1                   -1                    0
                   13                    9                    0                   -1
                   13                   10                    0                    1
                   18                   20                    0                    0
                   14                   10                    1                    0
                   15                   10                    1                    0
                   17                   20                   -1                    0
                   15                   11                    0                    1
                   15                   12                    0                    1
                   18                   20                    1                    0
                   15                   11                    0                   -1
                   18                    1                    0                    0
                   15                   10                    0                   -1
                   18                    2                    0                    1
                   19                    2                    1                    0
                   18                    2                   -1                    0
                   18                    1                    0                   -1
                   19                    1                    1                    0
                   14                   10                   -1                    0
                   13                   10                   -1                    0
                   13                    9                    0                   -1
                   20                    1                    1                    0
                   20                   20                    0                    0
                   20                    1                    0                    0
                   20                   20                    0                    0
                   14                    9                    1                    0
                   14                    8                    0                   -1
                   14                    9                    0                    1
                   20                    1                    0                    0
                   14                    8                    0                   -1
                   14                    9                    0                    1
                   20                   20                    0                    0
                    1                   20                    0                    0
                    1                   19                    0                   -1
                   13                    9                   -1                    0
                   14                    9                    1                    0
                   20                   19                    0                    0
                   13                    9                   -1                    0
                    1                   19                    0                    0
                   20                   19                    0                    0
                   20                   18                    0                   -1
                   20                   19                    0                    1
                   20                   20                    0                    1
                   14                    9                    1                    0
                   20                    1                    0                    0
                   13                    9                   -1                    0
                   19                    1                   -1                    0
                   19                    2                    0                    1
                   18                    2                   -1                    0
                   12                    9                   -1                    0
                   19                    2                    1                    0
                   20                    2                    1                    0
                   13                    9                    1                    0
                   20                    1                    0                   -1
                   20                    2                    0                    1
                   13                   10                    0                    1
                   13                    9                    0                   -1
