                    5                    1                    1                    0
                    5                    2                    0                    1
                   16                   19                   -1                    0
                    6                    2                    1                    0
                    5                    2                   -1                    0
                    4                    2                   -1                    0
                    4                    3                    0                    1
                    4                    2                    0                   -1
                    3                    2                   -1                    0
                    4                    2                    1                    0
                   17                   19                    1                    0
                    5                    2                    1                    0
                    5                    3                    0                    1
                    5                    4                    0                    1
                   16                   19                   -1                    0
                   15                   19                   -1                    0
                    5                    5                    0                    1
                    4                    5                   -1                    0
                   15                   20                    0                    1
                    5                    5                    1                    0
                   15                   19                    0                   -1
                    5                    4                    0                   -1
                   16                   19                    1                    0
                   17                   19                    1                    0
                    6                    4                    1                    0
                    7                    4                    1                    0
                   16                   19                   -1                    0
                   17                   19                    1                    0
                    7                    3                    0                   -1
                    7                    2                    0                   -1
                    8                    2                    1                    0
                    7                    2                   -1                    0
                    7                    3                    0                    1
                   18                   19                    1                    0
                    7                    4                    0                    1
                   19                   19                    1                    0
                    7                    3                    0                   -1
                   18                   19                   -1                    0
                   17                   19                   -1                    0
                   16                   19                   -1                    0
                   17                   19                    1                    0
                   17                   20                    0                    1
                    7                    4                    0                    1
                   17                    1                    0                    0
                    6                    4                   -1                    0
                   17                   20                    0                    0
                   17                   19                    0                   -1
                   18                   19                    1                    0
                    7                    4                    1                    0
                    6                    4                   -1                    0
                    6                    3                    0                   -1
                    6                    4                    0                    1
                   19                   19                    1                    0
                   19                   20                    0                    1
                   19                   19                    0                   -1
                   18                   19                   -1                    0
                   17                   19                   -1                    0
                    5                    4                   -1                    0
                    5                    3                    0                   -1
                   17                   18                    0                   -1
                   16                   18                   -1                    0
                   17                   18                    1                    0
                    5                    2                    0                   -1
                   16                   18                   -1                    0
                   17                   18                    1                    0
                   18                   18                    1                    0
                   18                   17                    0                   -1
                    5                    1                    0                   -1
                    5                   20                    0                    0
                   18                   18                    0                    1
                    5                    1                    0                    0
                   17                   18                   -1                    0
                    5                    2                    0                    1
                   17                   19                    0                    1
                    5                    1                    0                   -1
                    6                    1                    1                    0
                    5                    1                   -1                    0
                    6                    1                    1                    0
                    6                   20                    0                    0
                   18                   19                    1                    0
                   17                   19                   -1                    0
                   17                   20                    0                    1
                    7                   20                    1                    0
                   17                    1                    0                    0
                   18                    1                    1                    0
                   19                    1                    1                    0
                    6                   20                   -1                    0
                    7                   20                    1                    0
                   19                    2                    0                    1
                    7                    1                    0                    0
                    7                   20                    0                    0
                   18                    2                   -1                    0
                    8                   20                    1                    0
                   17                    2                   -1                    0
                   16                    2                   -1                    0
                    8                    1                    0                    0
                   17                    2                    1                    0
                   16                    2                   -1                    0
                    9                    1                    1                    0
                   17                    2                    1                    0
                   10                    1                    1                    0
                   17                    3                    0                    1
                   17                    2                    0                   -1
                   18                    2                    1                    0
                   10                    2                    0                    1
                   18                    1                    0                   -1
                   18                   20                    0                    0
                   17                   20                   -1                    0
                   18                   20                    1                    0
                   11                    2                    1                    0
                   17                   20                   -1                    0
                   16                   20                   -1                    0
                   11                    3                    0                    1
                   11                    2                    0                   -1
                   16                    1                    0                    0
                   16                    2                    0                    1
                   11                    1                    0                   -1
                   16                    3                    0                    1
                   15                    3                   -1                    0
                   11                   20                    0                    0
                   12                   20                    1                    0
                   12                    1                    0                    0
                   13                    1                    1                    0
                   15                    2                    0                   -1
                   14                    2                   -1                    0
                   13                    2                    0                    1
