                   15                    8                    0                   -1
                   19                   13                    0                   -1
                   15                    9                    0                    1
                   14                    9                   -1                    0
                   15                    9                    1                    0
                   20                   13                    1                    0
                   19                   13                   -1                    0
                   15                   10                    0                    1
                   16                   10                    1                    0
                   16                    9                    0                   -1
                   15                    9                   -1                    0
                   20                   13                    1                    0
                   14                    9                   -1                    0
                    1                   13                    0                    0
                    2                   13                    1                    0
                   15                    9                    1                    0
                    1                   13                   -1                    0
                   14                    9                   -1                    0
                   15                    9                    1                    0
                   20                   13                    0                    0
                   15                   10                    0                    1
                   19                   13                   -1                    0
                   15                    9                    0                   -1
                   18                   13                   -1                    0
                   16                    9                    1                    0
                   15                    9                   -1                    0
                   17                   13                   -1                    0
                   14                    9                   -1                    0
                   16                   13                   -1                    0
                   16                   12                    0                   -1
                   17                   12                    1                    0
                   17                   11                    0                   -1
                   16                   11                   -1                    0
                   17                   11                    1                    0
                   17                   10                    0                   -1
                   14                    8                    0                   -1
                   18                   10                    1                    0
                   14                    9                    0                    1
                   17                   10                   -1                    0
                   17                   11                    0                    1
                   17                   12                    0                    1
                   17                   13                    0                    1
                   16                   13                   -1                    0
                   15                    9                    1                    0
                   14                    9                   -1                    0
                   16                   12                    0                   -1
                   16                   11                    0                   -1
                   15                    9                    1                    0
                   15                    8                    0                   -1
                   16                    8                    1                    0
                   16                    9                    0                    1
                   17                    9                    1                    0
                   16                   12                    0                    1
                   17                    8                    0                   -1
                   17                    9                    0                    1
                   16                    9                   -1                    0
                   16                    8                    0                   -1
                   15                   12                   -1                    0
                   15                   11                    0                   -1
                   15                   12                    0                    1
                   14                   12                   -1                    0
                   17                    8                    1                    0
                   16                    8                   -1                    0
                   16                    9                    0                    1
                   16                   10                    0                    1
                   15                   12                    1                    0
                   14                   12                   -1                    0
                   14                   11                    0                   -1
                   13                   11                   -1                    0
                   15                   10                   -1                    0
                   16                   10                    1                    0
                   17                   10                    1                    0
                   17                   11                    0                    1
                   17                   10                    0                   -1
                   16                   10                   -1                    0
                   16                   11                    0                    1
                   15                   11                   -1                    0
                   12                   11                   -1                    0
                   16                   11                    1                    0
                   16                   12                    0                    1
                   13                   11                    1                    0
                   12                   11                   -1                    0
                   15                   12                   -1                    0
                   14                   12                   -1                    0
                   12                   12                    0                    1
                   11                   12                   -1                    0
                   12                   12                    1                    0
                   12                   11                    0                   -1
                   13                   11                    1                    0
                   13                   12                   -1                    0
                   13                   12                    0                    1
                    9                   20                    1                    0
                    8                    1                    0                    0
                    7                    1                   -1                    0
                    9                   19                    0                   -1
                    9                   18                    0                   -1
                    8                    1                    1                    0
                    9                   19                    0                    1
                    8                   20                    0                    0
                    8                   19                    0                   -1
                    8                   20                    0                    1
                    8                   19                   -1                    0
                    8                    1                    0                    0
                    8                    2                    0                    1
                    8                    3                    0                    1
                    8                   20                    0                    1
                    9                    3                    1                    0
                    8                    3                   -1                    0
                    8                    2                    0                   -1
                    8                    1                    0                   -1
                    8                   20                    0                    0
                    5                   13                   -1                    0
                    4                   13                   -1                    0
                    5                   13                   -1                    0
