                    2                    8                   -1                    0
                    2                    7                    0                   -1
                    3                    3                    0                    1
                    2                    3                   -1                    0
                    3                    3                    1                    0
                    2                    8                    0                    1
                    2                    3                   -1                    0
                    3                    3                    1                    0
                    3                    8                    1                    0
                    2                    3                   -1                    0
                    3                    9                    0                    1
                    3                    8                    0                   -1
                    3                    9                    0                    1
                    3                    8                    0                   -1
                    3                    3                    1                    0
                    3                    2                    0                   -1
                    4                    8                    1                    0
                    2                    2                   -1                    0
                    4                    7                    0                   -1
                    3                    7                   -1                    0
                    3                    8                    0                    1
                    1                    2                   -1                    0
                    2                    8                   -1                    0
                    1                    1                    0                   -1
                    1                    2                    0                    1
                    1                    1                    0                   -1
                    1                    8                   -1                    0
                   20                    8                    0                    0
                    2                    1                    1                    0
                    2                    2                    0                    1
                    2                    1                    0                   -1
                    2                    2                    0                    1
                    1                    8                    0                    0
                    1                    2                   -1                    0
                    2                    2                    1                    0
                    2                    1                    0                   -1
                    1                    9                    0                    1
                    1                    1                   -1                    0
                    1                   20                    0                    0
                   20                    9                    0                    0
                   20                   20                    0                    0
                   20                    8                    0                   -1
                   19                   20                   -1                    0
                    1                    8                    0                    0
                    2                    8                    1                    0
                   19                    1                    0                    0
                    3                    8                    1                    0
                   19                    2                    0                    1
                    3                    9                    0                    1
                    3                    8                    0                   -1
                    3                    9                    0                    1
                   19                    1                    0                   -1
                    4                    9                    1                    0
                    4                   10                    0                    1
                    3                   10                   -1                    0
                    2                   10                   -1                    0
                    1                   10                   -1                    0
                    1                    9                    0                   -1
                   19                   20                    0                    0
                    1                   10                    0                    1
                    2                   10                    1                    0
                    3                   10                    1                    0
                   20                   20                    1                    0
                    3                    9                    0                   -1
                    4                    9                    1                    0
                    4                   10                    0                    1
                    1                   20                    0                    0
                    4                    9                    0                   -1
                    4                   10                    0                    1
                    5                   10                    1                    0
                    6                   10                    1                    0
                   20                   20                    0                    0
                    1                   20                    0                    0
                    5                   10                   -1                    0
                   20                   20                    0                    0
                    5                   11                    0                    1
                    4                   11                   -1                    0
                   20                   19                    0                   -1
                    1                   19                    0                    0
                    1                   20                    0                    1
                    5                   11                    1                    0
                    5                   10                    0                   -1
                    1                   19                    0                   -1
                    5                    9                    0                   -1
                    1                   18                    0                   -1
                    4                    9                   -1                    0
                    1                   19                    0                    1
                    5                    9                    1                    0
                    5                   10                    0                    1
                    1                   18                    0                   -1
                   20                   18                    0                    0
                    5                   11                    0                    1
                    5                   12                    0                    1
                    1                   18                    0                    0
                    5                   11                    0                   -1
                    1                   19                    0                    1
                    6                   11                    1                    0
                    5                   11                   -1                    0
                   20                   19                    0                    0
                    5                   12                    0                    1
                   20                   20                    0                    1
                    4                   12                   -1                    0
                   20                   19                    0                   -1
                   20                   20                    0                    1
                    1                   20                    0                    0
                    5                   12                    1                    0
                    5                   13                    0                    1
                    5                   14                    0                    1
                    1                    1                    0                    0
                    2                    1                    1                    0
                    2                   20                    0                    0
                    5                   13                    0                   -1
                    1                   20                   -1                    0
                    2                   20                    1                    0
                    6                   13                    1                    0
                    6                   12                    0                   -1
                    2                    1                    0                    0
                    5                   12                   -1                    0
                    2                   20                    0                    0
                    5                   11                    0                   -1
                    5                   12                    0                    1
                    2                    1                    0                    0
                    5                   11                    0                   -1
                    5                   10                    0                   -1
