                    1                   18                    0                   -1
                    1                   19                    0                    1
                   16                    2                    0                   -1
                   15                    2                   -1                    0
                   14                    2                   -1                    0
                   20                   19                    0                    0
                   20                   20                    0                    1
                   15                    2                    1                    0
                   20                   19                    0                   -1
                   16                    2                    1                    0
                    1                   19                    0                    0
                   16                    3                    0                    1
                    1                   20                    0                    1
                    1                   19                    0                   -1
                   20                   19                    0                    0
                   15                    3                   -1                    0
                   16                    3                    1                    0
                   16                    4                    0                    1
                    1                   19                    0                    0
                    2                   19                    1                    0
                   16                    5                    0                    1
                    1                   19                   -1                    0
                   17                    5                    1                    0
                    1                   20                    0                    1
                   16                    5                   -1                    0
                    1                   19                    0                   -1
                   16                    4                    0                   -1
                   16                    3                    0                   -1
                   17                    3                    1                    0
                    2                   19                    1                    0
                    1                   19                   -1                    0
                    1                   18                    0                   -1
                    1                   17                    0                   -1
                   16                    3                   -1                    0
                   16                    2                    0                   -1
                   16                    3                    0                    1
                    1                   18                    0                    1
                    1                   19                    0                    1
                    1                   20                    0                    1
                    1                    1                    0                    0
                   17                    3                    1                    0
                    1                   20                    0                    0
                   20                   20                    0                    0
                    1                   20                    0                    0
                   20                   20                    0                    0
                   16                    3                   -1                    0
                    1                   20                    0                    0
                    1                   19                    0                   -1
                   20                   19                    0                    0
                   19                   19                   -1                    0
                   20                   19                    1                    0
                    1                   19                    0                    0
                   16                    4                    0                    1
                    1                   20                    0                    1
                    1                   19                    0                   -1
                   20                   19                    0                    0
                   20                   20                    0                    1
                   17                    4                    1                    0
                   20                   19                    0                   -1
                   19                   19                   -1                    0
                   20                   19                    1                    0
                   20                   18                    0                   -1
                   17                    3                    0                   -1
                   20                   17                    0                   -1
                   20                   18                    0                    1
                   17                    4                    0                    1
                   16                    4                   -1                    0
                   16                    3                    0                   -1
