                    1                    1                    1                    0
                    1                    1                    0                    1
                    1                    2                    1                    0
                    1                    4                    0                    1
                    1                    5                    1                    0
                    1                   20                    0                    1
                    2                    2                    0                    1
                    2                    3                    1                    0
                    2                    5                    0                    1
                    2                    6                    1                    0
                    2                    8                    1                    0
                    2                    8                    0                    1
                    2                    9                    0                    1
                    2                   10                    1                    0
                    2                   19                    1                    0
                    2                   19                    0                    1
                    2                   20                    0                    1
                    3                    3                    0                    1
                    3                    4                    0                    1
                    3                    5                    1                    0
                    3                    6                    1                    0
                    3                    8                    1                    0
                    3                    9                    1                    0
                    3                    9                    0                    1
                    3                   14                    1                    0
                    3                   14                    0                    1
                    3                   15                    1                    0
                    3                   19                    0                    1
                    3                   20                    1                    0
                    4                    5                    0                    1
                    4                    8                    1                    0
                    4                    9                    1                    0
                    4                   10                    1                    0
                    4                   10                    0                    1
                    4                   11                    1                    0
                    4                   14                    1                    0
                    4                   15                    1                    0
                    4                   16                    1                    0
                    4                   16                    0                    1
                    4                   17                    0                    1
                    4                   18                    0                    1
                    4                   19                    1                    0
                    5                    7                    1                    0
                    5                    7                    0                    1
                    5                    9                    1                    0
                    5                   10                    0                    1
                    5                   13                    1                    0
                    5                   13                    0                    1
                    5                   14                    1                    0
                    5                   14                    0                    1
                    5                   16                    1                    0
                    5                   18                    1                    0
                    5                   18                    0                    1
                    6                    7                    0                    1
                    6                    8                    1                    0
                    6                    9                    1                    0
                    6                   13                    0                    1
                    6                   16                    0                    1
                    6                   17                    0                    1
                    7                    3                    1                    0
                    7                    3                    0                    1
                    7                    4                    1                    0
                    7                    8                    0                    1
                    7                   13                    1                    0
                    7                   13                    0                    1
                    7                   14                    0                    1
                    7                   15                    1                    0
                    7                   16                    1                    0
                    8                    1                    1                    0
                    8                    4                    0                    1
                    8                    5                    1                    0
                    8                    8                    1                    0
                    8                    8                    0                    1
                    8                    9                    0                    1
                    8                   10                    0                    1
                    8                   11                    1                    0
                    8                   13                    1                    0
                    8                   15                    0                    1
                    8                   20                    1                    0
                    8                   20                    0                    1
                    9                    1                    1                    0
                    9                    3                    1                    0
                    9                    3                    0                    1
                    9                    4                    0                    1
                    9                    8                    1                    0
                    9                   11                    0                    1
                    9                   12                    1                    0
                    9                   13                    0                    1
                    9                   20                    1                    0
                   10                    3                    0                    1
                   10                    4                    1                    0
                   10                    8                    0                    1
                   10                    9                    0                    1
                   10                   10                    0                    1
                   10                   11                    0                    1
                   10                   12                    1                    0
                   10                   12                    0                    1
                   10                   13                    1                    0
                   10                   17                    1                    0
                   10                   17                    0                    1
                   10                   18                    1                    0
                   10                   20                    0                    1
                   11                    3                    1                    0
                   11                    3                    0                    1
                   11                    9                    1                    0
                   11                    9                    0                    1
                   11                   10                    1                    0
                   11                   12                    1                    0
                   11                   13                    1                    0
                   11                   17                    1                    0
                   11                   18                    0                    1
                   11                   19                    1                    0
                   12                    3                    0                    1
                   12                    4                    0                    1
                   12                    5                    0                    1
                   12                    6                    0                    1
                   12                    7                    1                    0
                   12                    8                    1                    0
                   12                    8                    0                    1
                   12                   10                    0                    1
                   12                   11                    0                    1
                   12                   13                    0                    1
                   12                   14                    1                    0
                   12                   17                    1                    0
                   12                   19                    1                    0
                   13                    2                    1                    0
                   13                    2                    0                    1
                   13                    3                    1                    0
                   13                    6                    1                    0
                   13                    6                    0                    1
                   13                    7                    1                    0
                   13                    7                    0                    1
                   13                   14                    0                    1
                   13                   15                    0                    1
                   13                   16                    1                    0
                   13                   17                    1                    0
                   13                   19                    0                    1
                   13                   20                    1                    0
                   14                    2                    0                    1
                   14                    6                    1                    0
                   14                    7                    0                    1
                   14                    8                    1                    0
                   14                   10                    1                    0
                   14                   10                    0                    1
                   14                   11                    1                    0
                   14                   16                    0                    1
                   14                   20                    1                    0
                   15                    1                    1                    0
                   15                    1                    0                    1
                   15                    2                    0                    1
                   15                    3                    1                    0
                   15                    5                    1                    0
                   15                    5                    0                    1
                   15                    7                    1                    0
                   15                    7                    0                    1
                   15                   10                    0                    1
                   15                   20                    1                    0
                   16                    1                    1                    0
                   16                    3                    0                    1
                   16                    4                    1                    0
                   16                    5                    0                    1
                   16                    6                    0                    1
                   16                   13                    1                    0
                   16                   13                    0                    1
                   16                   14                    0                    1
                   16                   15                    1                    0
                   16                   20                    1                    0
                   17                    4                    1                    0
                   17                    9                    1                    0
                   17                    9                    0                    1
                   17                   10                    1                    0
                   17                   11                    1                    0
                   17                   11                    0                    1
                   17                   12                    1                    0
                   17                   13                    1                    0
                   17                   15                    1                    0
                   17                   20                    0                    1
                   18                    4                    0                    1
                   18                    5                    1                    0
                   18                    6                    1                    0
                   18                    6                    0                    1
                   18                    7                    1                    0
                   18                    9                    0                    1
                   18                   11                    0                    1
                   18                   13                    0                    1
                   18                   14                    0                    1
                   19                    5                    1                    0
                   19                    6                    1                    0
                   19                    7                    0                    1
                   19                    8                    1                    0
                   19                   10                    1                    0
                   19                   10                    0                    1
                   19                   11                    1                    0
                   20                    1                    1                    0
                   20                    4                    1                    0
                   20                    4                    0                    1
                   20                    6                    0                    1
                   20                    7                    0                    1
                   20                   10                    0                    1
                   20                   20                    1                    0
                   20                   20                    0                    1
                    8                    3
                    4                   20
