                   14                   18                    0                   -1
                   15                   18                    1                    0
                   15                   19                    0                    1
                   15                   20                    0                    1
                   15                    1                    0                    0
                   16                    1                    1                    0
                    4                   18                   -1                    0
                   15                    1                   -1                    0
                    3                   18                   -1                    0
                    2                   18                   -1                    0
                   14                    1                   -1                    0
                    2                   17                    0                   -1
                    1                   17                   -1                    0
                   14                    2                    0                    1
                    1                   18                    0                    1
                   14                    3                    0                    1
                    2                   18                    1                    0
                    1                   18                   -1                    0
                   13                    3                   -1                    0
                   20                   18                    0                    0
                   19                   18                   -1                    0
                   13                    4                    0                    1
                   14                    4                    1                    0
                   19                   19                    0                    1
                   20                   19                    1                    0
                   14                    5                    0                    1
                   15                    5                    1                    0
                   20                   20                    0                    1
                   20                   19                    0                   -1
                   16                    5                    1                    0
                   17                    5                    1                    0
                   20                   18                    0                   -1
                   19                   18                   -1                    0
                   16                    5                   -1                    0
                   15                    5                   -1                    0
                   19                   19                    0                    1
                   20                   19                    1                    0
                   20                   18                    0                   -1
                   20                   19                    0                    1
                   20                   20                    0                    1
                   20                    1                    0                    0
                   20                   20                    0                    0
                   20                   19                    0                   -1
                   14                    5                   -1                    0
                   20                   20                    0                    1
                   20                   19                    0                   -1
                   15                    5                    1                    0
                   20                   20                    0                    1
                   20                   19                    0                   -1
                   20                   18                    0                   -1
                   19                   18                   -1                    0
                   19                   19                    0                    1
                   19                   18                    0                   -1
                   18                   18                   -1                    0
                   17                   18                   -1                    0
                   16                   18                   -1                    0
                   14                    5                   -1                    0
                   16                   17                    0                   -1
                   14                    4                    0                   -1
                   14                    3                    0                   -1
                   14                    4                    0                    1
                   16                   18                    0                    1
                   16                   17                    0                   -1
                   15                   17                   -1                    0
                   14                   17                   -1                    0
                   14                    3                    0                   -1
                   14                   16                    0                   -1
                   13                   16                   -1                    0
                   15                    3                    1                    0
                   13                   15                    0                   -1
                   15                    2                    0                   -1
                   13                   16                    0                    1
                   16                    2                    1                    0
                   14                   16                    1                    0
                   14                   17                    0                    1
                   14                   16                    0                   -1
                   14                   17                    0                    1
                   14                   16                    0                   -1
                   14                   15                    0                   -1
                   14                   16                    0                    1
                   16                    1                    0                   -1
                   15                    1                   -1                    0
                   13                   16                   -1                    0
                   14                   16                    1                    0
                   16                    1                    1                    0
                   14                   15                    0                   -1
                   16                    2                    0                    1
                   16                    1                    0                   -1
                   14                   16                    0                    1
                   16                    2                    0                    1
                   15                    2                   -1                    0
                   15                    3                    0                    1
                   15                    4                    0                    1
                   14                    4                   -1                    0
                   14                    3                    0                   -1
                   13                    3                   -1                    0
                   14                   17                    0                    1
                   13                    4                    0                    1
                   15                   17                    1                    0
                   14                    4                    1                    0
                   15                    4                    1                    0
                   16                    4                    1                    0
                   15                   16                    0                   -1
                   15                   17                    0                    1
                   15                    4                   -1                    0
                   15                    3                    0                   -1
                   15                   16                    0                   -1
                   15                   15                    0                   -1
                   16                   15                    1                    0
                   16                   16                    0                    1
                   16                   15                    0                   -1
                   17                   15                    1                    0
                   17                   16                    0                    1
                   16                    3                    1                    0
                   17                    3                    1                    0
                   17                   17                    0                    1
                   17                   16                    0                   -1
                   17                    4                    0                    1
                   18                   16                    1                    0
                   18                    4                    1                    0
                   18                   17                    0                    1
                   18                    3                    0                   -1
                   19                    3                    1                    0
                   20                    3                    1                    0
                   18                   18                    0                    1
                   20                    2                    0                   -1
                   18                   19                    0                    1
                   20                    3                    0                    1
                   17                   19                   -1                    0
                   18                   19                    1                    0
                   19                    3                   -1                    0
                   19                    4                    0                    1
                   17                   19                   -1                    0
                   18                    4                   -1                    0
                   18                    3                    0                   -1
                   17                   18                    0                   -1
                   17                    3                   -1                    0
                   17                    4                    0                    1
                   17                    5                    0                    1
                   17                    4                    0                   -1
                   17                    5                    0                    1
                   17                    4                    0                   -1
                   16                    4                   -1                    0
                   15                    4                   -1                    0
                   16                   18                   -1                    0
                   15                   18                   -1                    0
