                   18                    8                    1                    0
                    6                    5                    1                    0
                    7                    5                    1                    0
                    6                    5                   -1                    0
                   17                    8                   -1                    0
                    6                    4                    0                   -1
                    6                    3                    0                   -1
                    6                    2                    0                   -1
                    6                    3                    0                    1
                   18                    8                    1                    0
                   18                    7                    0                   -1
                    5                    3                   -1                    0
                    4                    3                   -1                    0
                    5                    3                    1                    0
                    6                    3                    1                    0
                    6                    2                    0                   -1
                   17                    7                   -1                    0
                    6                    3                    0                    1
                   17                    8                    0                    1
                   16                    8                   -1                    0
                    7                    3                    1                    0
                    6                    3                   -1                    0
                   17                    8                    1                    0
                    5                    3                   -1                    0
                   17                    7                    0                   -1
                   17                    8                    0                    1
                   18                    8                    1                    0
                    5                    4                    0                    1
                   18                    9                    0                    1
                    6                    4                    1                    0
                   19                    9                    1                    0
                   19                    8                    0                   -1
                    5                    4                   -1                    0
                   18                    8                   -1                    0
                    6                    4                    1                    0
                    6                    5                    0                    1
                   18                    7                    0                   -1
                   19                    7                    1                    0
                    7                    5                    1                    0
                   18                    7                   -1                    0
                   17                    7                   -1                    0
                   17                    8                    0                    1
                    7                    6                    0                    1
                   18                    8                    1                    0
                   19                    8                    1                    0
                    6                    6                   -1                    0
                    5                    6                   -1                    0
                    6                    6                    1                    0
                   18                    8                   -1                    0
                    5                    6                   -1                    0
                   17                    8                   -1                    0
                   17                    7                    0                   -1
                    5                    7                    0                    1
                   17                    6                    0                   -1
                    5                    6                    0                   -1
                    6                    6                    1                    0
                   18                    6                    1                    0
                    7                    6                    1                    0
                   17                    6                   -1                    0
                    7                    5                    0                   -1
                    7                    6                    0                    1
                   17                    7                    0                    1
                   17                    8                    0                    1
                   18                    8                    1                    0
                   19                    8                    1                    0
                   19                    9                    0                    1
                    7                    5                    0                   -1
                    7                    4                    0                   -1
                   18                    9                   -1                    0
                   18                   10                    0                    1
                    7                    5                    0                    1
                   18                    9                    0                   -1
                   18                   10                    0                    1
                    6                    5                   -1                    0
                   18                    9                    0                   -1
                    7                    5                    1                    0
                   17                    9                   -1                    0
                   17                    8                    0                   -1
                   17                    9                    0                    1
                   16                    9                   -1                    0
                   16                    8                    0                   -1
                   16                    9                    0                    1
                   17                    9                    1                    0
                    7                    6                    0                    1
                   17                    8                    0                   -1
                   18                    8                    1                    0
                    7                    5                    0                   -1
                    6                    5                   -1                    0
                    6                    4                    0                   -1
                   17                    8                   -1                    0
                    6                    3                    0                   -1
                    5                    3                   -1                    0
                    4                    3                   -1                    0
                   16                    8                   -1                    0
                   17                    8                    1                    0
                   17                    9                    0                    1
                   17                    8                    0                   -1
                    3                    3                   -1                    0
                    3                    2                    0                   -1
                   17                    7                    0                   -1
                    2                    2                   -1                    0
                   17                    6                    0                   -1
                   18                    6                    1                    0
                    3                    2                    1                    0
                    3                    3                    0                    1
                   17                    6                   -1                    0
                   17                    7                    0                    1
                    3                    2                    0                   -1
                   18                    7                    1                    0
                   19                    7                    1                    0
                   20                    7                    1                    0
                   20                    8                    0                    1
                    3                    1                    0                   -1
                    3                   20                    0                    0
                   19                    8                   -1                    0
                    3                    1                    0                    0
                   20                    8                    1                    0
                   20                    7                    0                   -1
                    4                    1                    1                    0
                   19                    7                   -1                    0
                    4                   20                    0                    0
                    3                   20                   -1                    0
                    2                   20                   -1                    0
                   18                    7                   -1                    0
                    3                   20                    1                    0
                   17                    7                   -1                    0
