                   20                   10                    0                    0
                    2                   10                    1                    0
                    2                    9                    0                   -1
                    2                   10                    0                    1
                    1                   10                    0                    0
                    2                   10                    1                    0
                    7                   20                    0                    0
                    7                   19                    0                   -1
                    7                   18                    0                   -1
                    7                    2                    0                    1
                    7                   19                    0                    1
                    7                   20                    0                    1
                    7                    1                    0                    0
                    7                    2                    0                    1
                    8                    2                    1                    0
                    8                    1                    0                   -1
                    8                    2                    0                    1
                    6                    2                   -1                    0
                    7                    2                    1                    0
                    7                    2                   -1                    0
                   17                   18                    0                    1
                   17                   18                    0                    1
                    3                   13                   -1                    0
                    5                   13                    1                    0
                    4                   13                   -1                    0
                    4                   13                    1                    0
                    6                   19                    1                    0
                    6                   18                    0                   -1
                    6                   19                    0                    1
                    6                   20                    0                    1
                    6                   19                    1                    0
                    6                   20                    0                    1
                   14                   13                   -1                    0
                   14                   14                    0                    1
                   14                   13                   -1                    0
                   14                   13                    0                   -1
                   14                   12                    0                   -1
                   13                   13                   -1                    0
                   13                   12                   -1                    0
                   13                   14                    0                    1
                   13                   13                    0                   -1
                   14                   13                    1                    0
                   14                   12                    0                   -1
                   13                   12                   -1                    0
                    9                    5                    0                    1
                    9                    5                    0                    1
                    1                    3                   -1                    0
                    1                    3                   -1                    0
                    1                   14                    0                   -1
                   20                   15                    0                    0
                   19                   15                   -1                    0
                   20                   14                    0                    0
                   19                   14                   -1                    0
                   20                   14                    1                    0
                   20                   15                    1                    0
                   20                   16                    0                    1
                    1                   14                    0                    0
                   20                   15                    0                   -1
                   19                   15                   -1                    0
                    1                   15                    0                    1
                   20                   15                    1                    0
                    1                   15                    0                    0
                    1                   14                    0                   -1
                    1                   13                    0                   -1
                   20                   15                    0                    0
                    2                   13                    1                    0
                    3                   13                    1                    0
                    4                   13                    1                    0
                   20                   16                    0                    1
                    3                   13                   -1                    0
                   19                   16                   -1                    0
                    2                   13                   -1                    0
                   19                   17                    0                    1
                    2                   14                    0                    1
                   19                   18                    0                    1
                   19                   17                    0                   -1
                   19                   16                    0                   -1
                   20                   16                    1                    0
                   19                   16                   -1                    0
                   19                   17                    0                    1
                   18                   17                   -1                    0
                   19                   17                    1                    0
                   19                   16                    0                   -1
                   19                   17                    0                    1
                   20                   17                    1                    0
                    2                   13                    0                   -1
                    2                   14                    0                    1
                    1                   17                    0                    0
