                    2                   12                    1                    0
                    2                   12                    0                    1
                    2                   13                    1                    0
                    3                   12                    1                    0
                    3                   13                    1                    0
                    4                   12                    0                    1
                    6                    7                    0                    1
                   11                    7                    1                    0
                   11                    7                    0                    1
                   11                    8                    1                    0
                   12                    7                    0                    1
                   16                   19                    1                    0
                   16                   19                    0                    1
                   16                   20                    1                    0
                   17                   13                    1                    0
                   17                   13                    0                    1
                   17                   14                    1                    0
                   17                   19                    0                    1
                   18                   13                    0                    1
                    6                    7
                    4                   15
