                    2                    5                    1                    0
                    3                    5                    1                    0
                    5                    2                   -1                    0
                    6                    2                    1                    0
                    4                    5                    1                    0
                    3                    5                   -1                    0
                    2                    5                   -1                    0
                    1                    5                   -1                    0
                    7                    2                    1                    0
                    1                    6                    0                    1
                    1                    5                    0                   -1
                    7                    1                    0                   -1
                    7                    2                    0                    1
                    7                    3                    0                    1
                    8                    3                    1                    0
                   20                    5                    0                    0
                    7                    3                   -1                    0
                    7                    2                    0                   -1
                    1                    5                    0                    0
                    7                    1                    0                   -1
                    7                    2                    0                    1
                    8                    2                    1                    0
                   20                    5                    0                    0
                    1                    5                    0                    0
                    9                    2                    1                    0
                    9                    3                    0                    1
                    9                    2                    0                   -1
                    1                    6                    0                    1
                    1                    5                    0                   -1
                    8                    2                   -1                    0
                    1                    6                    0                    1
                    8                    1                    0                   -1
                    1                    7                    0                    1
                    1                    6                    0                   -1
                   20                    6                    0                    0
                    8                    2                    0                    1
                    7                    2                   -1                    0
                    6                    2                   -1                    0
                    6                    3                    0                    1
                    5                    3                   -1                    0
                    1                    6                    0                    0
                    1                    5                    0                   -1
                    5                    4                    0                    1
                    5                    3                    0                   -1
                    1                    4                    0                   -1
                    1                    5                    0                    1
                    5                    2                    0                   -1
                    5                    3                    0                    1
                   20                    5                    0                    0
                   20                    6                    0                    1
                   20                    5                    0                   -1
                    5                    2                    0                   -1
                   20                    6                    0                    1
                    5                    3                    0                    1
                   20                    5                    0                   -1
                    6                    3                    1                    0
                    1                    5                    0                    0
                    5                    3                   -1                    0
                    2                    5                    1                    0
                    1                    5                   -1                    0
                    6                    3                    1                    0
                    6                    4                    0                    1
                    2                    5                    1                    0
                    1                    5                   -1                    0
                    6                    5                    0                    1
                    6                    6                    0                    1
                    1                    4                    0                   -1
                    6                    5                    0                   -1
                    6                    6                    0                    1
                    6                    5                    0                   -1
                    1                    3                    0                   -1
                    5                    5                   -1                    0
                    1                    4                    0                    1
                    1                    3                    0                   -1
                    1                    4                    0                    1
