                   20                    9                    0                   -1
                    1                    9                    0                    0
                   19                    1                    0                    0
                   20                    9                    0                    0
                   19                   20                    0                    0
                   20                    8                    0                   -1
                   20                    7                    0                   -1
                   20                    8                    0                    1
                    1                    8                    0                    0
                    1                    7                    0                   -1
                    2                    7                    1                    0
                    2                    8                    0                    1
                    2                    7                    0                   -1
                   18                   20                   -1                    0
                    1                    7                   -1                    0
                   19                   20                    1                    0
                   20                    7                    0                    0
                   20                    8                    0                    1
                   20                   20                    1                    0
                   19                    8                   -1                    0
                   19                    9                    0                    1
                   19                   20                   -1                    0
                   19                   10                    0                    1
                   19                    1                    0                    0
                   19                    9                    0                   -1
                   19                    8                    0                   -1
                   19                    9                    0                    1
                   18                    9                   -1                    0
                   19                   20                    0                    0
                   19                    9                    1                    0
                   19                    1                    0                    0
                   19                   20                    0                    0
                   19                   19                    0                   -1
                   20                   19                    1                    0
                   20                   18                    0                   -1
                    1                   18                    0                    0
                   20                   18                    0                    0
                   19                    8                    0                   -1
                   20                   19                    0                    1
                   20                    8                    1                    0
                   19                   19                   -1                    0
                   19                   18                    0                   -1
                   19                    8                   -1                    0
                   20                    8                    1                    0
                   20                    7                    0                   -1
                   19                    7                   -1                    0
                   19                   17                    0                   -1
                   20                    7                    1                    0
                   19                   18                    0                    1
                   18                   18                   -1                    0
                   20                    6                    0                   -1
                   19                   18                    1                    0
                   19                   17                    0                   -1
                   19                   18                    0                    1
                   20                   18                    1                    0
                    1                    6                    0                    0
                   19                   18                   -1                    0
                   20                   18                    1                    0
                   19                   18                   -1                    0
                    1                    7                    0                    1
                    1                    8                    0                    1
                    1                    7                    0                   -1
                   20                    7                    0                    0
                   18                   18                   -1                    0
                    1                    7                    0                    0
                    2                    7                    1                    0
                    3                    7                    1                    0
                   18                   17                    0                   -1
                    2                    7                   -1                    0
                    2                    6                    0                   -1
                   18                   16                    0                   -1
                    2                    7                    0                    1
                   17                   16                   -1                    0
                   18                   16                    1                    0
                   18                   17                    0                    1
                   18                   18                    0                    1
                   17                   18                   -1                    0
                    2                    8                    0                    1
                   17                   17                    0                   -1
                   17                   18                    0                    1
                    2                    9                    0                    1
                   17                   19                    0                    1
                   17                   18                    0                   -1
                   18                   18                    1                    0
                   18                   17                    0                   -1
                    1                    9                   -1                    0
                   18                   16                    0                   -1
                   19                   16                    1                    0
                   18                   16                   -1                    0
                   17                   16                   -1                    0
                   20                    9                    0                    0
                    1                    9                    0                    0
                   17                   17                    0                    1
                   18                   17                    1                    0
                    2                    9                    1                    0
