                    1                    1                    0                    1
                    1                    2                    0                    1
                    1                    5                    0                    1
                    1                    6                    1                    0
                    1                    8                    1                    0
                    2                    6                    0                    1
                    2                    7                    0                    1
                    2                    9                    1                    0
                    2                    9                    0                    1
                    2                   10                    0                    1
                    2                   11                    1                    0
                    2                   13                    1                    0
                    2                   13                    0                    1
                    2                   14                    1                    0
                    3                    9                    0                    1
                    3                   10                    0                    1
                    3                   13                    0                    1
                    4                    4                    0                    1
                    4                    5                    0                    1
                    4                    6                    1                    0
                    5                    4                    1                    0
                    5                    4                    0                    1
                    5                    5                    0                    1
                    5                   16                    1                    0
                    5                   16                    0                    1
                    5                   17                    1                    0
                    6                    4                    0                    1
                    6                    5                    1                    0
                    6                   11                    1                    0
                    6                   11                    0                    1
                    6                   12                    0                    1
                    6                   13                    1                    0
                    6                   16                    0                    1
                    7                    1                    1                    0
                    7                    1                    0                    1
                    7                    2                    1                    0
                    7                    5                    1                    0
                    7                   11                    1                    0
                    7                   13                    0                    1
                    7                   14                    1                    0
                    8                    1                    1                    0
                    8                    2                    0                    1
                    8                    3                    0                    1
                    8                    4                    0                    1
                    8                   11                    1                    0
                    8                   14                    0                    1
                    8                   15                    1                    0
                    8                   18                    1                    0
                    8                   18                    0                    1
                    8                   19                    0                    1
                    8                   20                    1                    0
                    9                    1                    0                    1
                    9                    2                    1                    0
                    9                   10                    1                    0
                    9                   10                    0                    1
                    9                   13                    1                    0
                    9                   13                    0                    1
                    9                   14                    0                    1
                    9                   18                    0                    1
                    9                   19                    0                    1
                   10                    1                    1                    0
                   10                    1                    0                    1
                   10                   10                    1                    0
                   10                   13                    0                    1
                   10                   14                    1                    0
                   11                    1                    1                    0
                   11                    6                    1                    0
                   11                    6                    0                    1
                   11                    7                    1                    0
                   11                   10                    1                    0
                   12                    1                    0                    1
                   12                    2                    1                    0
                   12                    6                    0                    1
                   12                   10                    0                    1
                   12                   11                    0                    1
                   12                   12                    1                    0
                   12                   19                    1                    0
                   12                   19                    0                    1
                   12                   20                    1                    0
                   13                    2                    1                    0
                   13                   12                    0                    1
                   13                   13                    0                    1
                   13                   14                    0                    1
                   13                   15                    0                    1
                   13                   19                    0                    1
                   14                    1                    1                    0
                   14                    1                    0                    1
                   14                    3                    1                    0
                   14                    3                    0                    1
                   14                    4                    0                    1
                   14                    5                    1                    0
                   14                    9                    1                    0
                   14                    9                    0                    1
                   14                   10                    0                    1
                   14                   11                    0                    1
                   14                   12                    0                    1
                   14                   13                    1                    0
                   14                   18                    1                    0
                   14                   18                    0                    1
                   14                   19                    0                    1
                   14                   20                    1                    0
                   15                    3                    0                    1
                   15                    4                    0                    1
                   15                    8                    1                    0
                   15                    8                    0                    1
                   15                   12                    1                    0
                   15                   12                    0                    1
                   15                   18                    1                    0
                   15                   20                    0                    1
                   16                    4                    1                    0
                   16                    4                    0                    1
                   16                    5                    0                    1
                   16                    6                    1                    0
                   16                    8                    0                    1
                   16                    9                    1                    0
                   16                   12                    1                    0
                   16                   18                    1                    0
                   17                    1                    1                    0
                   17                    1                    0                    1
                   17                    2                    0                    1
                   17                    3                    1                    0
                   17                    4                    0                    1
                   17                    5                    0                    1
                   17                    9                    0                    1
                   17                   10                    0                    1
                   17                   11                    0                    1
                   17                   13                    1                    0
                   17                   13                    0                    1
                   17                   14                    1                    0
                   17                   17                    1                    0
                   17                   17                    0                    1
                   18                    1                    0                    1
                   18                    2                    0                    1
                   18                    8                    1                    0
                   18                    8                    0                    1
                   18                    9                    0                    1
                   18                   10                    1                    0
                   18                   13                    1                    0
                   18                   14                    1                    0
                   18                   17                    1                    0
                   19                    1                    0                    1
                   19                    2                    1                    0
                   19                    7                    1                    0
                   19                    7                    0                    1
                   19                   13                    1                    0
                   19                   14                    1                    0
                   19                   15                    1                    0
                   19                   15                    0                    1
                   19                   16                    0                    1
                   19                   19                    1                    0
                   19                   19                    0                    1
                   19                   20                    0                    1
                   20                    1                    1                    0
                   20                    2                    0                    1
                   20                    3                    1                    0
                   20                    5                    1                    0
                   20                    5                    0                    1
                   20                    6                    0                    1
                   20                    8                    1                    0
                   20                    8                    0                    1
                   20                    9                    0                    1
                   20                   10                    0                    1
                   20                   11                    0                    1
                   20                   12                    0                    1
                   20                   14                    0                    1
                   20                   19                    0                    1
                   20                   20                    0                    1
                   19                   10
                    4                    4
