                   16                    9                    0                    1
                   17                    9                    1                    0
                    1                    2                    0                    1
                   16                    9                   -1                    0
                    1                    1                    0                   -1
                   17                    9                    1                    0
                    1                   20                    0                    0
                    2                   20                    1                    0
                   18                    9                    1                    0
                   18                   10                    0                    1
                   18                    9                    0                   -1
                    1                   20                   -1                    0
                   18                   10                    0                    1
                    1                   19                    0                   -1
                   19                   10                    1                    0
                   18                   10                   -1                    0
                   18                    9                    0                   -1
                   20                   19                    0                    0
                   20                   18                    0                   -1
                   18                   10                    0                    1
                   17                   10                   -1                    0
                    1                   18                    0                    0
                   18                   10                    1                    0
                   17                   10                   -1                    0
                   17                   11                    0                    1
                   16                   11                   -1                    0
                    2                   18                    1                    0
                    1                   18                   -1                    0
                   15                   11                   -1                    0
                   20                   18                    0                    0
                   15                   12                    0                    1
                    1                   18                    0                    0
                   15                   11                    0                   -1
                   15                   10                    0                   -1
                   15                   11                    0                    1
                   20                   18                    0                    0
                    1                   18                    0                    0
                   14                   11                   -1                    0
                   14                   10                    0                   -1
                   14                    9                    0                   -1
                   20                   18                    0                    0
                   13                    9                   -1                    0
                   19                   18                   -1                    0
                   13                    8                    0                   -1
                   13                    9                    0                    1
                   18                   18                   -1                    0
                   13                    8                    0                   -1
                   13                    9                    0                    1
                   14                    9                    1                    0
                   15                    9                    1                    0
                   19                   18                    1                    0
                   16                    9                    1                    0
                   15                    9                   -1                    0
                   14                    9                   -1                    0
                   13                    9                   -1                    0
                   19                   17                    0                   -1
                   19                   18                    0                    1
                   20                   18                    1                    0
                   13                   10                    0                    1
                   13                   11                    0                    1
                   13                   10                    0                   -1
                   20                   17                    0                   -1
                   13                    9                    0                   -1
                   20                   18                    0                    1
                    1                   18                    0                    0
                   13                    8                    0                   -1
                    1                   17                    0                   -1
                   13                    7                    0                   -1
                    2                   17                    1                    0
                   13                    8                    0                    1
                   13                    9                    0                    1
                   13                    8                    0                   -1
                    1                   17                   -1                    0
                    1                   16                    0                   -1
                   12                    8                   -1                    0
                    1                   15                    0                   -1
                   12                    9                    0                    1
                   20                   15                    0                    0
                   19                   15                   -1                    0
                   19                   16                    0                    1
                   13                    9                    1                    0
                   13                   10                    0                    1
                   13                    9                    0                   -1
                   18                   16                   -1                    0
                   19                   16                    1                    0
                   19                   15                    0                   -1
                   20                   15                    1                    0
                   12                    9                   -1                    0
                   12                    8                    0                   -1
                   11                    8                   -1                    0
                   12                    8                    1                    0
                   11                    8                   -1                    0
                   12                    8                    1                    0
                   20                   16                    0                    1
                   20                   17                    0                    1
                   13                    8                    1                    0
                   13                    9                    0                    1
                   20                   16                    0                   -1
                   14                    9                    1                    0
                    1                   16                    0                    0
                   15                    9                    1                    0
                    1                   17                    0                    1
                   20                   17                    0                    0
                   19                   17                   -1                    0
                   14                    9                   -1                    0
                   18                   17                   -1                    0
                   14                    8                    0                   -1
                   14                    9                    0                    1
                   14                    8                    0                   -1
                   13                    8                   -1                    0
                   13                    7                    0                   -1
                   13                    6                    0                   -1
                   13                    5                    0                   -1
                   12                    5                   -1                    0
                   13                    5                    1                    0
                   19                   17                    1                    0
                   14                    5                    1                    0
                   15                    5                    1                    0
                   15                    6                    0                    1
                   20                   17                    1                    0
                   19                   17                   -1                    0
                   16                    6                    1                    0
                   19                   16                    0                   -1
                   17                    6                    1                    0
                   17                    5                    0                   -1
                   19                   17                    0                    1
                   20                   17                    1                    0
                   19                   17                   -1                    0
                   20                   17                    1                    0
                   17                    4                    0                   -1
                   17                    5                    0                    1
                   17                    4                    0                   -1
                    1                   17                    0                    0
                   18                    4                    1                    0
                   17                    4                   -1                    0
                    2                   17                    1                    0
                   17                    5                    0                    1
                    1                   17                   -1                    0
                   17                    4                    0                   -1
                   16                    4                   -1                    0
                   16                    3                    0                   -1
                    2                   17                    1                    0
                    2                   18                    0                    1
                    2                   17                    0                   -1
                   16                    2                    0                   -1
                    2                   18                    0                    1
                    3                   18                    1                    0
                   17                    2                    1                    0
                    3                   19                    0                    1
                    2                   19                   -1                    0
                    3                   19                    1                    0
                    4                   19                    1                    0
                   16                    2                   -1                    0
                    4                   18                    0                   -1
                   16                    1                    0                   -1
                    4                   19                    0                    1
                    4                   18                    0                   -1
                   17                    1                    1                    0
