                    5                    7                    0                    1
                    5                    8                    0                    1
                    5                    7                    0                   -1
                    6                    7                    1                    0
                    5                    7                   -1                    0
                    5                    6                    0                   -1
                    5                    5                    0                   -1
                    5                    6                    0                    1
                    4                    6                   -1                    0
                    5                    6                    1                    0
                    5                    7                    0                    1
                    3                    4                    0                    1
                    5                    8                    0                    1
                    3                    3                    0                   -1
                    5                    7                    0                   -1
                    5                    8                    0                    1
                    3                    2                    0                   -1
                    5                    9                    0                    1
                    5                    8                    0                   -1
                    5                    7                    0                   -1
                    3                    3                    0                    1
                    4                    7                   -1                    0
                    3                    2                    0                   -1
                    5                    7                    1                    0
                    5                    8                    0                    1
                    6                    8                    1                    0
                    7                    8                    1                    0
                    7                    7                    0                   -1
                    8                    7                    1                    0
                    7                    7                   -1                    0
                    7                    6                    0                   -1
                    6                    6                   -1                    0
                    7                    6                    1                    0
                    2                    2                   -1                    0
                    7                    7                    0                    1
                    3                    2                    1                    0
                    4                    2                    1                    0
                    8                    7                    1                    0
                    3                    2                   -1                    0
                    4                    2                    1                    0
                    4                    3                    0                    1
                    4                    4                    0                    1
                    7                    7                   -1                    0
                    4                    3                    0                   -1
                    4                    2                    0                   -1
                    7                    8                    0                    1
                    8                    8                    1                    0
                    3                    2                   -1                    0
                    8                    7                    0                   -1
                    8                    8                    0                    1
                    4                    2                    1                    0
                    3                    2                   -1                    0
                    3                    3                    0                    1
                    7                    8                   -1                    0
                    3                    2                    0                   -1
                    6                    8                   -1                    0
                    3                    3                    0                    1
                    3                    4                    0                    1
                    7                    8                    1                    0
                    2                    4                   -1                    0
                    3                    4                    1                    0
                    6                    8                   -1                    0
                    6                    7                    0                   -1
                    3                    3                    0                   -1
                    6                    6                    0                   -1
                    6                    7                    0                    1
                    7                    7                    1                    0
                    8                    7                    1                    0
                    3                    2                    0                   -1
                    9                    7                    1                    0
                    3                    3                    0                    1
                    9                    8                    0                    1
                   10                    8                    1                    0
                   10                    9                    0                    1
                   10                    8                    0                   -1
                    9                    8                   -1                    0
                    2                    3                   -1                    0
                    3                    3                    1                    0
                    9                    7                    0                   -1
                    9                    8                    0                    1
                    9                    7                    0                   -1
                    8                    7                   -1                    0
                    3                    2                    0                   -1
                    9                    7                    1                    0
                    2                    2                   -1                    0
                    8                    7                   -1                    0
                    3                    2                    1                    0
                    8                    8                    0                    1
                    3                    3                    0                    1
                    8                    7                    0                   -1
                    7                    7                   -1                    0
                    8                    7                    1                    0
                    7                    7                   -1                    0
                    6                    7                   -1                    0
                    5                    7                   -1                    0
                    5                    6                    0                   -1
                    4                    6                   -1                    0
