                    1                    6                    0                    1
                    4                   11                    1                    0
                    4                   11                    0                    1
                    4                   12                    1                    0
                    5                   11                    0                    1
                    6                    2                    1                    0
                    6                    2                    0                    1
                    6                    3                    1                    0
                    6                   10                    0                    1
                    7                    2                    0                    1
                   10                    5                    0                    1
                   10                    6                    1                    0
                   11                    6                    1                    0
                   11                    7                    1                    0
                   11                    7                    0                    1
                   11                    8                    0                    1
                   11                    9                    1                    0
                   12                    6                    0                    1
                   12                    8                    0                    1
                   13                    3                    1                    0
                   13                    3                    0                    1
                   13                    4                    1                    0
                   13                   10                    1                    0
                   13                   10                    0                    1
                   13                   11                    0                    1
                   13                   12                    1                    0
                   14                    3                    0                    1
                   14                   10                    0                    1
                   14                   11                    0                    1
                   18                    4                    1                    0
                   18                    4                    0                    1
                   18                    5                    0                    1
                   18                    6                    1                    0
                   18                    7                    1                    0
                   18                    7                    0                    1
                   18                    8                    1                    0
                   19                    2                    1                    0
                   19                    2                    0                    1
                   19                    3                    1                    0
                   19                    4                    0                    1
                   19                    5                    1                    0
                   19                    6                    0                    1
                   19                    8                    1                    0
                   20                    2                    0                    1
                   20                    5                    0                    1
                   20                    6                    1                    0
                   20                    7                    1                    0
                   20                    7                    0                    1
                    6                   11
                    6                   10
