                    1                    2                    1                    0
                    1                    3                    1                    0
                    1                    3                    0                    1
                    1                    6                    1                    0
                    1                    6                    0                    1
                    1                    8                    1                    0
                    1                   11                    1                    0
                    1                   11                    0                    1
                    1                   12                    1                    0
                    1                   12                    0                    1
                    1                   13                    1                    0
                    1                   13                    0                    1
                    1                   14                    1                    0
                    1                   17                    1                    0
                    1                   17                    0                    1
                    1                   18                    0                    1
                    1                   19                    1                    0
                    1                   20                    1                    0
                    2                    2                    0                    1
                    2                    3                    1                    0
                    2                    3                    0                    1
                    2                    4                    0                    1
                    2                    5                    1                    0
                    2                    6                    0                    1
                    2                    7                    1                    0
                    2                    8                    0                    1
                    2                    9                    1                    0
                    2                   10                    1                    0
                    2                   10                    0                    1
                    2                   11                    1                    0
                    2                   11                    0                    1
                    2                   13                    1                    0
                    2                   14                    0                    1
                    2                   15                    0                    1
                    2                   16                    0                    1
                    2                   17                    1                    0
                    2                   17                    0                    1
                    2                   18                    1                    0
                    2                   19                    1                    0
                    2                   20                    1                    0
                    3                    3                    0                    1
                    3                    4                    0                    1
                    3                    7                    1                    0
                    3                    9                    1                    0
                    3                   10                    0                    1
                    3                   12                    1                    0
                    3                   12                    0                    1
                    3                   13                    1                    0
                    3                   13                    0                    1
                    3                   14                    1                    0
                    3                   15                    1                    0
                    3                   15                    0                    1
                    3                   16                    1                    0
                    3                   17                    1                    0
                    3                   18                    1                    0
                    3                   19                    1                    0
                    3                   20                    1                    0
                    4                    1                    1                    0
                    4                    1                    0                    1
                    4                    2                    0                    1
                    4                    3                    1                    0
                    4                    4                    1                    0
                    4                    4                    0                    1
                    4                    5                    1                    0
                    4                    7                    0                    1
                    4                    8                    1                    0
                    4                    9                    0                    1
                    4                   10                    0                    1
                    4                   11                    1                    0
                    4                   12                    1                    0
                    4                   13                    1                    0
                    4                   14                    1                    0
                    4                   15                    0                    1
                    4                   17                    0                    1
                    4                   19                    0                    1
                    5                    1                    1                    0
                    5                    2                    1                    0
                    5                    2                    0                    1
                    5                    4                    1                    0
                    5                    5                    1                    0
                    5                    8                    0                    1
                    5                    9                    0                    1
                    5                   10                    1                    0
                    5                   11                    0                    1
                    5                   12                    1                    0
                    5                   12                    0                    1
                    5                   14                    0                    1
                    5                   15                    1                    0
                    5                   16                    1                    0
                    5                   16                    0                    1
                    5                   17                    0                    1
                    5                   18                    0                    1
                    5                   19                    1                    0
                    6                    2                    0                    1
                    6                    3                    1                    0
                    6                    4                    1                    0
                    6                    5                    1                    0
                    6                    6                    1                    0
                    6                    6                    0                    1
                    6                    7                    0                    1
                    6                    8                    0                    1
                    6                    9                    0                    1
                    6                   12                    0                    1
                    6                   13                    0                    1
                    6                   14                    0                    1
                    6                   16                    1                    0
                    6                   18                    0                    1
                    6                   19                    1                    0
                    6                   19                    0                    1
                    6                   20                    0                    1
                    7                    1                    1                    0
                    7                    1                    0                    1
                    7                    2                    0                    1
                    7                    4                    0                    1
                    7                    6                    0                    1
                    7                    7                    0                    1
                    7                    8                    1                    0
                    7                   10                    1                    0
                    7                   10                    0                    1
                    7                   11                    0                    1
                    7                   12                    1                    0
                    7                   15                    1                    0
                    7                   15                    0                    1
                    7                   16                    1                    0
                    7                   16                    0                    1
                    7                   17                    1                    0
                    7                   19                    1                    0
                    8                    1                    1                    0
                    8                    1                    0                    1
                    8                    2                    0                    1
                    8                    3                    1                    0
                    8                    6                    1                    0
                    8                    6                    0                    1
                    8                    7                    1                    0
                    8                    8                    1                    0
                    8                    9                    1                    0
                    8                    9                    0                    1
                    8                   11                    1                    0
                    8                   11                    0                    1
                    8                   12                    1                    0
                    8                   12                    0                    1
                    8                   13                    1                    0
                    8                   15                    0                    1
                    8                   17                    0                    1
                    8                   18                    0                    1
                    8                   20                    1                    0
                    8                   20                    0                    1
                    9                    3                    1                    0
                    9                    4                    1                    0
                    9                    4                    0                    1
                    9                    5                    1                    0
                    9                    6                    1                    0
                    9                    7                    0                    1
                    9                    9                    0                    1
                    9                   10                    0                    1
                    9                   12                    1                    0
                    9                   13                    0                    1
                    9                   14                    1                    0
                    9                   15                    1                    0
                    9                   15                    0                    1
                    9                   16                    0                    1
                    9                   17                    1                    0
                    9                   20                    0                    1
                   10                    1                    1                    0
                   10                    1                    0                    1
                   10                    2                    1                    0
                   10                    3                    1                    0
                   10                    4                    1                    0
                   10                    5                    0                    1
                   10                    8                    1                    0
                   10                    8                    0                    1
                   10                    9                    1                    0
                   10                   12                    1                    0
                   10                   14                    1                    0
                   10                   15                    0                    1
                   10                   16                    0                    1
                   10                   18                    1                    0
                   10                   18                    0                    1
                   10                   19                    1                    0
                   11                    1                    1                    0
                   11                    1                    0                    1
                   11                    3                    1                    0
                   11                    5                    1                    0
                   11                    5                    0                    1
                   11                    6                    0                    1
                   11                    7                    1                    0
                   11                    8                    0                    1
                   11                    9                    1                    0
                   11                    9                    0                    1
                   11                   10                    1                    0
                   11                   11                    1                    0
                   11                   11                    0                    1
                   11                   14                    0                    1
                   11                   15                    1                    0
                   11                   18                    0                    1
                   11                   20                    1                    0
                   11                   20                    0                    1
                   12                    1                    1                    0
                   12                    3                    1                    0
                   12                    5                    1                    0
                   12                    7                    0                    1
                   12                    8                    1                    0
                   12                    9                    1                    0
                   12                   10                    1                    0
                   12                   11                    1                    0
                   12                   12                    1                    0
                   12                   12                    0                    1
                   12                   13                    0                    1
                   12                   14                    1                    0
                   12                   15                    0                    1
                   12                   16                    1                    0
                   12                   17                    1                    0
                   12                   17                    0                    1
                   12                   18                    1                    0
                   12                   19                    1                    0
                   12                   19                    0                    1
                   13                    1                    0                    1
                   13                    2                    0                    1
                   13                    5                    0                    1
                   13                    6                    0                    1
                   13                    7                    1                    0
                   13                    8                    1                    0
                   13                    9                    1                    0
                   13                   10                    1                    0
                   13                   11                    0                    1
                   13                   13                    1                    0
                   13                   13                    0                    1
                   13                   15                    1                    0
                   13                   15                    0                    1
                   13                   16                    1                    0
                   13                   16                    0                    1
                   13                   17                    1                    0
                   13                   17                    0                    1
                   13                   19                    0                    1
                   13                   20                    1                    0
                   14                    1                    1                    0
                   14                    1                    0                    1
                   14                    2                    0                    1
                   14                    3                    0                    1
                   14                    4                    1                    0
                   14                    7                    0                    1
                   14                    8                    1                    0
                   14                    8                    0                    1
                   14                    9                    1                    0
                   14                    9                    0                    1
                   14                   12                    1                    0
                   14                   12                    0                    1
                   14                   14                    1                    0
                   14                   14                    0                    1
                   14                   15                    1                    0
                   14                   15                    0                    1
                   14                   17                    0                    1
                   14                   18                    0                    1
                   14                   19                    1                    0
                   14                   20                    1                    0
                   15                    1                    1                    0
                   15                    4                    0                    1
                   15                    5                    0                    1
                   15                    6                    0                    1
                   15                    7                    1                    0
                   15                    8                    0                    1
                   15                    9                    0                    1
                   15                   10                    0                    1
                   15                   11                    0                    1
                   15                   14                    1                    0
                   15                   15                    0                    1
                   15                   16                    1                    0
                   15                   18                    1                    0
                   15                   18                    0                    1
                   15                   19                    1                    0
                   15                   19                    0                    1
                   16                    7                    0                    1
                   16                    8                    0                    1
                   16                    9                    0                    1
                   16                   10                    0                    1
                   16                   11                    1                    0
                   16                   14                    1                    0
                   16                   18                    1                    0
                   16                   19                    0                    1
                   16                   20                    0                    1
                   17                    1                    1                    0
                   17                    1                    0                    1
                   17                    2                    1                    0
                   17                    3                    1                    0
                   17                    3                    0                    1
                   17                    4                    1                    0
                   17                    5                    1                    0
                   17                    5                    0                    1
                   17                    6                    1                    0
                   17                    7                    1                    0
                   17                    7                    0                    1
                   17                    8                    1                    0
                   17                   10                    1                    0
                   17                   10                    0                    1
                   17                   12                    1                    0
                   17                   12                    0                    1
                   17                   13                    0                    1
                   17                   18                    0                    1
                   17                   19                    0                    1
                   17                   20                    1                    0
                   18                    2                    0                    1
                   18                    4                    0                    1
                   18                    6                    0                    1
                   18                    8                    1                    0
                   18                   10                    1                    0
                   18                   11                    1                    0
                   18                   11                    0                    1
                   18                   12                    1                    0
                   18                   12                    0                    1
                   18                   13                    0                    1
                   18                   14                    0                    1
                   18                   15                    0                    1
                   18                   16                    0                    1
                   18                   17                    0                    1
                   18                   18                    1                    0
                   18                   20                    0                    1
                   19                    2                    1                    0
                   19                    2                    0                    1
                   19                    3                    0                    1
                   19                    4                    1                    0
                   19                    5                    1                    0
                   19                    5                    0                    1
                   19                    6                    0                    1
                   19                    7                    0                    1
                   19                    9                    1                    0
                   19                    9                    0                    1
                   19                   10                    1                    0
                   19                   10                    0                    1
                   19                   11                    1                    0
                   19                   11                    0                    1
                   19                   12                    1                    0
                   19                   12                    0                    1
                   19                   13                    1                    0
                   19                   18                    0                    1
                   19                   19                    1                    0
                   20                    2                    1                    0
                   20                    4                    1                    0
                   20                    5                    0                    1
                   20                    6                    0                    1
                   20                    7                    1                    0
                   20                    8                    1                    0
                   20                    8                    0                    1
                   20                   10                    0                    1
                   20                   12                    1                    0
                   20                   13                    1                    0
                   20                   19                    0                    1
                   20                   20                    1                    0
                   15                    9
                   11                    4
