                    6                   18                    0                    1
                    6                   19                    0                    1
                    6                   18                    0                   -1
                    6                   17                    0                   -1
                    6                   18                    0                    1
                    9                    5                    0                   -1
                    6                   19                    0                    1
                    9                    6                    0                    1
                    8                    6                   -1                    0
                    9                    6                    1                    0
                    8                    6                   -1                    0
                    6                   18                    0                   -1
                    8                    7                    0                    1
                    8                    8                    0                    1
                    6                   17                    0                   -1
                    8                    9                    0                    1
                    8                   10                    0                    1
                    8                    9                    0                   -1
                    7                    9                   -1                    0
                    8                    9                    1                    0
                    8                    8                    0                   -1
                    8                    7                    0                   -1
                    6                   16                    0                   -1
                    9                    7                    1                    0
                   10                    7                    1                    0
                    9                    7                   -1                    0
                   10                    7                    1                    0
                    7                   16                    1                    0
                    7                   17                    0                    1
                   10                    8                    0                    1
                   10                    7                    0                   -1
                    7                   16                    0                   -1
                    6                   16                   -1                    0
                    9                    7                   -1                    0
                    9                    6                    0                   -1
                   10                    6                    1                    0
                    6                   17                    0                    1
                    9                    6                   -1                    0
                    9                    7                    0                    1
                   10                    7                    1                    0
                    9                    7                   -1                    0
                    9                    6                    0                   -1
                    6                   16                    0                   -1
                    9                    5                    0                   -1
                    9                    6                    0                    1
                    6                   17                    0                    1
                    8                    6                   -1                    0
                    8                    5                    0                   -1
                    6                   18                    0                    1
                    8                    6                    0                    1
                    6                   17                    0                   -1
                    6                   16                    0                   -1
                    9                    6                    1                    0
                    6                   17                    0                    1
                    8                    6                   -1                    0
                    9                    6                    1                    0
                    9                    5                    0                   -1
                    9                    6                    0                    1
                    7                   17                    1                    0
                    7                   18                    0                    1
                    8                    6                   -1                    0
                    8                    7                    0                    1
                    8                    6                    0                   -1
                    7                   17                    0                   -1
                    8                    7                    0                    1
                    9                    7                    1                    0
                    9                    6                    0                   -1
                    6                   17                   -1                    0
                    5                   17                   -1                    0
                    9                    5                    0                   -1
                    5                   16                    0                   -1
                   10                    5                    1                    0
                   10                    4                    0                   -1
                    5                   15                    0                   -1
                   10                    5                    0                    1
                    5                   16                    0                    1
                    4                   16                   -1                    0
                    4                   17                    0                    1
                   11                    5                    1                    0
                    4                   16                    0                   -1
                    5                   16                    1                    0
                    4                   16                   -1                    0
                    5                   16                    1                    0
                    4                   16                   -1                    0
                   11                    4                    0                   -1
                   11                    5                    0                    1
                   11                    4                    0                   -1
                   11                    5                    0                    1
                    4                   17                    0                    1
                   10                    5                   -1                    0
                    4                   16                    0                   -1
                    9                    5                   -1                    0
                    4                   17                    0                    1
                    9                    4                    0                   -1
                    4                   16                    0                   -1
                    9                    3                    0                   -1
