                   18                    4                    1                    0
                   18                    4                    1                    0
                   19                   18                   -1                    0
                   20                   17                    0                   -1
                   20                   16                    0                   -1
                   20                   17                    0                    1
                    1                   17                    0                    0
                    2                   17                    1                    0
                    2                   16                    0                   -1
                    2                   17                    0                    1
                   18                   18                   -1                    0
                   18                   17                    0                   -1
                    1                   17                   -1                    0
                   20                   17                    0                    0
                   18                   16                    0                   -1
                   20                   18                    0                    1
                   20                   19                    0                    1
                   19                   16                    1                    0
                   19                   19                   -1                    0
                   19                   15                    0                   -1
                   18                   15                   -1                    0
                   19                   18                    0                   -1
                   18                   16                    0                    1
                   18                   18                   -1                    0
                   18                   17                    0                   -1
                   19                   16                    1                    0
                   19                   17                    1                    0
                   19                   17                    0                    1
                   20                   17                    1                    0
                    1                   17                    0                    0
                   19                   18                    0                    1
                    1                   16                    0                   -1
                    2                   16                    1                    0
                    1                   16                   -1                    0
                   19                   17                    0                   -1
                    1                   15                    0                   -1
                   20                   15                    0                    0
                   19                   15                   -1                    0
                   18                   17                   -1                    0
                   19                   16                    0                    1
                   20                   16                    1                    0
                   18                   16                    0                   -1
                   19                   16                    1                    0
                   20                   16                    1                    0
                    9                    4                    0                   -1
                    8                    5                   -1                    0
                    8                    6                    0                    1
                    8                    4                   -1                    0
                    7                    6                   -1                    0
                    9                    4                    1                    0
                    6                    6                   -1                    0
                    9                    5                    0                    1
                    9                    4                    0                   -1
                    9                    3                    0                   -1
                    9                    2                    0                   -1
                    6                    5                    0                   -1
                   10                    2                    1                    0
                    9                    2                   -1                    0
                    6                    6                    0                    1
                    6                    7                    0                    1
                    9                    1                    0                   -1
                    9                    2                    0                    1
                    9                    3                    0                    1
                    9                    4                    0                    1
                    8                    4                   -1                    0
                    5                    7                   -1                    0
                    4                    7                   -1                    0
                    3                    7                   -1                    0
                    3                    6                    0                   -1
                    3                    7                    0                    1
                    8                    3                    0                   -1
                    8                    2                    0                   -1
                    8                    1                    0                   -1
                    9                    1                    1                    0
                    3                    6                    0                   -1
                    3                    7                    0                    1
                    8                    1                   -1                    0
                    8                   20                    0                    0
                    9                   20                    1                    0
                    8                   20                   -1                    0
                    3                    6                    0                   -1
                    7                   20                   -1                    0
                    6                   20                   -1                    0
                    3                    5                    0                   -1
                    6                   19                    0                   -1
                    2                    5                   -1                    0
                    5                   19                   -1                    0
                    5                   18                    0                   -1
                    5                   17                    0                   -1
                    1                    5                   -1                    0
                    4                   17                   -1                    0
                    4                   18                    0                    1
                    2                    5                    1                    0
                    3                   18                   -1                    0
                    3                    5                    1                    0
                    4                   18                    1                    0
                    3                   18                   -1                    0
                    3                    4                    0                   -1
                    4                    4                    1                    0
                    4                   18                    1                    0
                    3                   18                   -1                    0
                    2                   18                   -1                    0
                    2                   17                    0                   -1
                    4                    5                    0                    1
                    4                    6                    0                    1
                    2                   16                    0                   -1
                    2                   15                    0                   -1
                    1                   15                   -1                    0
                    2                   15                    1                    0
                    4                    5                    0                   -1
                    3                   15                    1                    0
                    4                    4                    0                   -1
                    4                    3                    0                   -1
                    4                    4                    0                    1
                    4                    3                    0                   -1
                    3                   16                    0                    1
                    4                    2                    0                   -1
                    5                    2                    1                    0
                    5                    1                    0                   -1
                    5                   20                    0                    0
                    3                   17                    0                    1
                    3                   16                    0                   -1
                    2                   16                   -1                    0
                    2                   17                    0                    1
                    2                   16                    0                   -1
                    4                   20                   -1                    0
                    3                   20                   -1                    0
                    2                   17                    0                    1
                    1                   17                   -1                    0
                    3                   19                    0                   -1
                    2                   19                   -1                    0
                   20                   17                    0                    0
                   20                   16                    0                   -1
                    1                   16                    0                    0
                    2                   20                    0                    1
                   20                   16                    0                    0
                    1                   20                   -1                    0
                    2                   20                    1                    0
                    1                   20                   -1                    0
                    2                   20                    1                    0
                    3                   20                    1                    0
                    4                   20                    1                    0
                   19                   16                   -1                    0
                    4                    1                    0                    0
                   19                   15                    0                   -1
                    3                    1                   -1                    0
                   19                   14                    0                   -1
                   19                   15                    0                    1
                    4                    1                    1                    0
                    3                    1                   -1                    0
                   19                   16                    0                    1
                    4                    1                    1                    0
                   19                   17                    0                    1
                   19                   18                    0                    1
                   19                   19                    0                    1
                    3                    1                   -1                    0
                    3                   20                    0                    0
                    3                    1                    0                    0
                    3                   20                    0                    0
                    4                   20                    1                    0
                   19                   18                    0                   -1
                   18                   18                   -1                    0
                   18                   19                    0                    1
                    4                   19                    0                   -1
                    4                   20                    0                    1
                   18                   18                    0                   -1
                    3                   20                   -1                    0
                    3                    1                    0                    0
                    3                    2                    0                    1
                    2                    2                   -1                    0
                   18                   17                    0                   -1
                    1                    2                   -1                    0
                    1                    1                    0                   -1
                   20                    1                    0                    0
                   18                   16                    0                   -1
                   18                   15                    0                   -1
                   18                   16                    0                    1
                   20                   20                    0                    0
                   19                   16                    1                    0
                   20                   16                    1                    0
                   19                   20                   -1                    0
                   20                   15                    0                   -1
                   19                   19                    0                   -1
                   20                   19                    1                    0
                   20                   20                    0                    1
                   19                   15                   -1                    0
                   20                   19                    0                   -1
                   19                   16                    0                    1
                   20                   20                    0                    1
                   20                    1                    0                    0
                   18                   16                   -1                    0
                   19                   16                    1                    0
                   20                    2                    0                    1
                   20                   16                    1                    0
                   20                   17                    0                    1
                   19                   17                   -1                    0
                   20                    3                    0                    1
                   20                    4                    0                    1
                   19                   18                    0                    1
                   20                   18                    1                    0
