                   17                    1                    1                    0
                   16                    1                   -1                    0
                   12                   17                    0                   -1
                   17                    1                    1                    0
                   12                   16                    0                   -1
                   12                   15                    0                   -1
                   12                   16                    0                    1
                   11                   16                   -1                    0
                   16                    1                   -1                    0
                   12                   16                    1                    0
                   12                   17                    0                    1
                   12                   16                    0                   -1
                   15                    1                   -1                    0
                   12                   17                    0                    1
                   11                   17                   -1                    0
                   16                    1                    1                    0
                   12                   17                    1                    0
                   12                   18                    0                    1
                   15                    1                   -1                    0
                   16                    1                    1                    0
                   12                   19                    0                    1
                   12                   18                    0                   -1
                   16                   20                    0                    0
                   12                   19                    0                    1
                   16                    1                    0                    0
                   17                    1                    1                    0
                   12                   18                    0                   -1
                   17                   20                    0                    0
                   17                    1                    0                    0
                   12                   17                    0                   -1
                   16                    1                   -1                    0
                   12                   18                    0                    1
                   15                    1                   -1                    0
                   16                    1                    1                    0
                   11                   18                   -1                    0
                   16                   20                    0                    0
                   10                   18                   -1                    0
                   10                   17                    0                   -1
                   15                   20                   -1                    0
                   10                   18                    0                    1
                   15                    1                    0                    0
                   11                   18                    1                    0
                   12                   18                    1                    0
                   15                   20                    0                    0
                   15                    1                    0                    0
                   13                   18                    1                    0
                   12                   18                   -1                    0
                   16                    1                    1                    0
                   16                   20                    0                    0
                   15                   20                   -1                    0
                   16                   20                    1                    0
                   15                   20                   -1                    0
                   15                    1                    0                    0
                   16                    1                    1                    0
                   11                   18                   -1                    0
                   15                    1                   -1                    0
                   12                   18                    1                    0
                   11                   18                   -1                    0
                   16                    1                    1                    0
                   16                   20                    0                    0
                   11                   17                    0                   -1
                   11                   18                    0                    1
                   11                   19                    0                    1
                   10                   19                   -1                    0
                    9                   19                   -1                    0
                   10                   19                    1                    0
                   11                   19                    1                    0
                   15                   20                   -1                    0
                   16                   20                    1                    0
                   11                   18                    0                   -1
                   12                   18                    1                    0
                   16                    1                    0                    0
                   13                   18                    1                    0
                   14                   18                    1                    0
                   13                   18                   -1                    0
                   12                   18                   -1                    0
                   13                   18                    1                    0
                   13                   19                    0                    1
                   13                   20                    0                    1
                   15                    1                   -1                    0
                   15                    2                    0                    1
                   13                   19                    0                   -1
                   15                    1                    0                   -1
                   13                   20                    0                    1
                   14                   20                    1                    0
                   16                    1                    1                    0
                   13                   20                   -1                    0
                   15                    1                   -1                    0
