                    6                    2                    1                    0
                    6                    2                    0                    1
                    6                    3                    1                    0
                    7                    2                    0                    1
                    8                    6                    1                    0
                    8                    6                    0                    1
                    8                    7                    1                    0
                    8                   10                    1                    0
                    9                    6                    0                    1
                    9                   10                    1                    0
                   10                    1                    1                    0
                   10                   10                    1                    0
                   10                   20                    1                    0
                   10                   20                    0                    1
                   11                   20                    0                    1
                   15                   13
                   11                   10
