                    4                   18                   -1                    0
                    5                   18                    1                    0
                    5                   19                    0                    1
                    5                   18                    0                   -1
                    5                   17                    0                   -1
                   10                    3                    0                   -1
                    5                   16                    0                   -1
                   10                    4                    0                    1
                    5                   17                    0                    1
                    9                    4                   -1                    0
                    5                   18                    0                    1
                    4                   18                   -1                    0
                    5                   18                    1                    0
                    5                   17                    0                   -1
                   10                    4                    1                    0
                    4                   17                   -1                    0
                    4                   18                    0                    1
                    3                   18                   -1                    0
                    4                   18                    1                    0
                    9                    4                   -1                    0
                    3                   18                   -1                    0
                    9                    3                    0                   -1
                    8                    3                   -1                    0
                    7                    3                   -1                    0
                    4                   18                    1                    0
                    7                    4                    0                    1
                    5                   18                    1                    0
                    4                   18                   -1                    0
                    6                    4                   -1                    0
                    3                   18                   -1                    0
                    7                    4                    1                    0
                    7                    5                    0                    1
                    4                   18                    1                    0
                    4                   19                    0                    1
                    6                    5                   -1                    0
                    4                   18                    0                   -1
                    6                    6                    0                    1
                    4                   17                    0                   -1
                    5                    6                   -1                    0
                    6                    6                    1                    0
                    6                    5                    0                   -1
                    4                   18                    0                    1
                    7                    5                    1                    0
                    8                    5                    1                    0
                    5                   18                    1                    0
                    5                   17                    0                   -1
                    5                   18                    0                    1
                    6                   18                    1                    0
                    7                    5                   -1                    0
                    5                   18                   -1                    0
                    4                   18                   -1                    0
                    7                    4                    0                   -1
                    4                   17                    0                   -1
                    7                    3                    0                   -1
                    4                   16                    0                   -1
                    7                    2                    0                   -1
                    7                    1                    0                   -1
                    4                   15                    0                   -1
                    5                   15                    1                    0
                    7                   20                    0                    0
                    5                   14                    0                   -1
                    5                   15                    0                    1
                    5                   14                    0                   -1
                    7                    1                    0                    0
                    6                    1                   -1                    0
                    7                    1                    1                    0
                    4                   14                   -1                    0
                    7                    2                    0                    1
                    3                   14                   -1                    0
                    4                   14                    1                    0
                    5                   14                    1                    0
                    5                   15                    0                    1
                    5                   14                    0                   -1
                    8                    2                    1                    0
                    6                   14                    1                    0
                    5                   14                   -1                    0
                    9                    2                    1                    0
                    6                   14                    1                    0
                    8                    2                   -1                    0
                    8                    1                    0                   -1
                    7                   14                    1                    0
                    7                    1                   -1                    0
                    6                    1                   -1                    0
                    8                   14                    1                    0
                    7                   14                   -1                    0
                    6                   14                   -1                    0
                    6                    2                    0                    1
                    5                   14                   -1                    0
                    5                    2                   -1                    0
                    5                   13                    0                   -1
                    6                    2                    1                    0
                    4                   13                   -1                    0
                    6                    1                    0                   -1
                    7                    1                    1                    0
                    4                   12                    0                   -1
                    7                   20                    0                    0
                    4                   13                    0                    1
                    7                   19                    0                   -1
                    3                   13                   -1                    0
                    7                   20                    0                    1
                    6                   20                   -1                    0
                    3                   14                    0                    1
                    7                   20                    1                    0
                    3                   13                    0                   -1
                    6                   20                   -1                    0
                    7                   20                    1                    0
                    4                   13                    1                    0
                    7                   19                    0                   -1
                    7                   18                    0                   -1
                    3                   13                   -1                    0
                    4                   13                    1                    0
                    5                   13                    1                    0
                    5                   14                    0                    1
                    5                   15                    0                    1
                    7                   19                    0                    1
                    7                   20                    0                    1
                    6                   15                    1                    0
                    7                   19                    0                   -1
                    5                   15                   -1                    0
                    5                   16                    0                    1
                    5                   17                    0                    1
