                   11                   14                    1                    0
                   14                   15                    0                    1
                   14                   14                    0                   -1
                   14                   13                    0                   -1
                   11                   15                    0                    1
                   15                   13                    1                    0
                   14                   13                   -1                    0
                   11                   14                    0                   -1
                   14                   14                    0                    1
                   13                   14                   -1                    0
                   13                   15                    0                    1
                   13                   14                    0                   -1
                   10                   14                   -1                    0
                   10                   13                    0                   -1
                   12                   14                   -1                    0
                   10                   12                    0                   -1
                   10                   11                    0                   -1
                   13                   14                    1                    0
                   10                   12                    0                    1
                   12                   14                   -1                    0
                   11                   12                    1                    0
                   10                   12                   -1                    0
                   12                   13                    0                   -1
                   12                   14                    0                    1
                   10                   13                    0                    1
                    9                   13                   -1                    0
                   10                   13                    1                    0
                   11                   13                    1                    0
                   12                   15                    0                    1
                   10                   13                   -1                    0
                    9                   13                   -1                    0
                   12                   14                    0                   -1
                   12                   15                    0                    1
                   12                   14                    0                   -1
                   12                   15                    0                    1
                   12                   14                    0                   -1
                   11                   14                   -1                    0
                   10                   14                   -1                    0
                   10                   13                    1                    0
                   10                   15                    0                    1
                   10                   14                    0                   -1
                   11                   14                    1                    0
                   11                   13                    1                    0
                   10                   14                   -1                    0
                   10                   15                    0                    1
                   10                   13                   -1                    0
                    9                   15                   -1                    0
                    9                   14                    0                   -1
                    9                   13                   -1                    0
                    9                   15                    0                    1
                   10                   13                    1                    0
                    9                   13                   -1                    0
                    9                   12                    0                   -1
                    9                   11                    0                   -1
                    9                   12                    0                    1
                    9                   11                    0                   -1
                   10                   11                    1                    0
                   10                   12                    0                    1
                   10                   11                    0                   -1
                    8                   15                   -1                    0
                    8                   14                    0                   -1
                   10                   10                    0                   -1
                   10                    9                    0                   -1
                   11                    9                    1                    0
                    8                   15                    0                    1
                   10                    9                   -1                    0
                    8                   14                    0                   -1
                   11                    9                    1                    0
                   12                    9                    1                    0
                    8                   13                    0                   -1
                   12                   10                    0                    1
                    9                   13                    1                    0
                   11                   10                   -1                    0
                    9                   12                    0                   -1
                   12                   10                    1                    0
                   12                    9                    0                   -1
                   11                    9                   -1                    0
                    9                   11                    0                   -1
                    8                   11                   -1                    0
                   10                    9                   -1                    0
                    8                   12                    0                    1
                   11                    9                    1                    0
                    7                   12                   -1                    0
                   12                    9                    1                    0
                    7                   13                    0                    1
                   12                   10                    0                    1
                    8                   13                    1                    0
                   12                   11                    0                    1
                   12                   12                    0                    1
                    7                   13                   -1                    0
                    7                   14                    0                    1
                   12                   11                    0                   -1
                    7                   13                    0                   -1
                    7                   14                    0                    1
                   11                   11                   -1                    0
                   11                   12                    0                    1
                    7                   13                    0                   -1
                   10                   12                   -1                    0
                   11                   12                    1                    0
                    7                   12                    0                   -1
                   11                   11                    0                   -1
                    6                   12                   -1                    0
                    6                   11                    0                   -1
                    6                   12                    0                    1
                   12                   11                    1                    0
                   11                   11                   -1                    0
                   11                   10                    0                   -1
                    6                   13                    0                    1
                   10                   10                   -1                    0
                   10                   11                    0                    1
                   11                   11                    1                    0
                   10                   11                   -1                    0
                    6                   12                    0                   -1
                   10                   12                    0                    1
                    7                   12                    1                    0
                    7                   11                    0                   -1
                    8                   11                    1                    0
                    9                   11                    1                    0
                    9                   12                   -1                    0
                    8                   12                   -1                    0
                   10                   11                    1                    0
                   10                   12                    0                    1
                    8                   11                    0                   -1
                    8                   12                    0                    1
                    9                   12                    1                    0
                    9                   12                   -1                    0
                    3                   16                   -1                    0
                    5                   16                    1                    0
                    3                   17                    0                    1
                    4                   17                    1                    0
                    5                   17                    1                    0
                    4                   17                   -1                    0
                    4                   16                   -1                    0
                    5                   16                    1                    0
                    5                   15                    0                   -1
                    4                   15                   -1                    0
                    4                   14                    0                   -1
                    4                   15                    0                    1
                    3                   17                   -1                    0
                    3                   18                    0                    1
                    4                   18                    1                    0
                    4                   19                    0                    1
                    4                   20                    0                    1
                    4                   19                    0                   -1
                    5                   15                    1                    0
                    5                   14                    0                   -1
                    5                   19                    1                    0
                    6                   19                    1                    0
                    7                   19                    1                    0
                    5                   13                    0                   -1
