                    7                   15                    0                    1
                    7                   14                    0                   -1
                    6                   14                   -1                    0
                    7                   14                    1                    0
                   11                   11                   -1                    0
                    7                   13                    0                   -1
                   10                   11                   -1                    0
                   10                   10                    0                   -1
                    7                   14                    0                    1
                    7                   13                    0                   -1
                    7                   12                    0                   -1
                    8                   12                    1                    0
                    7                   12                   -1                    0
                   10                    9                    0                   -1
                    9                    9                   -1                    0
                    9                    8                    0                   -1
                    6                   12                   -1                    0
                    9                    9                    0                    1
                    8                    9                   -1                    0
                    6                   11                    0                   -1
                    8                    8                    0                   -1
                    5                   11                   -1                    0
                    8                    9                    0                    1
                    6                   11                    1                    0
                    9                    9                    1                    0
                    6                   10                    0                   -1
                   10                    9                    1                    0
                   10                    8                    0                   -1
                    6                   11                    0                    1
                   10                    9                    0                    1
                   10                   10                    0                    1
                   11                   10                    1                    0
                    6                   10                    0                   -1
                   10                   10                   -1                    0
                    7                   10                    1                    0
                    6                   10                   -1                    0
                   11                   10                    1                    0
                    6                   11                    0                    1
                    6                   12                    0                    1
                   10                   10                   -1                    0
                   10                   11                    0                    1
                    9                   11                   -1                    0
                    7                   12                    1                    0
                    8                   12                    1                    0
                    8                   13                    0                    1
                    7                   13                   -1                    0
                    8                   13                    1                    0
                    8                   12                    0                   -1
                    8                   11                    0                   -1
                    8                   11                   -1                    0
                    4                   12                    0                    1
                    4                   11                    0                   -1
                    4                   10                    0                   -1
                    3                   10                   -1                    0
                    4                   10                    0                   -1
                    4                    9                    0                   -1
                    4                   10                    1                    0
                    4                    8                    0                   -1
                    4                    7                    0                   -1
                    5                   10                    1                    0
                    4                    6                    0                   -1
                    4                   10                   -1                    0
                    4                    7                    0                    1
                    4                    8                    0                    1
                    4                    9                    0                    1
                    4                    9                    0                   -1
                   11                    3                    0                   -1
                   11                    2                    0                   -1
                   11                    3                    0                   -1
                   12                    3                    1                    0
                   12                    2                    1                    0
                   12                    4                    0                    1
                   12                    1                    0                   -1
                   13                    4                    1                    0
                   12                   20                    0                    0
                   12                    1                    0                    0
                   12                    4                   -1                    0
                   12                   20                    0                    0
                   11                    4                   -1                    0
                   12                    1                    0                    0
                   12                    2                    0                    1
                   12                    4                    1                    0
                   12                    1                    0                   -1
                   13                    4                    1                    0
                   12                    2                    0                    1
                   14                    4                    1                    0
                   11                    2                   -1                    0
                   11                    3                    0                    1
                   13                    4                   -1                    0
                   11                    4                    0                    1
                   11                    5                    0                    1
                   13                    3                    0                   -1
                   13                    2                    0                   -1
                   13                    3                    0                    1
                   12                    5                    1                    0
                   14                    3                    1                    0
                   13                    3                   -1                    0
                   12                    4                    0                   -1
                   13                    2                    0                   -1
                   13                    3                    0                    1
                   13                    4                    1                    0
                   14                    4                    1                    0
                   14                    3                    0                   -1
                   13                    3                   -1                    0
