                    4                   14                    0                   -1
                    4                   13                    0                   -1
                    6                   10                    1                    0
                    3                   13                   -1                    0
                    6                    9                    0                   -1
                    5                    9                   -1                    0
                    5                   10                    0                    1
                    2                   13                   -1                    0
                    2                   12                    0                   -1
                    3                   12                    1                    0
                    6                   10                    1                    0
                    6                   11                    0                    1
                    4                   12                    1                    0
                    3                   12                   -1                    0
                    7                   11                    1                    0
                    6                   11                   -1                    0
                    5                   11                   -1                    0
                    5                   10                    0                   -1
                    4                   10                   -1                    0
                    3                   13                    0                    1
                    3                   14                    0                    1
                    3                   10                   -1                    0
                    3                   13                    0                   -1
                    4                   10                    1                    0
                    4                   11                    0                    1
                    4                   12                    0                    1
                    5                   12                    1                    0
                    4                   13                    1                    0
                    4                   12                    0                   -1
                    5                   12                    1                    0
                    5                    3                    0                    1
                    5                    2                    0                   -1
                   10                   10                   -1                    0
                   10                   10                   -1                    0
                   18                   16                    0                    1
                   18                   14                    0                   -1
                   19                   14                    1                    0
                   17                   16                   -1                    0
                   18                   16                    1                    0
                   18                   17                    0                    1
                   18                   16                    0                   -1
                   18                   17                    0                    1
                   17                   17                   -1                    0
                   18                   14                   -1                    0
                   19                   14                    1                    0
                   18                   14                   -1                    0
                   16                   17                   -1                    0
                   19                   14                    1                    0
                   19                   15                    0                    1
                   20                   15                    1                    0
                   20                   16                    0                    1
                   19                   16                   -1                    0
                   16                   16                    0                   -1
                   15                   16                   -1                    0
                   15                   15                    0                   -1
                   20                   16                    1                    0
                   15                   14                    0                   -1
                    1                   16                    0                    0
                    2                   16                    1                    0
                    2                   17                    0                    1
                    3                   17                    1                    0
                   14                   14                   -1                    0
                    4                   17                    1                    0
                    5                   17                    1                    0
                    4                   17                   -1                    0
                   14                   13                    0                   -1
                    3                   17                   -1                    0
                    3                   18                    0                    1
                   13                   13                   -1                    0
                    2                   18                   -1                    0
                    1                   18                   -1                    0
                   12                   13                   -1                    0
                   11                   13                   -1                    0
                    1                   17                    0                   -1
                   12                   13                    1                    0
                    2                   17                    1                    0
                    2                   16                    0                   -1
                    2                   17                    0                    1
                    3                   17                    1                    0
                    2                   17                   -1                    0
                   11                   13                   -1                    0
                    1                   17                   -1                    0
                   20                   17                    0                    0
                   20                   18                    0                    1
                    1                   18                    0                    0
                   11                   12                    0                   -1
                   11                   13                    0                    1
                   12                   13                    1                    0
                   12                   14                    0                    1
                    1                   17                    0                   -1
                   20                   17                    0                    0
                   12                   13                    0                   -1
                   20                   16                    0                   -1
                   12                   12                    0                   -1
                   12                   13                    0                    1
                   11                   13                   -1                    0
                   20                   17                    0                    1
                   20                   16                    0                   -1
                   10                   13                   -1                    0
                    9                   13                   -1                    0
                   20                   15                    0                   -1
                    9                   12                    0                   -1
                   19                   15                   -1                    0
                    9                   11                    0                   -1
                   20                   15                    1                    0
                   10                   11                    1                    0
                   19                   15                   -1                    0
                   18                   15                   -1                    0
                   18                   14                    0                   -1
                   18                   15                    0                    1
                    9                   11                   -1                    0
                   10                   11                    1                    0
                   11                   11                    1                    0
                   18                   14                    0                   -1
                   18                   15                    0                    1
                   11                   12                    0                    1
                   18                   14                    0                   -1
                   11                   13                    0                    1
                   12                   13                    1                    0
                   13                   13                    1                    0
                   13                   14                    0                    1
                   12                   14                   -1                    0
                   11                   14                   -1                    0
                   19                   14                    1                    0
                   18                   14                   -1                    0
                   17                   14                   -1                    0
                   16                   14                   -1                    0
                   15                   14                   -1                    0
                   14                   14                   -1                    0
                   11                   13                    0                   -1
                   12                   13                    1                    0
                   13                   14                   -1                    0
                   12                   14                   -1                    0
                   12                   13                    0                   -1
                   11                   13                   -1                    0
                   12                   12                    0                   -1
                   11                   14                    0                    1
                   12                   13                    0                    1
                   11                   13                   -1                    0
                   10                   14                   -1                    0
                   11                   12                    0                   -1
                   10                   13                    0                   -1
                   11                   11                    0                   -1
                   11                   13                    1                    0
                   11                   10                    0                   -1
                   11                    9                    0                   -1
                   12                    9                    1                    0
                   11                    9                   -1                    0
                   12                    9                    1                    0
                   12                   10                    0                    1
                   10                   13                   -1                    0
                   13                   10                    1                    0
                   14                   10                    1                    0
                   10                   12                    0                   -1
                   14                    9                    0                   -1
                   13                    9                   -1                    0
                   10                   11                    0                   -1
                   11                   11                    1                    0
                   13                    8                    0                   -1
                   11                   10                    0                   -1
                   14                    8                    1                    0
                   11                    9                    0                   -1
                   14                    7                    0                   -1
                   11                    8                    0                   -1
                   12                    8                    1                    0
                   12                    7                    0                   -1
                   14                    6                    0                   -1
                   14                    7                    0                    1
                   15                    7                    1                    0
                   12                    8                    0                    1
                   14                    7                   -1                    0
                   12                    7                    0                   -1
                   13                    7                   -1                    0
