                    1                   10                    1                    0
                    1                   10                    0                    1
                    1                   11                    1                    0
                    2                   10                    0                    1
                    5                    9                    1                    0
                    7                   13                    1                    0
                    7                   13                    0                    1
                    7                   14                    1                    0
                    8                   13                    0                    1
                   13                    8                    1                    0
                   13                    8                    0                    1
                   14                    8                    1                    0
                   18                   15                    1                    0
                   18                   15                    0                    1
                   18                   16                    1                    0
                   19                   15                    0                    1
                   15                    8
                    6                    9
