                    9                    4                    1                    0
                    6                   17                    0                   -1
                    7                   17                    1                    0
                    8                    4                   -1                    0
                    6                   17                   -1                    0
                    6                   18                    0                    1
                    7                   18                    1                    0
                    6                   18                   -1                    0
                    8                    3                    0                   -1
                    5                   18                   -1                    0
                    5                   19                    0                    1
                    7                    3                   -1                    0
                    5                   18                    0                   -1
                    6                   18                    1                    0
                    7                    4                    0                    1
                    7                    5                    0                    1
                    5                   18                   -1                    0
                    6                   18                    1                    0
                    5                   18                   -1                    0
                    5                   17                    0                   -1
                    7                    4                    0                   -1
                    5                   18                    0                    1
                    6                   18                    1                    0
                    7                    5                    0                    1
                    7                    6                    0                    1
                    8                    6                    1                    0
                    9                    6                    1                    0
                    9                    5                    0                   -1
                    9                    6                    0                    1
                    5                   18                   -1                    0
                    8                    6                   -1                    0
                    6                   18                    1                    0
                    7                   18                    1                    0
                    7                    6                   -1                    0
                    8                    6                    1                    0
                    7                    6                   -1                    0
                    7                    7                    0                    1
                    6                   18                   -1                    0
                    7                    8                    0                    1
                    7                    7                    0                   -1
                    6                    7                   -1                    0
                    7                    7                    1                    0
                    7                    8                    0                    1
                    7                    7                    0                   -1
                    7                    8                    0                    1
                    5                   18                   -1                    0
                    7                    7                    0                   -1
                    6                    7                   -1                    0
                    7                    7                    1                    0
                    6                    7                   -1                    0
                    6                   18                    1                    0
                    7                    7                    1                    0
                    7                   18                    1                    0
                    7                    6                    0                   -1
                    7                    5                    0                   -1
                    7                    4                    0                   -1
                    8                    4                    1                    0
                    6                   18                   -1                    0
                    8                    5                    0                    1
                    7                    5                   -1                    0
                    8                    5                    1                    0
                    8                    4                    0                   -1
                    9                    4                    1                    0
                    9                    3                    0                   -1
                    9                    4                    0                    1
                    8                    4                   -1                    0
                    6                   17                    0                   -1
                    8                    3                    0                   -1
                    8                    2                    0                   -1
                    6                   18                    0                    1
                    7                    2                   -1                    0
