                    4                   12                   -1                    0
                    3                    1                    0                   -1
                    3                    2                    0                    1
                    2                    2                   -1                    0
                    2                    3                    0                    1
                    4                   13                    0                    1
                    2                    2                    0                   -1
                    4                   14                    0                    1
                    3                    2                    1                    0
                    3                    3                    0                    1
                    3                    2                    0                   -1
                    4                    2                    1                    0
                    5                    2                    1                    0
                    4                   15                    0                    1
                    5                    1                    0                   -1
                    4                   16                    0                    1
                    3                   16                   -1                    0
                    5                   20                    0                    0
                    5                   19                    0                   -1
                    5                   18                    0                   -1
                    5                   17                    0                   -1
                    5                   16                    0                   -1
                    5                   17                    0                    1
                    5                   18                    0                    1
                    3                   17                    0                    1
                    6                   18                    1                    0
                    4                   17                    1                    0
                    6                   17                    0                   -1
                    6                   18                    0                    1
                    6                   19                    0                    1
                    3                   17                   -1                    0
                    6                   18                    0                   -1
                    7                   18                    1                    0
                    3                   16                    0                   -1
                    7                   17                    0                   -1
                    3                   17                    0                    1
                    2                   17                   -1                    0
                    1                   17                   -1                    0
                    6                   17                   -1                    0
                    6                   16                    0                   -1
                    5                   16                   -1                    0
                    5                   15                    0                   -1
                   20                   17                    0                    0
                    5                   14                    0                   -1
                   19                   17                   -1                    0
                   19                   16                    0                   -1
                    5                   15                    0                    1
                    4                   15                   -1                    0
                   19                   15                    0                   -1
                    4                   14                    0                   -1
                    5                   14                    1                    0
                    5                   13                    0                   -1
                    5                   12                    0                   -1
                    5                   11                    0                   -1
                    5                   10                    0                   -1
                    6                   10                    1                    0
                    5                   10                   -1                    0
                    5                    9                    0                   -1
                   18                   15                   -1                    0
                    4                    9                   -1                    0
                    3                    9                   -1                    0
                   18                   16                    0                    1
                   18                   17                    0                    1
                    4                    9                    1                    0
                    5                    9                    1                    0
                    5                   10                    0                    1
                   18                   18                    0                    1
                    4                   10                   -1                    0
                    3                   10                   -1                    0
                    3                   11                    0                    1
                   18                   19                    0                    1
                   18                   18                    0                   -1
                   19                   18                    1                    0
                   19                   19                    0                    1
                   19                   20                    0                    1
                   19                    1                    0                    0
                    4                   11                    1                    0
                   19                    2                    0                    1
                   19                    3                    0                    1
                    4                   10                    0                   -1
                    5                   10                    1                    0
                   19                    2                    0                   -1
                   19                    1                    0                   -1
                   20                    1                    1                    0
                   20                   20                    0                    0
                   19                   20                   -1                    0
                   18                   20                   -1                    0
                   17                   20                   -1                    0
                    5                   11                    0                    1
                    6                   11                    1                    0
                    5                   11                   -1                    0
                    5                   12                    0                    1
                    5                   13                    0                    1
                    5                   14                    0                    1
                    4                   14                   -1                    0
                    3                   14                   -1                    0
                    4                   14                    1                    0
                    4                   13                    0                   -1
                    5                   13                    1                    0
                   16                   20                   -1                    0
                    4                   13                   -1                    0
                   17                   20                    1                    0
                   18                   20                    1                    0
                   18                    1                    0                    0
                   18                    2                    0                    1
                    3                   13                   -1                    0
                   19                    2                    1                    0
                    3                   12                    0                   -1
                    3                   13                    0                    1
                   19                    1                    0                   -1
                   18                    1                   -1                    0
                    2                   13                   -1                    0
                   19                    1                    1                    0
                   18                    1                   -1                    0
                   17                    1                   -1                    0
                    3                   13                    1                    0
                   17                    2                    0                    1
                    4                   13                    1                    0
                    3                   13                   -1                    0
                   17                    1                    0                   -1
                   18                    1                    1                    0
                   18                    2                    0                    1
                   17                    2                   -1                    0
                   17                    3                    0                    1
                    2                   13                   -1                    0
                   17                    4                    0                    1
                   17                    3                    0                   -1
                    3                   13                    1                    0
                    3                   14                    0                    1
                   17                    4                    0                    1
                    3                   13                    0                   -1
                    3                   14                    0                    1
                    3                   15                    0                    1
                    4                   15                    1                    0
                   17                    5                    0                    1
                   17                    6                    0                    1
                   17                    5                    0                   -1
                   16                    5                   -1                    0
                    4                   14                    0                   -1
                    4                   15                    0                    1
                    4                   16                    0                    1
                    5                   16                    1                    0
                   17                    5                    1                    0
                   17                    4                    0                   -1
                    6                   16                    1                    0
                    6                   15                    0                   -1
                   17                    3                    0                   -1
                    6                   14                    0                   -1
                   17                    2                    0                   -1
                    6                   13                    0                   -1
                   17                    1                    0                   -1
                   16                    1                   -1                    0
                    6                   14                    0                    1
                   16                    2                    0                    1
                    6                   13                    0                   -1
                    5                   13                   -1                    0
                    4                   13                   -1                    0
                    3                   13                   -1                    0
                   16                    1                    0                   -1
                    3                   12                    0                   -1
                   16                    2                    0                    1
                   17                    2                    1                    0
                    2                   12                   -1                    0
                    1                   12                   -1                    0
                   20                   12                    0                    0
                   17                    1                    0                   -1
                   17                   20                    0                    0
                   20                   13                    0                    1
                   16                   20                   -1                    0
                   16                    1                    0                    0
                   19                   13                   -1                    0
                   19                   14                    0                    1
                   19                   13                    0                   -1
                   19                   14                    0                    1
                   16                    2                    0                    1
                   16                    1                    0                   -1
                   20                   14                    1                    0
                   15                    1                   -1                    0
                   20                   15                    0                    1
                   15                    2                    0                    1
                   15                    3                    0                    1
                   20                   14                    0                   -1
                   14                    3                   -1                    0
                    1                   14                    0                    0
                    2                   14                    1                    0
                    2                   13                    0                   -1
                   14                    2                    0                   -1
                   14                    1                    0                   -1
                    1                   13                   -1                    0
                    1                   14                    0                    1
                    2                   14                    1                    0
                    3                   14                    1                    0
                   14                   20                    0                    0
                   15                   20                    1                    0
                    2                   14                   -1                    0
                   14                   20                   -1                    0
                   13                   20                   -1                    0
                    3                   14                    1                    0
                   12                   20                   -1                    0
                    3                   15                    0                    1
