                   16                   15                    0                    1
                   16                   14                    0                   -1
                    3                   12                   -1                    0
                    4                   12                    1                    0
                    4                   13                    0                    1
                   16                   13                    0                   -1
                   15                   13                   -1                    0
                    4                   14                    0                    1
                   15                   12                    0                   -1
                   15                   13                    0                    1
                   14                   13                   -1                    0
                    4                   15                    0                    1
                   13                   13                   -1                    0
                    4                   16                    0                    1
                    4                   15                    0                   -1
                    5                   15                    1                    0
                    5                   16                    0                    1
                    4                   16                   -1                    0
                   13                   14                    0                    1
                   13                   15                    0                    1
                    4                   17                    0                    1
                    5                   17                    1                    0
                    5                   16                    0                   -1
                    5                   15                    0                   -1
                   14                   15                    1                    0
                    5                   16                    0                    1
                   14                   16                    0                    1
                    5                   15                    0                   -1
                    4                   15                   -1                    0
                    4                   14                    0                   -1
                   14                   17                    0                    1
                   15                   17                    1                    0
                   15                   16                    0                   -1
                   16                   16                    1                    0
                   16                   15                    0                   -1
                   17                   15                    1                    0
                    3                   14                   -1                    0
                   17                   16                    0                    1
                    2                   14                   -1                    0
                    2                   13                    0                   -1
                   17                   17                    0                    1
                   17                   18                    0                    1
                   17                   19                    0                    1
                   17                   18                    0                   -1
                   16                   18                   -1                    0
                    3                   13                    1                    0
                   16                   19                    0                    1
                    4                   13                    1                    0
                    4                   12                    0                   -1
                   17                   19                    1                    0
                    4                   13                    0                    1
                   17                   18                    0                   -1
                   17                   17                    0                   -1
                   17                   18                    0                    1
                   16                   18                   -1                    0
                   16                   19                    0                    1
                   15                   19                   -1                    0
                   15                   20                    0                    1
                    4                   14                    0                    1
                   14                   20                   -1                    0
                   14                    1                    0                    0
                    4                   13                    0                   -1
                    3                   13                   -1                    0
                    2                   13                   -1                    0
                   14                   20                    0                    0
                   14                    1                    0                    0
                    1                   13                   -1                    0
                   14                    2                    0                    1
                   15                    2                    1                    0
                   20                   13                    0                    0
                   15                    3                    0                    1
                   19                   13                   -1                    0
                   18                   13                   -1                    0
                   15                    4                    0                    1
                   19                   13                    1                    0
                   18                   13                   -1                    0
                   19                   13                    1                    0
                   20                   13                    1                    0
                   20                   14                    0                    1
                   15                    3                    0                   -1
                   15                    2                    0                   -1
                   15                    1                    0                   -1
                   14                    1                   -1                    0
                   14                   20                    0                    0
                   20                   15                    0                    1
                   20                   16                    0                    1
                   19                   16                   -1                    0
                   18                   16                   -1                    0
                   18                   17                    0                    1
                   13                   20                   -1                    0
                   19                   17                    1                    0
                   18                   17                   -1                    0
                   17                   17                   -1                    0
                   16                   17                   -1                    0
                   16                   16                    0                   -1
                   15                   16                   -1                    0
                   14                   20                    1                    0
                   14                   19                    0                   -1
                   16                   16                    1                    0
                   17                   16                    1                    0
                   17                   15                    0                   -1
                   17                   16                    0                    1
                   14                   20                    0                    1
                   13                   20                   -1                    0
                   14                   20                    1                    0
                   17                   17                    0                    1
                   14                    1                    0                    0
                   17                   18                    0                    1
                   14                   20                    0                    0
                   18                   18                    1                    0
                   17                   18                   -1                    0
                   15                   20                    1                    0
                   18                   18                    1                    0
                   18                   19                    0                    1
                   14                   20                   -1                    0
                   17                   19                   -1                    0
                   18                   19                    1                    0
                   13                   20                   -1                    0
                   17                   19                   -1                    0
                   14                   20                    1                    0
                   15                   20                    1                    0
                   15                   19                    0                   -1
                   17                   18                    0                   -1
                   18                   18                    1                    0
                   16                   19                    1                    0
                   18                   19                    0                    1
                   18                   18                    0                   -1
                   17                   18                   -1                    0
                   16                   18                   -1                    0
                   16                   17                    0                   -1
                   16                   16                    0                   -1
                   17                   16                    1                    0
                   17                   15                    0                   -1
                   17                   16                    0                    1
                   17                   19                    1                    0
                   16                   19                   -1                    0
                   16                   16                   -1                    0
                   15                   16                   -1                    0
                   16                   16                    1                    0
                   15                   19                   -1                    0
                   17                   16                    1                    0
                   16                   19                    1                    0
                   15                   19                   -1                    0
                   18                   16                    1                    0
                   18                   17                    0                    1
                   16                   19                    1                    0
                   19                   17                    1                    0
                   18                   17                   -1                    0
                   16                   20                    0                    1
                   16                   19                    0                   -1
                   19                   17                    1                    0
                   19                   16                    0                   -1
                   15                   19                   -1                    0
                   16                   19                    1                    0
                   18                   16                   -1                    0
                   18                   15                    0                   -1
                   18                   14                    0                   -1
                   18                   13                    0                   -1
                   18                   12                    0                   -1
                   16                   18                    0                   -1
                   19                   12                    1                    0
                   20                   12                    1                    0
                   16                   19                    0                    1
                   17                   19                    1                    0
                   16                   19                   -1                    0
                   16                   18                    0                   -1
                   16                   19                    0                    1
                   15                   19                   -1                    0
                   15                   18                    0                   -1
                   16                   18                    1                    0
                   15                   18                   -1                    0
                   16                   18                    1                    0
                   15                   18                   -1                    0
                   15                   17                    0                   -1
                   15                   16                    0                   -1
                   16                   16                    1                    0
                   17                   16                    1                    0
                   18                   16                    1                    0
                   20                   11                    0                   -1
                   18                   15                    0                   -1
                   20                   12                    0                    1
                   18                   16                    0                    1
                   20                   13                    0                    1
                   20                   14                    0                    1
                   18                   15                    0                   -1
                   20                   13                    0                   -1
                   19                   13                   -1                    0
                   20                   13                    1                    0
