                    1                   18                    0                    1
                    1                   19                    1                    0
                    8                   16                    1                    0
                    8                   16                    0                    1
                    8                   17                    1                    0
                    9                   16                    0                    1
                   17                    3                    1                    0
                   17                    3                    0                    1
                   17                    4                    0                    1
                   17                    5                    1                    0
                   17                   18                    1                    0
                   17                   18                    0                    1
                   17                   19                    0                    1
                   17                   20                    1                    0
                   18                    3                    0                    1
                   18                    4                    0                    1
                   18                   18                    0                    1
                   18                   19                    1                    0
                   18                   20                    1                    0
                   19                   19                    0                    1
                   10                    7
                    1                   18
