                   10                    4                   -1                    0
                   11                    4                    1                    0
                   11                    3                    0                   -1
                   19                    5                    0                   -1
                   20                    5                    1                    0
                   19                    5                   -1                    0
                   18                    5                   -1                    0
                   19                    5                    1                    0
                   11                    4                    0                    1
                   19                    6                    0                    1
                   11                    3                    0                   -1
                   11                    4                    0                    1
                   11                    3                    0                   -1
                   11                    4                    0                    1
                   18                    6                   -1                    0
                   19                    6                    1                    0
                   18                    6                   -1                    0
                   11                    5                    0                    1
                   11                    4                    0                   -1
                   18                    7                    0                    1
                   18                    6                    0                   -1
                   17                    6                   -1                    0
                   10                    4                   -1                    0
                   11                    4                    1                    0
                   17                    7                    0                    1
                   16                    7                   -1                    0
                   11                    3                    0                   -1
                   11                    4                    0                    1
                   16                    8                    0                    1
                   10                    4                   -1                    0
                   16                    9                    0                    1
                   16                    8                    0                   -1
                   16                    7                    0                   -1
                   17                    7                    1                    0
                   11                    4                    1                    0
                   12                    4                    1                    0
                   11                    4                   -1                    0
                   17                    6                    0                   -1
                   18                    6                    1                    0
                   10                    4                   -1                    0
                   19                    6                    1                    0
                   10                    5                    0                    1
                   19                    7                    0                    1
                   11                    5                    1                    0
                   11                    4                    0                   -1
                   19                    6                    0                   -1
                   11                    5                    0                    1
                   11                    6                    0                    1
                   11                    7                    0                    1
                   20                    6                    1                    0
                   11                    6                    0                   -1
                   20                    5                    0                   -1
                   11                    5                    0                   -1
                   20                    6                    0                    1
                   10                    5                   -1                    0
                   19                    6                   -1                    0
                   19                    5                    0                   -1
                   19                    6                    0                    1
                   18                    6                   -1                    0
                   18                    7                    0                    1
                   17                    7                   -1                    0
                   18                    7                    1                    0
                   18                    6                    0                   -1
                   10                    4                    0                   -1
                   19                    6                    1                    0
                   10                    5                    0                    1
                   18                    6                   -1                    0
                   11                    5                    1                    0
                   18                    7                    0                    1
                   18                    8                    0                    1
                   10                    5                   -1                    0
                   10                    4                    0                   -1
                   11                    4                    1                    0
                   18                    7                    0                   -1
                   12                    4                    1                    0
                   18                    6                    0                   -1
                   19                    6                    1                    0
                   18                    6                   -1                    0
                   17                    6                   -1                    0
                   18                    6                    1                    0
                   18                    5                    0                   -1
