                    1                    6                    0                    1
                    2                    1                    0                    1
                    2                    2                    0                    1
                    2                    3                    1                    0
                    2                   19                    1                    0
                    2                   19                    0                    1
                    2                   20                    0                    1
                    3                    1                    1                    0
                    3                    1                    0                    1
                    3                    2                    0                    1
                    3                    9                    0                    1
                    3                   10                    0                    1
                    3                   11                    1                    0
                    3                   19                    1                    0
                    4                    1                    0                    1
                    4                    2                    0                    1
                    4                    3                    1                    0
                    4                   11                    0                    1
                    4                   12                    0                    1
                    4                   13                    1                    0
                    4                   15                    1                    0
                    4                   15                    0                    1
                    4                   16                    1                    0
                    4                   19                    0                    1
                    4                   20                    1                    0
                    5                    1                    0                    1
                    5                    2                    0                    1
                    5                    8                    1                    0
                    5                    8                    0                    1
                    5                    9                    1                    0
                    5                   12                    1                    0
                    5                   12                    0                    1
                    5                   15                    0                    1
                    5                   20                    0                    1
                    6                    7                    1                    0
                    6                    7                    0                    1
                    6                    9                    0                    1
                    6                   10                    0                    1
                    6                   11                    0                    1
                    7                    7                    1                    0
                    8                    7                    1                    0
                    8                    7                    0                    1
                    8                    8                    0                    1
                    8                    9                    1                    0
                    9                    7                    0                    1
                    9                    8                    0                    1
                   10                   14                    1                    0
                   10                   14                    0                    1
                   10                   15                    1                    0
                   11                    7                    1                    0
                   11                    7                    0                    1
                   11                    8                    1                    0
                   11                   14                    0                    1
                   11                   19                    1                    0
                   11                   19                    0                    1
                   11                   20                    1                    0
                   12                    7                    0                    1
                   12                   19                    0                    1
                   13                    2                    1                    0
                   13                    2                    0                    1
                   13                    3                    1                    0
                   13                    4                    1                    0
                   13                    4                    0                    1
                   14                    2                    0                    1
                   14                    4                    1                    0
                   14                   10                    1                    0
                   14                   10                    0                    1
                   14                   11                    1                    0
                   14                   12                    1                    0
                   14                   12                    0                    1
                   14                   13                    1                    0
                   15                    4                    0                    1
                   15                   10                    1                    0
                   15                   11                    1                    0
                   15                   12                    0                    1
                   16                   10                    0                    1
                   20                    6                    1                    0
                   20                    6                    0                    1
                   20                    7                    1                    0
                   13                    5
                    8                    7
