                    3                   16                    0                    1
                    4                   16                    0                   -1
                    3                   16                   -1                    0
                   15                   17                    0                    1
                   14                   16                   -1                    0
                   15                   16                    0                   -1
                   14                   16                   -1                    0
                   20                    7                    1                    0
                   20                    6                    0                   -1
                   19                    6                   -1                    0
                   20                    7                    1                    0
                   19                    5                    0                   -1
                   19                    4                    0                   -1
                    1                    7                    0                    0
                   20                    7                    0                    0
                   18                    4                   -1                    0
                   19                    4                    1                    0
                   20                    4                    1                    0
                   19                    4                   -1                    0
                   19                    3                    0                   -1
                   19                    2                    0                   -1
                   18                    2                   -1                    0
                    1                    7                    0                    0
                   19                    2                    1                    0
                   20                    7                    0                    0
                    1                    7                    0                    0
                   19                    1                    0                   -1
                   19                    2                    0                    1
                   20                    2                    1                    0
                   20                    1                    0                   -1
                   19                    1                   -1                    0
                   20                    1                    1                    0
                    1                    8                    0                    1
                    1                    9                    0                    1
                    2                    9                    1                    0
                    2                   10                    0                    1
                    1                    1                    0                    0
                    2                    9                    0                   -1
                    2                   10                    0                    1
                    2                    1                    1                    0
                    2                    9                    0                   -1
                    3                    9                    1                    0
                    3                    8                    0                   -1
                    1                    1                   -1                    0
                    3                    9                    0                    1
                   20                    1                    0                    0
                   20                   20                    0                    0
                    2                    9                   -1                    0
                   20                    1                    0                    0
                    2                    8                    0                   -1
                   20                   20                    0                    0
                    1                   20                    0                    0
                    2                   20                    1                    0
                    2                   19                    0                   -1
                    1                   19                   -1                    0
                    2                    9                    0                    1
                    2                   10                    0                    1
                    3                   10                    1                    0
                   20                   19                    0                    0
                    3                    9                    0                   -1
                    3                    8                    0                   -1
                    3                    9                    0                    1
                    3                    8                    0                   -1
                    3                    9                    0                    1
                    3                   10                    0                    1
                    3                   11                    0                    1
                   20                   18                    0                   -1
                    1                   18                    0                    0
                    3                   10                    0                   -1
                    4                   10                    1                    0
                   20                   18                    0                    0
                    3                   10                   -1                    0
                   19                   18                   -1                    0
                   18                   18                   -1                    0
                   18                   19                    0                    1
                    3                    9                    0                   -1
                   17                   19                   -1                    0
                   18                   19                    1                    0
                   18                   20                    0                    1
                   18                    1                    0                    0
                   17                    1                   -1                    0
                    4                    9                    1                    0
                    3                    9                   -1                    0
                   18                    1                    1                    0
                    4                    9                    1                    0
                    3                    9                   -1                    0
                    3                   10                    0                    1
                   18                   20                    0                    0
                    4                   10                    1                    0
                    4                   11                    0                    1
                    4                   12                    0                    1
                    4                   13                    0                    1
                    4                   12                    0                   -1
                   17                   20                   -1                    0
                   18                   20                    1                    0
                   18                    1                    0                    0
                    3                   12                   -1                    0
                    3                   13                    0                    1
                    3                   12                    0                   -1
                    4                   12                    1                    0
                    3                   12                   -1                    0
                   18                    2                    0                    1
                   18                    1                    0                   -1
                    4                   12                    1                    0
                    4                   11                    0                   -1
                   18                   20                    0                    0
                    4                   12                    0                    1
                    3                   12                   -1                    0
                   18                   19                    0                   -1
                    4                   12                    1                    0
                   18                   18                    0                   -1
                   17                   18                   -1                    0
                   18                   18                    1                    0
                    4                   11                    0                   -1
                    5                   11                    1                    0
                   18                   19                    0                    1
                   19                   19                    1                    0
                   18                   19                   -1                    0
                    5                   12                    0                    1
                    5                   11                    0                   -1
                   18                   20                    0                    1
                    6                   11                    1                    0
                    6                   10                    0                   -1
                    6                    9                    0                   -1
                   18                   19                    0                   -1
                   18                   18                    0                   -1
                    5                    9                   -1                    0
                    4                    9                   -1                    0
                    3                    9                   -1                    0
                    4                    9                    1                    0
                    4                   10                    0                    1
                    4                   11                    0                    1
