                    2                   17                   -1                    0
                    1                   17                   -1                    0
                   18                    5                    0                   -1
                   18                    6                    0                    1
                    1                   16                    0                   -1
                   18                    7                    0                    1
                   18                    6                    0                   -1
                    2                   16                    1                    0
                   19                    6                    1                    0
                    1                   16                   -1                    0
                   20                    6                    1                    0
                   19                    6                   -1                    0
                    1                   17                    0                    1
                    1                   16                    0                   -1
                   18                    6                   -1                    0
                    2                   16                    1                    0
                    2                   15                    0                   -1
                    2                   14                    0                   -1
                    2                   15                    0                    1
                   19                    6                    1                    0
                    3                   15                    1                    0
                    3                   14                    0                   -1
                   19                    5                    0                   -1
                    2                   14                   -1                    0
                    2                   13                    0                   -1
                   19                    4                    0                   -1
                    2                   14                    0                    1
                   20                    4                    1                    0
                    2                   15                    0                    1
                   20                    3                    0                   -1
                    3                   15                    1                    0
                   20                    2                    0                   -1
                    1                    2                    0                    0
                    1                    1                    0                   -1
                   20                    1                    0                    0
                    3                   16                    0                    1
                   20                    2                    0                    1
                    4                   16                    1                    0
                   19                    2                   -1                    0
                   18                    2                   -1                    0
                    5                   16                    1                    0
                    5                   17                    0                    1
                   17                    2                   -1                    0
                   18                    2                    1                    0
                    4                   17                   -1                    0
                   17                    2                   -1                    0
                   18                    2                    1                    0
                   18                    3                    0                    1
                    5                   17                    1                    0
                   18                    2                    0                   -1
                    5                   16                    0                   -1
                   18                    3                    0                    1
                   18                    4                    0                    1
                    6                   16                    1                    0
                   18                    3                    0                   -1
                   18                    2                    0                   -1
                    5                   16                   -1                    0
                    6                   16                    1                    0
                   18                    3                    0                    1
                   18                    2                    0                   -1
                   17                    2                   -1                    0
                    7                   16                    1                    0
                   17                    3                    0                    1
                   17                    4                    0                    1
                   17                    3                    0                   -1
                   17                    2                    0                   -1
                   17                    1                    0                   -1
                   17                   20                    0                    0
                   17                    1                    0                    0
                   17                    2                    0                    1
                   17                    1                    0                   -1
                    6                   16                   -1                    0
                   17                    2                    0                    1
                   18                    2                    1                    0
                    5                   16                   -1                    0
                    5                   15                    0                   -1
                    5                   16                    0                    1
                    5                   17                    0                    1
                    6                   17                    1                    0
                    6                   16                    0                   -1
                    6                   17                    0                    1
                   18                    1                    0                   -1
                   18                    2                    0                    1
                    5                   17                   -1                    0
                    6                   17                    1                    0
                   17                    2                   -1                    0
                    7                   17                    1                    0
                   18                    2                    1                    0
                    7                   16                    0                   -1
                    7                   15                    0                   -1
                   19                    2                    1                    0
                    7                   14                    0                   -1
                   19                    1                    0                   -1
                    7                   15                    0                    1
                    7                   14                    0                   -1
                   18                    1                   -1                    0
                    7                   15                    0                    1
                    7                   16                    0                    1
                    7                   17                    0                    1
                   18                   20                    0                    0
                    7                   18                    0                    1
                    7                   19                    0                    1
                    6                   19                   -1                    0
                    6                   18                    0                   -1
                    7                   18                    1                    0
                   19                   20                    1                    0
                    7                   19                    0                    1
                   19                    1                    0                    0
                    8                   19                    1                    0
                    8                   18                    0                   -1
                   19                   20                    0                    0
                   18                   20                   -1                    0
                    8                   17                    0                   -1
                   17                   20                   -1                    0
                   16                   20                   -1                    0
                   16                   19                    0                   -1
                   17                   19                    1                    0
                   17                   20                    0                    1
                   16                   20                   -1                    0
                   16                    1                    0                    0
                    8                   18                    0                    1
                    8                   17                    0                   -1
                   17                    1                    1                    0
                    8                   16                    0                   -1
                   16                    1                   -1                    0
                    7                   16                   -1                    0
                   16                    2                    0                    1
                    8                   16                    1                    0
                   16                    1                    0                   -1
                    7                   16                   -1                    0
                   16                   20                    0                    0
                    8                   16                    1                    0
