                    1                    6                    1                    0
                    1                    6                    0                    1
                    1                    7                    1                    0
                    1                   10                    1                    0
                    1                   14                    1                    0
                    1                   17                    0                    1
                    2                    6                    0                    1
                    2                   10                    1                    0
                    2                   14                    0                    1
                    5                    4                    1                    0
                    5                    4                    0                    1
                    5                    5                    1                    0
                    6                    4                    0                    1
                   10                   13                    1                    0
                   10                   13                    0                    1
                   10                   14                    0                    1
                   10                   15                    1                    0
                   11                   13                    0                    1
                   11                   14                    0                    1
                   11                   16                    1                    0
                   11                   16                    0                    1
                   11                   17                    1                    0
                   12                   16                    0                    1
                   13                   15                    1                    0
                   13                   15                    0                    1
                   13                   16                    1                    0
                   14                   15                    0                    1
                   15                    3                    1                    0
                   15                    3                    0                    1
                   15                    4                    1                    0
                   15                    4                    0                    1
                   15                   14                    1                    0
                   15                   14                    0                    1
                   15                   15                    1                    0
                   15                   16                    1                    0
                   15                   16                    0                    1
                   15                   17                    1                    0
                   16                    3                    1                    0
                   16                    4                    1                    0
                   16                   14                    0                    1
                   16                   16                    0                    1
                   17                    3                    0                    1
                   18                   13                    1                    0
                   18                   13                    0                    1
                   18                   14                    1                    0
                   19                   12                    1                    0
                   19                   12                    0                    1
                   19                   14                    1                    0
                   20                   10                    1                    0
                   20                   10                    0                    1
                   20                   11                    0                    1
                   20                   14                    1                    0
                   20                   17                    1                    0
                   20                   17                    0                    1
                   20                   18                    1                    0
                    3                   10
                   15                    4
