                    1                    1                    0                    1
                    1                    2                    0                    1
                    1                    6                    1                    0
                    1                    6                    0                    1
                    1                    7                    0                    1
                    1                    8                    1                    0
                    1                    9                    0                    1
                    1                   11                    1                    0
                    1                   13                    0                    1
                    1                   14                    0                    1
                    1                   15                    1                    0
                    1                   16                    1                    0
                    1                   16                    0                    1
                    1                   17                    1                    0
                    1                   17                    0                    1
                    1                   18                    1                    0
                    1                   20                    1                    0
                    1                   20                    0                    1
                    2                    6                    1                    0
                    2                    7                    1                    0
                    2                    7                    0                    1
                    2                   10                    1                    0
                    2                   10                    0                    1
                    2                   15                    1                    0
                    2                   16                    1                    0
                    2                   17                    1                    0
                    2                   18                    0                    1
                    2                   19                    0                    1
                    3                    4                    1                    0
                    3                    4                    0                    1
                    3                    5                    0                    1
                    3                    6                    1                    0
                    3                    6                    0                    1
                    3                    9                    1                    0
                    3                    9                    0                    1
                    3                   15                    0                    1
                    3                   17                    0                    1
                    3                   18                    0                    1
                    3                   19                    0                    1
                    3                   20                    1                    0
                    4                    4                    1                    0
                    4                    6                    0                    1
                    4                    7                    0                    1
                    4                    8                    1                    0
                    4                    9                    1                    0
                    4                   10                    1                    0
                    4                   10                    0                    1
                    4                   11                    0                    1
                    4                   12                    1                    0
                    4                   15                    1                    0
                    4                   15                    0                    1
                    4                   16                    1                    0
                    4                   20                    1                    0
                    5                    4                    1                    0
                    5                    6                    1                    0
                    5                    6                    0                    1
                    5                    7                    0                    1
                    5                    9                    0                    1
                    5                   12                    0                    1
                    5                   13                    0                    1
                    5                   14                    0                    1
                    5                   16                    1                    0
                    5                   20                    1                    0
                    6                    1                    0                    1
                    6                    2                    0                    1
                    6                    3                    1                    0
                    6                    4                    0                    1
                    6                    5                    0                    1
                    6                    7                    1                    0
                    6                    7                    0                    1
                    6                    8                    0                    1
                    6                    9                    0                    1
                    6                   10                    1                    0
                    6                   15                    1                    0
                    6                   15                    0                    1
                    6                   17                    1                    0
                    6                   17                    0                    1
                    6                   18                    1                    0
                    6                   20                    0                    1
                    7                    3                    0                    1
                    7                    4                    1                    0
                    7                    6                    0                    1
                    7                    9                    1                    0
                    7                    9                    0                    1
                    7                   14                    1                    0
                    7                   14                    0                    1
                    7                   17                    1                    0
                    7                   18                    1                    0
                    8                    1                    1                    0
                    8                    4                    1                    0
                    8                    7                    1                    0
                    8                    7                    0                    1
                    8                    8                    0                    1
                    8                   14                    0                    1
                    8                   15                    0                    1
                    8                   16                    0                    1
                    8                   18                    0                    1
                    8                   19                    1                    0
                    8                   20                    1                    0
                    8                   20                    0                    1
                    9                    1                    1                    0
                    9                    2                    1                    0
                    9                    2                    0                    1
                    9                    3                    0                    1
                    9                    6                    1                    0
                    9                    6                    0                    1
                    9                   11                    1                    0
                    9                   11                    0                    1
                    9                   12                    1                    0
                    9                   19                    1                    0
                    9                   20                    1                    0
                   10                    1                    0                    1
                   10                    5                    1                    0
                   10                    5                    0                    1
                   10                   11                    0                    1
                   10                   13                    1                    0
                   10                   13                    0                    1
                   10                   14                    0                    1
                   10                   15                    0                    1
                   10                   16                    1                    0
                   10                   19                    0                    1
                   11                    5                    1                    0
                   11                   13                    0                    1
                   11                   14                    0                    1
                   11                   15                    0                    1
                   12                    5                    1                    0
                   12                   14                    1                    0
                   12                   14                    0                    1
                   12                   15                    0                    1
                   12                   16                    1                    0
                   13                    5                    0                    1
                   13                    6                    1                    0
                   13                    9                    1                    0
                   13                    9                    0                    1
                   13                   10                    1                    0
                   13                   11                    1                    0
                   13                   11                    0                    1
                   13                   12                    0                    1
                   13                   13                    0                    1
                   13                   16                    1                    0
                   14                    3                    1                    0
                   14                    3                    0                    1
                   14                    4                    1                    0
                   14                    6                    0                    1
                   14                    7                    1                    0
                   14                    9                    1                    0
                   14                   10                    0                    1
                   14                   16                    1                    0
                   15                    3                    1                    0
                   15                    4                    1                    0
                   15                    7                    1                    0
                   15                    9                    0                    1
                   15                   10                    1                    0
                   15                   12                    1                    0
                   15                   12                    0                    1
                   15                   13                    1                    0
                   15                   16                    0                    1
                   15                   17                    1                    0
                   16                    3                    0                    1
                   16                    4                    1                    0
                   16                    4                    0                    1
                   16                    5                    0                    1
                   16                    6                    0                    1
                   16                   10                    1                    0
                   16                   12                    1                    0
                   16                   13                    1                    0
                   16                   14                    1                    0
                   16                   14                    0                    1
                   16                   15                    0                    1
                   16                   16                    0                    1
                   17                    1                    1                    0
                   17                    1                    0                    1
                   17                    2                    1                    0
                   17                    3                    1                    0
                   17                    3                    0                    1
                   17                    5                    1                    0
                   17                    5                    0                    1
                   17                    6                    0                    1
                   17                    7                    0                    1
                   17                    8                    0                    1
                   17                    9                    0                    1
                   17                   12                    0                    1
                   17                   14                    1                    0
                   17                   16                    1                    0
                   17                   16                    0                    1
                   17                   17                    1                    0
                   18                    1                    1                    0
                   18                    1                    0                    1
                   18                    2                    1                    0
                   18                    2                    0                    1
                   18                    3                    1                    0
                   18                    3                    0                    1
                   18                    4                    0                    1
                   18                   14                    0                    1
                   18                   15                    0                    1
                   18                   17                    1                    0
                   18                   19                    1                    0
                   18                   19                    0                    1
                   18                   20                    0                    1
                   19                    1                    1                    0
                   19                    2                    0                    1
                   19                    5                    1                    0
                   19                    5                    0                    1
                   19                    6                    0                    1
                   19                    7                    1                    0
                   19                   17                    0                    1
                   19                   18                    0                    1
                   20                    1                    0                    1
                   20                    2                    0                    1
                   20                    3                    1                    0
                   20                    5                    0                    1
                   20                    6                    1                    0
                   20                    7                    1                    0
                   20                    9                    1                    0
                   20                    9                    0                    1
                   20                   10                    1                    0
                   20                   11                    1                    0
                   20                   11                    0                    1
                   20                   12                    0                    1
                   20                   13                    1                    0
                   20                   17                    1                    0
                    1                    6
                    7                    6
