                    1                    1                    0                    1
                    1                    2                    1                    0
                    1                    2                    0                    1
                    1                    3                    0                    1
                    1                    4                    1                    0
                    1                    4                    0                    1
                    1                    5                    1                    0
                    1                    6                    1                    0
                    1                    8                    1                    0
                    1                   10                    1                    0
                    1                   11                    1                    0
                    1                   11                    0                    1
                    1                   12                    0                    1
                    1                   13                    1                    0
                    1                   13                    0                    1
                    1                   14                    1                    0
                    1                   15                    1                    0
                    1                   16                    1                    0
                    1                   16                    0                    1
                    1                   17                    0                    1
                    1                   18                    0                    1
                    1                   20                    0                    1
                    2                    2                    0                    1
                    2                    3                    1                    0
                    2                    4                    0                    1
                    2                    5                    1                    0
                    2                    5                    0                    1
                    2                    8                    1                    0
                    2                    9                    1                    0
                    2                    9                    0                    1
                    2                   11                    1                    0
                    2                   12                    1                    0
                    2                   12                    0                    1
                    2                   13                    1                    0
                    2                   13                    0                    1
                    2                   14                    1                    0
                    2                   14                    0                    1
                    2                   16                    0                    1
                    2                   17                    1                    0
                    2                   18                    1                    0
                    2                   18                    0                    1
                    2                   19                    0                    1
                    2                   20                    1                    0
                    3                    1                    0                    1
                    3                    2                    1                    0
                    3                    3                    0                    1
                    3                    4                    1                    0
                    3                    5                    0                    1
                    3                    6                    0                    1
                    3                    7                    0                    1
                    3                    8                    1                    0
                    3                    8                    0                    1
                    3                    9                    1                    0
                    3                    9                    0                    1
                    3                   10                    1                    0
                    3                   11                    0                    1
                    3                   12                    1                    0
                    3                   12                    0                    1
                    3                   14                    1                    0
                    3                   15                    1                    0
                    3                   15                    0                    1
                    3                   16                    1                    0
                    3                   17                    0                    1
                    3                   19                    1                    0
                    3                   19                    0                    1
                    3                   20                    1                    0
                    3                   20                    0                    1
                    4                    1                    0                    1
                    4                    4                    0                    1
                    4                    5                    1                    0
                    4                    8                    0                    1
                    4                   10                    1                    0
                    4                   12                    1                    0
                    4                   13                    1                    0
                    4                   13                    0                    1
                    4                   14                    1                    0
                    4                   14                    0                    1
                    4                   15                    1                    0
                    4                   15                    0                    1
                    4                   17                    1                    0
                    4                   17                    0                    1
                    4                   18                    0                    1
                    4                   19                    1                    0
                    4                   19                    0                    1
                    4                   20                    1                    0
                    4                   20                    0                    1
                    5                    1                    1                    0
                    5                    1                    0                    1
                    5                    2                    1                    0
                    5                    3                    1                    0
                    5                    3                    0                    1
                    5                    4                    0                    1
                    5                    8                    1                    0
                    5                    8                    0                    1
                    5                    9                    1                    0
                    5                   10                    1                    0
                    5                   12                    1                    0
                    5                   13                    0                    1
                    5                   14                    1                    0
                    5                   14                    0                    1
                    5                   16                    1                    0
                    5                   16                    0                    1
                    5                   17                    1                    0
                    5                   17                    0                    1
                    5                   18                    1                    0
                    5                   19                    1                    0
                    5                   20                    1                    0
                    6                    2                    0                    1
                    6                    3                    1                    0
                    6                    3                    0                    1
                    6                    4                    1                    0
                    6                    8                    1                    0
                    6                    9                    1                    0
                    6                   10                    0                    1
                    6                   11                    0                    1
                    6                   14                    1                    0
                    6                   16                    0                    1
                    6                   17                    1                    0
                    6                   17                    0                    1
                    6                   18                    1                    0
                    6                   18                    0                    1
                    6                   19                    1                    0
                    6                   19                    0                    1
                    6                   20                    1                    0
                    6                   20                    0                    1
                    7                    1                    0                    1
                    7                    2                    1                    0
                    7                    3                    1                    0
                    7                    4                    0                    1
                    7                    5                    1                    0
                    7                    6                    1                    0
                    7                    6                    0                    1
                    7                    7                    0                    1
                    7                    9                    1                    0
                    7                   11                    1                    0
                    7                   11                    0                    1
                    7                   12                    0                    1
                    7                   13                    0                    1
                    7                   14                    1                    0
                    7                   14                    0                    1
                    7                   15                    1                    0
                    7                   17                    0                    1
                    7                   18                    1                    0
                    7                   18                    0                    1
                    7                   19                    1                    0
                    7                   19                    0                    1
                    7                   20                    1                    0
                    7                   20                    0                    1
                    8                    1                    1                    0
                    8                    2                    0                    1
                    8                    3                    1                    0
                    8                    3                    0                    1
                    8                    4                    1                    0
                    8                    5                    1                    0
                    8                    6                    0                    1
                    8                    7                    0                    1
                    8                    8                    1                    0
                    8                    9                    0                    1
                    8                   10                    1                    0
                    8                   11                    1                    0
                    8                   12                    1                    0
                    8                   12                    0                    1
                    8                   13                    1                    0
                    8                   14                    1                    0
                    8                   15                    0                    1
                    8                   16                    1                    0
                    8                   17                    1                    0
                    8                   17                    0                    1
                    8                   18                    1                    0
                    8                   18                    0                    1
                    8                   20                    0                    1
                    9                    1                    1                    0
                    9                    2                    1                    0
                    9                    2                    0                    1
                    9                    3                    1                    0
                    9                    3                    0                    1
                    9                    5                    0                    1
                    9                    6                    0                    1
                    9                    7                    0                    1
                    9                    9                    1                    0
                    9                    9                    0                    1
                    9                   10                    1                    0
                    9                   10                    0                    1
                    9                   12                    1                    0
                    9                   13                    0                    1
                    9                   14                    1                    0
                    9                   14                    0                    1
                    9                   15                    1                    0
                    9                   16                    0                    1
                    9                   18                    1                    0
                   10                    1                    1                    0
                   10                    2                    1                    0
                   10                    3                    1                    0
                   10                    4                    1                    0
                   10                    4                    0                    1
                   10                    5                    1                    0
                   10                    8                    1                    0
                   10                    8                    0                    1
                   10                   10                    1                    0
                   10                   11                    1                    0
                   10                   11                    0                    1
                   10                   13                    1                    0
                   10                   13                    0                    1
                   10                   14                    1                    0
                   10                   14                    0                    1
                   10                   15                    1                    0
                   10                   15                    0                    1
                   10                   16                    0                    1
                   10                   17                    0                    1
                   10                   19                    1                    0
                   10                   19                    0                    1
                   10                   20                    1                    0
                   11                    2                    1                    0
                   11                    3                    1                    0
                   11                    4                    0                    1
                   11                    6                    1                    0
                   11                    6                    0                    1
                   11                    7                    0                    1
                   11                    8                    1                    0
                   11                    8                    0                    1
                   11                    9                    0                    1
                   11                   11                    1                    0
                   11                   12                    1                    0
                   11                   12                    0                    1
                   11                   14                    1                    0
                   11                   15                    1                    0
                   11                   18                    1                    0
                   11                   18                    0                    1
                   11                   20                    0                    1
                   12                    2                    0                    1
                   12                    3                    1                    0
                   12                    3                    0                    1
                   12                    4                    1                    0
                   12                    5                    1                    0
                   12                    5                    0                    1
                   12                    6                    1                    0
                   12                    6                    0                    1
                   12                    7                    1                    0
                   12                    8                    1                    0
                   12                   10                    1                    0
                   12                   10                    0                    1
                   12                   11                    1                    0
                   12                   11                    0                    1
                   12                   12                    1                    0
                   12                   12                    0                    1
                   12                   13                    1                    0
                   12                   14                    0                    1
                   12                   16                    1                    0
                   12                   16                    0                    1
                   12                   17                    1                    0
                   12                   18                    0                    1
                   12                   19                    1                    0
                   13                    1                    1                    0
                   13                    1                    0                    1
                   13                    2                    1                    0
                   13                    3                    0                    1
                   13                    5                    0                    1
                   13                    7                    1                    0
                   13                    8                    0                    1
                   13                    9                    0                    1
                   13                   10                    1                    0
                   13                   10                    0                    1
                   13                   11                    1                    0
                   13                   11                    0                    1
                   13                   12                    1                    0
                   13                   12                    0                    1
                   13                   13                    1                    0
                   13                   13                    0                    1
                   13                   14                    1                    0
                   13                   15                    1                    0
                   13                   15                    0                    1
                   13                   16                    1                    0
                   13                   16                    0                    1
                   13                   17                    1                    0
                   13                   17                    0                    1
                   13                   18                    1                    0
                   13                   19                    1                    0
                   14                    1                    1                    0
                   14                    1                    0                    1
                   14                    2                    1                    0
                   14                    2                    0                    1
                   14                    3                    0                    1
                   14                    4                    1                    0
                   14                    6                    1                    0
                   14                    6                    0                    1
                   14                    9                    1                    0
                   14                    9                    0                    1
                   14                   10                    1                    0
                   14                   10                    0                    1
                   14                   11                    1                    0
                   14                   11                    0                    1
                   14                   12                    0                    1
                   14                   14                    1                    0
                   14                   15                    0                    1
                   14                   17                    0                    1
                   14                   18                    1                    0
                   14                   18                    0                    1
                   14                   20                    0                    1
                   15                    1                    1                    0
                   15                    1                    0                    1
                   15                    2                    1                    0
                   15                    2                    0                    1
                   15                    3                    1                    0
                   15                    4                    0                    1
                   15                    5                    1                    0
                   15                    6                    0                    1
                   15                    7                    1                    0
                   15                    8                    1                    0
                   15                    8                    0                    1
                   15                   10                    0                    1
                   15                   12                    1                    0
                   15                   12                    0                    1
                   15                   13                    1                    0
                   15                   14                    0                    1
                   15                   15                    1                    0
                   15                   18                    1                    0
                   15                   19                    1                    0
                   15                   19                    0                    1
                   15                   20                    0                    1
                   16                    2                    0                    1
                   16                    4                    1                    0
                   16                    4                    0                    1
                   16                    5                    1                    0
                   16                    5                    0                    1
                   16                    6                    0                    1
                   16                    7                    1                    0
                   16                    7                    0                    1
                   16                    8                    1                    0
                   16                    8                    0                    1
                   16                    9                    0                    1
                   16                   10                    0                    1
                   16                   11                    1                    0
                   16                   12                    1                    0
                   16                   13                    0                    1
                   16                   14                    1                    0
                   16                   15                    0                    1
                   16                   16                    1                    0
                   16                   18                    1                    0
                   16                   19                    0                    1
                   16                   20                    0                    1
                   17                    1                    1                    0
                   17                    4                    1                    0
                   17                    5                    1                    0
                   17                    7                    0                    1
                   17                   11                    1                    0
                   17                   12                    0                    1
                   17                   13                    1                    0
                   17                   14                    0                    1
                   17                   15                    1                    0
                   17                   16                    1                    0
                   17                   18                    1                    0
                   17                   19                    1                    0
                   17                   19                    0                    1
                   17                   20                    0                    1
                   18                    1                    0                    1
                   18                    2                    0                    1
                   18                    3                    1                    0
                   18                    4                    0                    1
                   18                    7                    1                    0
                   18                    7                    0                    1
                   18                    8                    1                    0
                   18                   10                    0                    1
                   18                   11                    1                    0
                   18                   11                    0                    1
                   18                   12                    0                    1
                   18                   15                    0                    1
                   18                   18                    1                    0
                   18                   19                    1                    0
                   19                    1                    1                    0
                   19                    3                    0                    1
                   19                    4                    0                    1
                   19                    5                    1                    0
                   19                    7                    1                    0
                   19                    8                    0                    1
                   19                    9                    0                    1
                   19                   10                    1                    0
                   19                   11                    0                    1
                   19                   12                    0                    1
                   19                   13                    0                    1
                   19                   14                    0                    1
                   19                   15                    1                    0
                   19                   16                    1                    0
                   19                   16                    0                    1
                   19                   17                    0                    1
                   19                   18                    1                    0
                   19                   18                    0                    1
                   19                   20                    1                    0
                   19                   20                    0                    1
                   20                    1                    0                    1
                   20                    2                    1                    0
                   20                    4                    1                    0
                   20                    4                    0                    1
                   20                    6                    1                    0
                   20                    6                    0                    1
                   20                    8                    1                    0
                   20                    8                    0                    1
                   20                    9                    0                    1
                   20                   10                    1                    0
                   20                   10                    0                    1
                   20                   11                    0                    1
                   20                   12                    0                    1
                   20                   13                    1                    0
                   20                   15                    1                    0
                   20                   16                    0                    1
                   20                   17                    0                    1
                   20                   18                    1                    0
                   20                   18                    0                    1
                   20                   19                    1                    0
                   20                   20                    1                    0
                   18                   10
                   14                   12
