                    1                    1                    1                    0
                    1                    3                    1                    0
                    1                    3                    0                    1
                    1                    7                    0                    1
                    1                    8                    0                    1
                    1                    9                    1                    0
                    1                   14                    1                    0
                    1                   18                    1                    0
                    2                    1                    1                    0
                    2                    3                    1                    0
                    2                    9                    1                    0
                    2                   13                    1                    0
                    2                   13                    0                    1
                    2                   17                    1                    0
                    2                   17                    0                    1
                    3                    3                    1                    0
                    3                    4                    1                    0
                    3                    4                    0                    1
                    3                    5                    0                    1
                    3                    6                    0                    1
                    3                    7                    0                    1
                    3                    8                    0                    1
                    3                    9                    1                    0
                    3                    9                    0                    1
                    3                   10                    0                    1
                    3                   11                    0                    1
                    3                   12                    0                    1
                    3                   17                    0                    1
                    3                   18                    1                    0
                    3                   19                    1                    0
                    3                   19                    0                    1
                    3                   20                    0                    1
                    4                    3                    1                    0
                    4                    4                    0                    1
                    4                    5                    0                    1
                    4                    6                    1                    0
                    4                    9                    0                    1
                    4                   10                    1                    0
                    4                   11                    1                    0
                    4                   11                    0                    1
                    4                   12                    1                    0
                    4                   18                    0                    1
                    5                    2                    0                    1
                    5                    6                    0                    1
                    5                    7                    1                    0
                    5                   10                    0                    1
                    5                   12                    1                    0
                    6                    7                    1                    0
                    6                    8                    0                    1
                    6                    9                    0                    1
                    6                   10                    0                    1
                    6                   11                    0                    1
                    7                    7                    1                    0
                    7                    8                    1                    0
                    7                    8                    0                    1
                    7                    9                    1                    0
                    8                    7                    0                    1
                    8                    9                    1                    0
                    9                    9                    1                    0
                    9                   10                    1                    0
                    9                   10                    0                    1
                    9                   11                    0                    1
                    9                   12                    1                    0
                   10                    8                    1                    0
                   10                    8                    0                    1
                   10                    9                    1                    0
                   10                    9                    0                    1
                   10                   10                    1                    0
                   10                   10                    0                    1
                   10                   11                    0                    1
                   11                    8                    0                    1
                   11                    9                    1                    0
                   11                    9                    0                    1
                   12                    9                    0                    1
                   12                   10                    1                    0
                   12                   15                    1                    0
                   12                   15                    0                    1
                   12                   16                    0                    1
                   12                   17                    1                    0
                   13                   10                    1                    0
                   13                   15                    1                    0
                   13                   17                    1                    0
                   14                   10                    1                    0
                   14                   15                    0                    1
                   14                   16                    1                    0
                   14                   17                    0                    1
                   14                   18                    1                    0
                   15                    5                    1                    0
                   15                    5                    0                    1
                   15                    6                    1                    0
                   15                    8                    1                    0
                   15                    8                    0                    1
                   15                    9                    0                    1
                   15                   15                    1                    0
                   15                   15                    0                    1
                   15                   18                    1                    0
                   16                    5                    0                    1
                   16                    7                    1                    0
                   16                    7                    0                    1
                   16                    8                    1                    0
                   16                    8                    0                    1
                   16                    9                    1                    0
                   16                   12                    1                    0
                   16                   12                    0                    1
                   16                   13                    1                    0
                   16                   15                    1                    0
                   16                   18                    1                    0
                   17                    7                    1                    0
                   17                    8                    1                    0
                   17                    9                    1                    0
                   17                   12                    0                    1
                   17                   15                    0                    1
                   17                   16                    1                    0
                   17                   17                    1                    0
                   17                   17                    0                    1
                   18                    6                    1                    0
                   18                    6                    0                    1
                   18                    8                    0                    1
                   18                   15                    1                    0
                   18                   15                    0                    1
                   18                   17                    1                    0
                   19                    4                    1                    0
                   19                    4                    0                    1
                   19                    6                    0                    1
                   19                    7                    1                    0
                   19                   14                    1                    0
                   19                   14                    0                    1
                   19                   17                    0                    1
                   19                   18                    1                    0
                   20                    4                    1                    0
                   20                    7                    1                    0
                   20                   14                    1                    0
                   20                   18                    1                    0
                   19                    5
                    5                    2
