                    1                   17                    1                    0
                    5                    7                    1                    0
                    5                    7                    0                    1
                    5                    8                    1                    0
                    6                    7                    0                    1
                    7                   15                    1                    0
                    7                   15                    0                    1
                    7                   16                    1                    0
                    8                    5                    1                    0
                    8                    5                    0                    1
                    8                   15                    1                    0
                    8                   16                    1                    0
                    9                    1                    0                    1
                    9                    2                    0                    1
                    9                    3                    0                    1
                    9                    4                    0                    1
                    9                   15                    0                    1
                   13                    1                    1                    0
                   13                    1                    0                    1
                   13                    2                    1                    0
                   14                    1                    0                    1
                   17                   14                    1                    0
                   17                   14                    0                    1
                   17                   15                    1                    0
                   18                   14                    0                    1
                    9                    1
                    2                   17
