                    5                    1                   -1                    0
                    5                   20                    0                    0
                    5                    1                   -1                    0
                    5                   19                    0                   -1
                    5                   20                    0                    0
                    5                   19                    0                   -1
                   12                   20                    0                    0
                   12                    2                    0                    1
                   11                   20                   -1                    0
                   12                   20                    1                    0
                   12                    1                    0                    0
                   12                   20                    0                    0
                   12                    1                    0                    0
                   12                    2                    0                    1
                   11                    2                   -1                    0
                   11                    1                    0                   -1
                   12                    3                    0                    1
                   11                    2                    0                    1
                   11                    1                    0                   -1
                   12                    4                    0                    1
                   11                   20                    0                    0
                   11                    1                    0                    0
                   11                   20                    0                    0
                   11                    1                    0                    0
                   13                    4                    1                    0
                   11                   20                    0                    0
                   14                    4                    1                    0
                   14                    5                    0                    1
                   13                    5                   -1                    0
                   11                    1                    0                    0
                   11                    2                    0                    1
                   13                    6                    0                    1
                   13                    7                    0                    1
                   11                    1                    0                   -1
                   12                    7                   -1                    0
                   11                    2                    0                    1
                   12                    2                    1                    0
                   11                    2                   -1                    0
                   13                    7                    1                    0
                   14                    7                    1                    0
                   11                    1                    0                   -1
                   15                    7                    1                    0
                   15                    8                    0                    1
                   11                   20                    0                    0
                   11                    1                    0                    0
                   15                    9                    0                    1
                   15                    8                    0                   -1
                   15                    7                    0                   -1
                   11                    2                    0                    1
                   11                    3                    0                    1
                   10                    3                   -1                    0
                   11                    3                    1                    0
                   12                    3                    1                    0
                   12                    2                    0                   -1
                   12                    3                    0                    1
                   12                    4                    0                    1
                   14                    7                   -1                    0
                   13                    4                    1                    0
                   14                    8                    0                    1
                   14                    7                    0                   -1
                   14                    4                    1                    0
                   14                    6                    0                   -1
                   13                    6                   -1                    0
                   15                    4                    1                    0
                   14                    6                    1                    0
                   14                    4                   -1                    0
                   14                    5                    0                   -1
                   14                    4                    0                   -1
                   13                    4                   -1                    0
                   12                    4                   -1                    0
                   15                    4                    1                    0
                   13                    4                    1                    0
                   14                    4                   -1                    0
                   13                    4                   -1                    0
                   19                    3                    0                   -1
                   18                    3                   -1                    0
                   19                    3                    0                   -1
                   19                    3                    1                    0
                   14                   10                    0                   -1
                   14                   11                    0                    1
                   13                   11                   -1                    0
                   14                   11                    1                    0
                   19                    4                    0                   -1
                   20                    5                    1                    0
                   20                    6                    0                    1
                   19                    5                    0                    1
