                   16                   20                   -1                    0
                   16                   19                    0                   -1
                   10                   10                    0                   -1
                   16                   18                    0                   -1
                   10                   11                    0                    1
                   15                   18                   -1                    0
                   16                   18                    1                    0
                   16                   17                    0                   -1
                   16                   18                    0                    1
                   16                   19                    0                    1
                   11                   11                    1                    0
                   10                   11                   -1                    0
                    9                   11                   -1                    0
                   10                   11                    1                    0
                   10                   12                    0                    1
                   11                   12                    1                    0
                   12                   12                    1                    0
                   13                   12                    1                    0
                   16                   20                    0                    1
                   12                   12                   -1                    0
                   11                   12                   -1                    0
                   10                   12                   -1                    0
                   10                   11                    0                   -1
                   10                   12                    0                    1
                   16                    1                    0                    0
                   10                   13                    0                    1
                   15                    1                   -1                    0
                   16                    1                    1                    0
                   10                   12                    0                   -1
                   10                   13                    0                    1
                   10                   14                    0                    1
                   17                    1                    1                    0
                   10                   15                    0                    1
                   11                   15                    1                    0
                   16                    1                   -1                    0
                   16                   20                    0                    0
                   12                   15                    1                    0
                   16                    1                    0                    0
                   11                   15                   -1                    0
                   11                   14                    0                   -1
                   12                   14                    1                    0
                   12                   13                    0                   -1
                   16                    2                    0                    1
                   15                    2                   -1                    0
                   13                   13                    1                    0
                   16                    2                    1                    0
                   17                    2                    1                    0
                   16                    2                   -1                    0
                   16                    1                    0                   -1
                   13                   12                    0                   -1
                   13                   11                    0                   -1
                   14                   11                    1                    0
                   13                   11                   -1                    0
                   13                   12                    0                    1
                   16                   20                    0                    0
                   13                   13                    0                    1
                   17                   20                    1                    0
                   13                   14                    0                    1
                   13                   13                    0                   -1
                   12                   13                   -1                    0
                   11                   13                   -1                    0
                   11                   14                    0                    1
                   12                   14                    1                    0
                   12                   13                    0                   -1
                   11                   13                   -1                    0
                   18                   20                    1                    0
                   17                   20                   -1                    0
                   18                   20                    1                    0
                   17                   20                   -1                    0
                   12                   13                    1                    0
                   11                   13                   -1                    0
                   11                   14                    0                    1
                   10                   14                   -1                    0
                   11                   14                    1                    0
                   11                   15                    0                    1
                   18                   20                    1                    0
                   18                   19                    0                   -1
                   10                   15                   -1                    0
                   18                   20                    0                    1
                   10                   14                    0                   -1
                   18                    1                    0                    0
                   18                    2                    0                    1
                    9                   14                   -1                    0
                   17                    2                   -1                    0
                   16                    2                   -1                    0
                   17                    2                    1                    0
                   18                    2                    1                    0
                    9                   13                    0                   -1
                   18                    1                    0                   -1
                    9                   12                    0                   -1
                   18                    2                    0                    1
                    9                   11                    0                   -1
                   18                    1                    0                   -1
                    9                   12                    0                    1
                   17                    1                   -1                    0
                    9                   13                    0                    1
                    9                   14                    0                    1
                   10                   14                    1                    0
                   18                    1                    1                    0
                   17                    1                   -1                    0
                    9                   14                   -1                    0
                   10                   14                    1                    0
                   17                    2                    0                    1
                   10                   13                    0                   -1
                   16                    2                   -1                    0
                   10                   12                    0                   -1
