                   16                   19                    1                    0
                   13                    1                    0                    0
                   17                   19                    1                    0
                   16                   19                   -1                    0
                   13                   20                    0                    0
                   15                   19                   -1                    0
                   15                   20                    0                    1
                   15                   19                    0                   -1
                   12                   20                   -1                    0
                   16                   19                    1                    0
                   15                   19                   -1                    0
                   15                   18                    0                   -1
                   13                   20                    1                    0
                   15                   19                    0                    1
                   16                   19                    1                    0
                   16                   18                    0                   -1
                   12                   20                   -1                    0
                   16                   19                    0                    1
                   12                    1                    0                    0
                   15                   19                   -1                    0
                   11                    1                   -1                    0
                   11                    2                    0                    1
                   15                   20                    0                    1
                   12                    2                    1                    0
                   14                   20                   -1                    0
                   12                    3                    0                    1
                   12                    4                    0                    1
                   15                   20                    1                    0
                   14                   20                   -1                    0
                   15                   20                    1                    0
                   12                    3                    0                   -1
                   15                   19                    0                   -1
                   15                   20                    0                    1
                   15                   19                    0                   -1
                   15                   20                    0                    1
                   15                   19                    0                   -1
                   13                    3                    1                    0
                   14                   19                   -1                    0
                   15                   19                    1                    0
                   13                    2                    0                   -1
                   12                    2                   -1                    0
                   12                    3                    0                    1
                   14                   19                   -1                    0
                   15                   19                    1                    0
                   15                   20                    0                    1
                   12                    2                    0                   -1
                   15                   19                    0                   -1
                   15                   20                    0                    1
                   15                    1                    0                    0
                   15                   20                    0                    0
                   15                    1                    0                    0
                   15                   20                    0                    0
                   15                   19                    0                   -1
                   11                    2                   -1                    0
                   16                   19                    1                    0
                   11                    1                    0                   -1
                   12                    1                    1                    0
                   12                    2                    0                    1
                   16                   20                    0                    1
                   12                    3                    0                    1
                   12                    4                    0                    1
                   16                   19                    0                   -1
                   17                   19                    1                    0
                   12                    5                    0                    1
                   16                   19                   -1                    0
                   15                   19                   -1                    0
                   15                   18                    0                   -1
                   12                    4                    0                   -1
                   15                   19                    0                    1
                   14                   19                   -1                    0
                   12                    3                    0                   -1
                   15                   19                    1                    0
                   16                   19                    1                    0
                   15                   19                   -1                    0
                   13                    3                    1                    0
                   14                   19                   -1                    0
                   13                    2                    0                   -1
                   13                   19                   -1                    0
                   12                    2                   -1                    0
                   12                    1                    0                   -1
                   13                   18                    0                   -1
                   13                   19                    0                    1
                   12                   20                    0                    0
                   13                   20                    0                    1
                   12                   19                    0                   -1
                   12                   18                    0                   -1
                   12                   20                   -1                    0
