                    5                    8                    1                    0
                    5                    9                    1                    0
                    6                    5                    1                    0
                    6                    5                    0                    1
                    6                    6                    1                    0
                    6                    8                    0                    1
                    7                    5                    0                    1
                   10                    7                    1                    0
                   10                    7                    0                    1
                   11                    7                    1                    0
                   12                    7                    1                    0
                   13                    7                    0                    1
                   13                    8                    0                    1
                    5                    9
                   13                    9
