                    1                    1                    1                    0
                    1                    2                    0                    1
                    1                    4                    0                    1
                    1                    5                    1                    0
                    1                    5                    0                    1
                    1                    6                    1                    0
                    1                    7                    0                    1
                    1                    8                    0                    1
                    1                    9                    0                    1
                    1                   12                    0                    1
                    1                   14                    1                    0
                    1                   15                    1                    0
                    1                   15                    0                    1
                    1                   16                    1                    0
                    1                   16                    0                    1
                    1                   17                    0                    1
                    1                   18                    1                    0
                    1                   19                    0                    1
                    2                    1                    0                    1
                    2                    2                    0                    1
                    2                    3                    0                    1
                    2                    4                    1                    0
                    2                    5                    0                    1
                    2                    8                    1                    0
                    2                    8                    0                    1
                    2                    9                    0                    1
                    2                   10                    0                    1
                    2                   11                    0                    1
                    2                   12                    1                    0
                    2                   14                    1                    0
                    2                   15                    0                    1
                    2                   18                    0                    1
                    2                   19                    0                    1
                    2                   20                    1                    0
                    3                    1                    0                    1
                    3                    2                    1                    0
                    3                    4                    1                    0
                    3                    7                    1                    0
                    3                    7                    0                    1
                    3                    8                    1                    0
                    3                    8                    0                    1
                    3                    9                    1                    0
                    3                   12                    1                    0
                    3                   14                    1                    0
                    3                   15                    1                    0
                    3                   15                    0                    1
                    3                   16                    0                    1
                    3                   17                    0                    1
                    3                   18                    1                    0
                    3                   20                    0                    1
                    4                    2                    1                    0
                    4                    4                    0                    1
                    4                    5                    0                    1
                    4                    6                    1                    0
                    4                    7                    1                    0
                    4                    8                    1                    0
                    4                    9                    1                    0
                    4                   11                    1                    0
                    4                   11                    0                    1
                    4                   13                    1                    0
                    4                   13                    0                    1
                    4                   15                    0                    1
                    4                   16                    0                    1
                    4                   17                    0                    1
                    4                   19                    1                    0
                    4                   19                    0                    1
                    4                   20                    1                    0
                    5                    2                    1                    0
                    5                    4                    1                    0
                    5                    4                    0                    1
                    5                    5                    1                    0
                    5                    6                    0                    1
                    5                    8                    0                    1
                    5                   11                    1                    0
                    5                   13                    0                    1
                    5                   14                    0                    1
                    5                   15                    1                    0
                    5                   16                    1                    0
                    5                   16                    0                    1
                    5                   17                    1                    0
                    5                   19                    0                    1
                    6                    1                    1                    0
                    6                    2                    1                    0
                    6                    4                    1                    0
                    6                    5                    1                    0
                    6                    7                    1                    0
                    6                    7                    0                    1
                    6                    8                    0                    1
                    6                    9                    1                    0
                    6                   11                    1                    0
                    6                   15                    1                    0
                    6                   16                    1                    0
                    6                   17                    1                    0
                    6                   19                    1                    0
                    6                   19                    0                    1
                    6                   20                    0                    1
                    7                    1                    1                    0
                    7                    2                    1                    0
                    7                    4                    0                    1
                    7                    7                    0                    1
                    7                    8                    1                    0
                    7                    9                    0                    1
                    7                   10                    1                    0
                    7                   11                    1                    0
                    7                   12                    1                    0
                    7                   12                    0                    1
                    7                   13                    0                    1
                    7                   14                    1                    0
                    7                   15                    0                    1
                    7                   17                    0                    1
                    7                   18                    0                    1
                    7                   19                    1                    0
                    7                   19                    0                    1
                    7                   20                    1                    0
                    8                    1                    1                    0
                    8                    1                    0                    1
                    8                    5                    1                    0
                    8                    5                    0                    1
                    8                    6                    0                    1
                    8                    7                    0                    1
                    8                    8                    1                    0
                    8                   10                    0                    1
                    8                   12                    1                    0
                    8                   14                    1                    0
                    8                   15                    1                    0
                    8                   15                    0                    1
                    8                   16                    1                    0
                    8                   19                    0                    1
                    8                   20                    1                    0
                    8                   20                    0                    1
                    9                    3                    1                    0
                    9                    3                    0                    1
                    9                    4                    1                    0
                    9                    5                    1                    0
                    9                    8                    0                    1
                    9                    9                    1                    0
                    9                   12                    1                    0
                    9                   13                    1                    0
                    9                   13                    0                    1
                    9                   15                    0                    1
                    9                   16                    1                    0
                    9                   16                    0                    1
                    9                   17                    1                    0
                    9                   20                    0                    1
                   10                    1                    1                    0
                   10                    2                    1                    0
                   10                    2                    0                    1
                   10                    3                    1                    0
                   10                    3                    0                    1
                   10                    5                    1                    0
                   10                    9                    1                    0
                   10                   11                    1                    0
                   10                   11                    0                    1
                   10                   13                    1                    0
                   10                   16                    1                    0
                   10                   17                    0                    1
                   10                   18                    1                    0
                   10                   19                    1                    0
                   10                   19                    0                    1
                   10                   20                    0                    1
                   11                    1                    1                    0
                   11                    2                    0                    1
                   11                    3                    1                    0
                   11                    3                    0                    1
                   11                    4                    0                    1
                   11                    6                    1                    0
                   11                    6                    0                    1
                   11                    7                    1                    0
                   11                    8                    1                    0
                   11                    8                    0                    1
                   11                   11                    0                    1
                   11                   12                    1                    0
                   11                   13                    0                    1
                   11                   14                    0                    1
                   11                   15                    1                    0
                   11                   16                    0                    1
                   11                   17                    1                    0
                   11                   19                    1                    0
                   12                    1                    0                    1
                   12                    2                    0                    1
                   12                    3                    1                    0
                   12                    3                    0                    1
                   12                    4                    0                    1
                   12                    5                    1                    0
                   12                    6                    0                    1
                   12                    8                    0                    1
                   12                    9                    1                    0
                   12                   12                    1                    0
                   12                   15                    0                    1
                   12                   16                    1                    0
                   12                   17                    1                    0
                   12                   19                    0                    1
                   12                   20                    1                    0
                   13                    3                    1                    0
                   13                    4                    1                    0
                   13                    4                    0                    1
                   13                    6                    1                    0
                   13                    6                    0                    1
                   13                    7                    0                    1
                   13                    8                    1                    0
                   13                    9                    1                    0
                   13                   11                    1                    0
                   13                   11                    0                    1
                   13                   13                    1                    0
                   13                   13                    0                    1
                   13                   14                    1                    0
                   13                   16                    1                    0
                   13                   17                    1                    0
                   13                   18                    1                    0
                   13                   18                    0                    1
                   13                   19                    1                    0
                   13                   20                    1                    0
                   14                    3                    0                    1
                   14                    4                    1                    0
                   14                    4                    0                    1
                   14                    5                    1                    0
                   14                    6                    1                    0
                   14                    8                    1                    0
                   14                    9                    1                    0
                   14                   11                    1                    0
                   14                   13                    0                    1
                   14                   16                    1                    0
                   14                   17                    1                    0
                   14                   18                    0                    1
                   14                   19                    1                    0
                   14                   19                    0                    1
                   15                    1                    1                    0
                   15                    1                    0                    1
                   15                    2                    1                    0
                   15                    4                    1                    0
                   15                    5                    0                    1
                   15                    7                    1                    0
                   15                    7                    0                    1
                   15                    9                    0                    1
                   15                   10                    0                    1
                   15                   14                    1                    0
                   15                   14                    0                    1
                   15                   15                    1                    0
                   15                   16                    0                    1
                   15                   19                    0                    1
                   15                   20                    1                    0
                   16                    1                    0                    1
                   16                    4                    1                    0
                   16                    6                    1                    0
                   16                    6                    0                    1
                   16                    7                    1                    0
                   16                    7                    0                    1
                   16                    8                    1                    0
                   16                   12                    1                    0
                   16                   12                    0                    1
                   16                   13                    1                    0
                   16                   14                    0                    1
                   16                   17                    1                    0
                   16                   17                    0                    1
                   16                   18                    0                    1
                   16                   19                    0                    1
                   17                    3                    1                    0
                   17                    3                    0                    1
                   17                    6                    0                    1
                   17                    7                    1                    0
                   17                    7                    0                    1
                   17                    9                    1                    0
                   17                    9                    0                    1
                   17                   10                    0                    1
                   17                   11                    1                    0
                   17                   12                    1                    0
                   17                   13                    0                    1
                   17                   14                    1                    0
                   17                   17                    1                    0
                   18                    2                    1                    0
                   18                    2                    0                    1
                   18                    3                    1                    0
                   18                    3                    0                    1
                   18                    4                    1                    0
                   18                    6                    1                    0
                   18                    6                    0                    1
                   18                    7                    1                    0
                   18                    7                    0                    1
                   18                    8                    0                    1
                   18                   10                    1                    0
                   18                   10                    0                    1
                   18                   11                    1                    0
                   18                   11                    0                    1
                   18                   12                    1                    0
                   18                   12                    0                    1
                   18                   13                    0                    1
                   18                   17                    0                    1
                   18                   18                    1                    0
                   18                   19                    1                    0
                   18                   19                    0                    1
                   18                   20                    1                    0
                   19                    1                    1                    0
                   19                    1                    0                    1
                   19                    3                    1                    0
                   19                    4                    0                    1
                   19                    5                    0                    1
                   19                    6                    0                    1
                   19                    8                    1                    0
                   19                    8                    0                    1
                   19                    9                    0                    1
                   19                   11                    1                    0
                   19                   12                    1                    0
                   19                   18                    0                    1
                   19                   20                    1                    0
                   20                    1                    1                    0
                   20                    1                    0                    1
                   20                    2                    1                    0
                   20                    3                    1                    0
                   20                    4                    1                    0
                   20                    4                    0                    1
                   20                    5                    1                    0
                   20                    7                    1                    0
                   20                    7                    0                    1
                   20                   10                    1                    0
                   20                   10                    0                    1
                   20                   12                    1                    0
                   20                   13                    1                    0
                   20                   14                    1                    0
                   20                   14                    0                    1
                   20                   15                    0                    1
                   20                   16                    1                    0
                   20                   19                    1                    0
                   20                   19                    0                    1
                   20                   20                    1                    0
                   20                   20                    0                    1
                    8                    8
                   19                    6
