                    4                   15                   -1                    0
                    1                    1                    0                   -1
                    5                   15                    1                    0
                    1                    2                    0                    1
                    1                    1                    0                   -1
                    1                    2                    0                    1
                    1                    3                    0                    1
                    1                    2                    0                   -1
                    1                    1                    0                   -1
                    1                    2                    0                    1
                    6                   15                    1                    0
                    6                   14                    0                   -1
                    6                   15                    0                    1
                    5                   15                   -1                    0
                    4                   15                   -1                    0
                    5                   15                    1                    0
                    2                    2                    1                    0
                    1                    2                   -1                    0
                    5                   16                    0                    1
                   20                    2                    0                    0
                    5                   15                    0                   -1
                    1                    2                    0                    0
                    2                    2                    1                    0
                    4                   15                   -1                    0
                    3                   15                   -1                    0
                    3                   14                    0                   -1
                    1                    2                   -1                    0
                    2                    2                    1                    0
                    2                    3                    0                    1
                    2                    2                    0                   -1
                    1                    2                   -1                    0
                    3                   15                    0                    1
                    1                    1                    0                   -1
                    2                    1                    1                    0
                    2                   20                    0                    0
                    2                    1                    0                    0
                    1                    1                   -1                    0
                    4                   15                    1                    0
                    1                    2                    0                    1
                    5                   15                    1                    0
                    5                   16                    0                    1
                    1                    1                    0                   -1
                    1                    2                    0                    1
                    4                   16                   -1                    0
                    1                    1                    0                   -1
                    1                   20                    0                    0
                    1                   19                    0                   -1
                    5                   16                    1                    0
                    5                   15                    0                   -1
                    6                   15                    1                    0
                    2                   19                    1                    0
                    1                   19                   -1                    0
                    6                   16                    0                    1
                    6                   15                    0                   -1
                    1                   18                    0                   -1
                    1                   19                    0                    1
                    7                   15                    1                    0
                    2                   19                    1                    0
                    1                   19                   -1                    0
                    1                   18                    0                   -1
                    8                   15                    1                    0
                    8                   14                    0                   -1
                    9                   14                    1                    0
                    9                   13                    0                   -1
                    9                   12                    0                   -1
                    1                   19                    0                    1
                    1                   18                    0                   -1
                   10                   12                    1                    0
