                   13                    1                    0                    0
                   11                    7                   -1                    0
                   10                    7                   -1                    0
                   11                    7                    1                    0
                   10                    7                   -1                    0
                   13                   20                    0                    0
                   14                   20                    1                    0
                   14                   19                    0                   -1
                   15                   19                    1                    0
                   10                    8                    0                    1
                    9                    8                   -1                    0
                   15                   18                    0                   -1
                   14                   18                   -1                    0
                   14                   19                    0                    1
                   10                    8                    1                    0
                   10                    7                    0                   -1
                   10                    6                    0                   -1
                   10                    5                    0                   -1
                   11                    5                    1                    0
                   10                    5                   -1                    0
                   10                    4                    0                   -1
                   14                   18                    0                   -1
                   14                   19                    0                    1
                   14                   18                    0                   -1
                   10                    5                    0                    1
                    9                    5                   -1                    0
                    9                    6                    0                    1
                    9                    7                    0                    1
                   13                   18                   -1                    0
                   14                   18                    1                    0
                    8                    7                   -1                    0
                   15                   18                    1                    0
                   14                   18                   -1                    0
                    7                    7                   -1                    0
                   15                   18                    1                    0
                    7                    6                    0                   -1
                    6                    6                   -1                    0
                    6                    5                    0                   -1
                   16                   18                    1                    0
                    6                    4                    0                   -1
                    6                    5                    0                    1
                   16                   19                    0                    1
                    6                    4                    0                   -1
                    7                    4                    1                    0
                   16                   20                    0                    1
                   16                   19                    0                   -1
                   17                   19                    1                    0
                    6                    4                   -1                    0
                   16                   19                   -1                    0
                   17                   19                    1                    0
                   16                   19                   -1                    0
                   16                   20                    0                    1
                   16                   19                    0                   -1
                    7                    4                    1                    0
                   15                   19                   -1                    0
                   15                   18                    0                   -1
                   14                   18                   -1                    0
                   14                   19                    0                    1
                   15                   19                    1                    0
                   15                   18                    0                   -1
                   15                   17                    0                   -1
                    7                    3                    0                   -1
                   15                   18                    0                    1
                    6                    3                   -1                    0
                   16                   18                    1                    0
                   16                   19                    0                    1
                   17                   19                    1                    0
                   17                   18                    0                   -1
                    5                    3                   -1                    0
                    5                    2                    0                   -1
                   18                   18                    1                    0
                   18                   19                    0                    1
                    5                    3                    0                    1
                   17                   19                   -1                    0
                    5                    2                    0                   -1
                    6                    2                    1                    0
                   18                   19                    1                    0
                   18                   20                    0                    1
                   17                   20                   -1                    0
                   17                    1                    0                    0
                    6                    3                    0                    1
                    5                    3                   -1                    0
                   17                    2                    0                    1
                    5                    2                    0                   -1
                    6                    2                    1                    0
                   17                    1                    0                   -1
                    5                    2                   -1                    0
                    6                    2                    1                    0
                   17                   20                    0                    0
                   18                   20                    1                    0
                    6                    1                    0                   -1
                   17                   20                   -1                    0
                   17                    1                    0                    0
                   17                   20                    0                    0
                    6                    2                    0                    1
                    7                    2                    1                    0
                    6                    2                   -1                    0
                    5                    2                   -1                    0
                    6                    2                    1                    0
                   18                   20                    1                    0
                   17                   20                   -1                    0
                   17                   19                    0                   -1
                    6                    3                    0                    1
                   16                   19                   -1                    0
                    5                    3                   -1                    0
                    5                    2                    0                   -1
                    4                    2                   -1                    0
                   16                   18                    0                   -1
                    3                    2                   -1                    0
                    4                    2                    1                    0
                    4                    3                    0                    1
                   17                   18                    1                    0
                    5                    3                    1                    0
                   17                   19                    0                    1
                   17                   20                    0                    1
                    5                    2                    0                   -1
                    5                    1                    0                   -1
                   16                   20                   -1                    0
                   16                   19                    0                   -1
                   16                   20                    0                    1
                    5                    2                    0                    1
                   15                   20                   -1                    0
                    5                    1                    0                   -1
                   15                    1                    0                    0
                   15                   20                    0                    0
                    6                    1                    1                    0
                    7                    1                    1                    0
                    8                    1                    1                    0
                    8                    2                    0                    1
                   16                   20                    1                    0
                    7                    2                   -1                    0
                   16                    1                    0                    0
                   16                    2                    0                    1
                   16                    1                    0                   -1
                    8                    2                    1                    0
                    9                    2                    1                    0
                   15                    1                   -1                    0
                   16                    1                    1                    0
                    9                    3                    0                    1
                    9                    4                    0                    1
                   17                    1                    1                    0
                    9                    3                    0                   -1
                   18                    1                    1                    0
                   17                    1                   -1                    0
                   18                    1                    1                    0
                    8                    3                   -1                    0
                    9                    3                    1                    0
                    8                    3                   -1                    0
                   18                    2                    0                    1
                   19                    2                    1                    0
                    8                    2                    0                   -1
                    8                    3                    0                    1
                    7                    3                   -1                    0
