                    1                   18                    0                    1
                    1                   19                    1                    0
                    6                   18                    1                    0
                    6                   18                    0                    1
                    6                   19                    1                    0
                    7                   18                    0                    1
                    8                   13                    0                    1
                   13                   10                    1                    0
                   13                   10                    0                    1
                   13                   11                    1                    0
                   14                   10                    0                    1
                    1                   18
                    2                   19
