                   19                    3                    1                    0
                   13                   16                   -1                    0
                   19                    4                    0                    1
                   14                   16                    1                    0
                   19                    3                    0                   -1
                   18                    3                   -1                    0
                   15                   16                    1                    0
                   14                   16                   -1                    0
                   14                   15                    0                   -1
                   14                   14                    0                   -1
                   18                    4                    0                    1
                   14                   13                    0                   -1
                   14                   14                    0                    1
                   14                   15                    0                    1
                   17                    4                   -1                    0
                   13                   15                   -1                    0
                   12                   15                   -1                    0
                   13                   15                    1                    0
                   18                    4                    1                    0
                   14                   15                    1                    0
                   15                   15                    1                    0
                   14                   15                   -1                    0
                   18                    5                    0                    1
                   18                    6                    0                    1
                   13                   15                   -1                    0
                   18                    5                    0                   -1
                   18                    4                    0                   -1
                   14                   15                    1                    0
                   19                    4                    1                    0
                   18                    4                   -1                    0
                   19                    4                    1                    0
                   15                   15                    1                    0
                   14                   15                   -1                    0
                   14                   16                    0                    1
                   18                    4                   -1                    0
                   14                   15                    0                   -1
                   18                    3                    0                   -1
                   14                   16                    0                    1
                   19                    3                    1                    0
                   18                    3                   -1                    0
                   18                    2                    0                   -1
                   18                    3                    0                    1
                   18                    4                    0                    1
                   15                   16                    1                    0
                   17                    4                   -1                    0
                   18                    4                    1                    0
                   16                   16                    1                    0
                   18                    3                    0                   -1
                   16                   15                    0                   -1
                   19                    3                    1                    0
                   18                    3                   -1                    0
                   16                   16                    0                    1
                   15                   16                   -1                    0
                   19                    3                    1                    0
                   15                   17                    0                    1
                   15                   16                    0                   -1
                   18                    3                   -1                    0
                   14                   16                   -1                    0
                   13                   16                   -1                    0
                   18                    4                    0                    1
                   14                   16                    1                    0
                   18                    3                    0                   -1
                   13                   16                   -1                    0
                   12                   16                   -1                    0
                   13                   16                    1                    0
                   14                   16                    1                    0
                   17                    3                   -1                    0
                   17                    4                    0                    1
                   15                   16                    1                    0
                   14                   16                   -1                    0
                   15                   16                    1                    0
                   17                    5                    0                    1
                   14                   16                   -1                    0
                   16                    5                   -1                    0
                   14                   15                    0                   -1
                   14                   16                    0                    1
                   15                   16                    1                    0
                   15                   15                    0                   -1
                   15                   16                    0                    1
                   14                   16                   -1                    0
                   14                   17                    0                    1
                   14                   16                    0                   -1
