                   15                    1                    1                    0
                   14                    1                   -1                    0
                   15                    1                    1                    0
                   14                    1                   -1                    0
                   13                   18                   -1                    0
                   14                   18                    1                    0
                   14                   20                    0                    0
                   13                   20                   -1                    0
                   14                   20                    1                    0
                   14                   17                    0                   -1
                   14                    1                    0                    0
                   14                   18                    0                    1
                   14                   17                    0                   -1
                   14                    2                    0                    1
                   14                   18                    0                    1
                   14                    3                    0                    1
                   13                   18                   -1                    0
                   14                   18                    1                    0
                   14                   19                    0                    1
                   14                    2                    0                   -1
                   14                   18                    0                   -1
                   13                    2                   -1                    0
                   14                   19                    0                    1
                   12                    2                   -1                    0
                   13                   19                   -1                    0
                   13                    2                    1                    0
                   12                   19                   -1                    0
                   13                   19                    1                    0
                   13                   20                    0                    1
                   14                   20                    1                    0
                   13                    3                    0                    1
                   13                   20                   -1                    0
                   14                   20                    1                    0
                   13                   20                   -1                    0
                   13                    4                    0                    1
                   14                   20                    1                    0
                   13                   20                   -1                    0
                   13                    3                    0                   -1
                   12                    3                   -1                    0
                   12                   20                   -1                    0
                   13                   20                    1                    0
                   13                   19                    0                   -1
                   12                   19                   -1                    0
                   12                   18                    0                   -1
                   13                   18                    1                    0
                   13                    3                    1                    0
                   13                   19                    0                    1
                   13                    4                    0                    1
                   13                    3                    0                   -1
                   13                   18                    0                   -1
                   13                    4                    0                    1
                   13                   19                    0                    1
                   12                   19                   -1                    0
                   12                   18                    0                   -1
                   13                   18                    1                    0
                   12                   18                   -1                    0
                   13                    3                    0                   -1
                   14                    3                    1                    0
                   14                    4                    0                    1
                   13                   18                    1                    0
                   13                   19                    0                    1
                   14                   19                    1                    0
                   13                   19                   -1                    0
                   14                   19                    1                    0
                   14                    3                    0                   -1
                   13                    3                   -1                    0
                   12                    3                   -1                    0
                   11                    3                   -1                    0
                   14                   20                    0                    1
                   14                   19                    0                   -1
                   12                    3                    1                    0
                   15                   19                    1                    0
                   13                    3                    1                    0
                   16                   19                    1                    0
                   16                   20                    0                    1
                   13                    2                    0                   -1
                   16                   19                    0                   -1
                   15                   19                   -1                    0
                   14                   19                   -1                    0
                   14                    2                    1                    0
                   14                    1                    0                   -1
                   14                   18                    0                   -1
                   13                    1                   -1                    0
                   14                   17                    0                   -1
