                    4                   11                    0                   -1
                    3                   11                   -1                    0
                   16                   16                   -1                    0
                   17                   16                    1                    0
                   18                   16                    1                    0
                   19                   16                    1                    0
                    3                   12                    0                    1
                   20                   16                    1                    0
                    3                   11                    0                   -1
                   20                   15                    0                   -1
                    2                   11                   -1                    0
                   20                   14                    0                   -1
                    2                   10                    0                   -1
                   20                   13                    0                   -1
                    3                   10                    1                    0
                   19                   13                   -1                    0
                    3                    9                    0                   -1
                    3                    8                    0                   -1
                    2                    8                   -1                    0
                   19                   12                    0                   -1
                    3                    8                    1                    0
                    2                    8                   -1                    0
                    1                    8                   -1                    0
                   19                   11                    0                   -1
                    1                    9                    0                    1
                    1                   10                    0                    1
                   19                   12                    0                    1
                   19                   13                    0                    1
                   20                   10                    0                    0
                    1                   10                    0                    0
                   20                   13                    1                    0
                    1                   13                    0                    0
                   20                   13                    0                    0
                    1                   11                    0                    1
                    1                   10                    0                   -1
                    1                   13                    0                    0
                   20                   13                    0                    0
                    1                   13                    0                    0
                    2                   10                    1                    0
                    1                   12                    0                   -1
                    1                   11                    0                   -1
                    1                   12                    0                    1
                    2                   12                    1                    0
                    2                    9                    0                   -1
                    2                   13                    0                    1
                    3                    9                    1                    0
                    3                   13                    1                    0
                    3                   14                    0                    1
                    2                   14                   -1                    0
                    2                    9                   -1                    0
                    2                   13                    0                   -1
                    2                   14                    0                    1
                    2                   15                    0                    1
                    1                    9                   -1                    0
                    1                   10                    0                    1
                    2                   14                    0                   -1
                    2                   15                    0                    1
                    3                   15                    1                    0
                    2                   10                    1                    0
                    3                   10                    1                    0
                    4                   15                    1                    0
                    3                   15                   -1                    0
                    3                   11                    0                    1
                    3                   10                    0                   -1
                    4                   10                    1                    0
                    5                   10                    1                    0
                    6                   10                    1                    0
                    6                   11                    0                    1
                    7                   11                    1                    0
                    6                   11                   -1                    0
                    3                   16                    0                    1
                    2                   16                   -1                    0
                    5                   11                   -1                    0
                    4                   11                   -1                    0
                    4                   12                    0                    1
                    5                   12                    1                    0
                    6                   12                    1                    0
                    3                   16                    1                    0
                    6                   13                    0                    1
                    3                   15                    0                   -1
                    5                   13                   -1                    0
                    4                   15                    1                    0
                    5                   12                    0                   -1
                    6                   12                    1                    0
                    6                   13                    0                    1
                    3                   15                   -1                    0
                    7                   13                    1                    0
                    3                   16                    0                    1
                    6                   13                   -1                    0
                    4                   16                    1                    0
                    6                   12                    0                   -1
                    5                   12                   -1                    0
                    3                   16                   -1                    0
                    2                   16                   -1                    0
                    5                   13                    0                    1
                    2                   15                    0                   -1
                    4                   13                   -1                    0
                    3                   13                   -1                    0
                    2                   14                    0                   -1
                    3                   12                    0                   -1
                    2                   15                    0                    1
                    4                   12                    1                    0
                    3                   15                    1                    0
                    4                   13                    0                    1
                    3                   16                    0                    1
                    4                   16                    1                    0
                    4                   12                    0                   -1
                    4                   13                    0                    1
                    4                   17                    0                    1
                    4                   18                    0                    1
                    4                   12                    0                   -1
                    5                   18                    1                    0
                    5                   17                    0                   -1
                    5                   18                    0                    1
                    5                   12                    1                    0
                    6                   18                    1                    0
                    5                   11                    0                   -1
                    6                   19                    0                    1
                    5                   10                    0                   -1
                    6                   18                    0                   -1
                    4                   10                   -1                    0
                    3                   10                   -1                    0
                    7                   18                    1                    0
                    4                   10                    1                    0
                    7                   19                    0                    1
                    6                   19                   -1                    0
                    6                   18                    0                   -1
                    6                   17                    0                   -1
                    4                    9                    0                   -1
                    5                    9                    1                    0
                    5                   10                    0                    1
                    5                    9                    0                   -1
                    7                   17                    1                    0
                    6                    9                    1                    0
                    7                   16                    0                   -1
                    6                    8                    0                   -1
                    6                    9                    0                    1
                    7                    9                    1                    0
                    6                   16                   -1                    0
                    7                   16                    1                    0
                    6                    9                   -1                    0
                    7                   17                    0                    1
                    6                   10                    0                    1
                    5                   10                   -1                    0
                    7                   16                    0                   -1
                    6                   10                    1                    0
                    6                   11                    0                    1
                    6                   12                    0                    1
                    8                   16                    1                    0
                    8                   17                    0                    1
                    6                   13                    0                    1
                    8                   18                    0                    1
                    7                   18                   -1                    0
                    8                   18                    1                    0
                    6                   14                    0                    1
                    6                   13                    0                   -1
                    5                   13                   -1                    0
                    9                   18                    1                    0
                    5                   12                    0                   -1
                    6                   12                    1                    0
                   10                   18                    1                    0
                   10                   19                    0                    1
                    7                   12                    1                    0
                    7                   11                    0                   -1
                    7                   10                    0                   -1
                    7                   11                    0                    1
                    6                   11                   -1                    0
                   10                   18                    0                   -1
                    9                   18                   -1                    0
                    7                   11                    1                    0
                    9                   19                    0                    1
                    6                   11                   -1                    0
                    8                   19                   -1                    0
                    7                   19                   -1                    0
                    7                   11                    1                    0
                    6                   11                   -1                    0
                    8                   19                    1                    0
                    6                   12                    0                    1
                    6                   11                    0                   -1
                    7                   11                    1                    0
                    7                   19                   -1                    0
                    6                   19                   -1                    0
                    5                   19                   -1                    0
                    4                   19                   -1                    0
                    6                   11                   -1                    0
                    3                   19                   -1                    0
                    4                   19                    1                    0
                    3                   19                   -1                    0
                    4                   19                    1                    0
                    5                   19                    1                    0
                    4                   19                   -1                    0
                    3                   19                   -1                    0
                    4                   19                    1                    0
                    5                   11                   -1                    0
                    5                   19                    1                    0
                    5                   18                    0                   -1
                    5                   12                    0                    1
                    6                   18                    1                    0
