                   17                   12                    0                    1
                   17                   13                    0                    1
                   17                   12                    0                   -1
                   17                   13                    0                    1
                   17                   12                    0                   -1
                   17                   11                    0                   -1
                   16                   11                   -1                    0
                   15                   11                   -1                    0
                   15                   10                    0                   -1
                    4                   20                   -1                    0
                   15                   11                    0                    1
                    5                   20                    1                    0
                    5                   19                    0                   -1
                   14                   11                   -1                    0
                    4                   19                   -1                    0
                    5                   19                    1                    0
                    5                   20                    0                    1
                   15                   11                    1                    0
                    6                   20                    1                    0
                   14                   11                   -1                    0
                   15                   11                    1                    0
                   16                   11                    1                    0
                    5                   20                   -1                    0
                    5                   19                    0                   -1
                   16                   10                    0                   -1
                   15                   10                   -1                    0
                    6                   19                    1                    0
                    7                   19                    1                    0
                    6                   19                   -1                    0
                   15                   11                    0                    1
                   16                   11                    1                    0
                   16                   10                    0                   -1
                    5                   19                   -1                    0
                   17                   10                    1                    0
                   18                   10                    1                    0
                    5                   20                    0                    1
                   17                   10                   -1                    0
                    5                   19                    0                   -1
                    5                   20                    0                    1
                   16                   10                   -1                    0
                   15                   10                   -1                    0
                   15                    9                    0                   -1
                    5                    1                    0                    0
                    5                   20                    0                    0
                   15                   10                    0                    1
                    5                    1                    0                    0
                    5                    2                    0                    1
                    5                    1                    0                   -1
                   15                   11                    0                    1
                   16                   11                    1                    0
                    5                   20                    0                    0
                   16                   12                    0                    1
                    5                   19                    0                   -1
                    5                   20                    0                    1
                   17                   12                    1                    0
                   16                   12                   -1                    0
                    6                   20                    1                    0
                    6                   19                    0                   -1
                   15                   12                   -1                    0
                   16                   12                    1                    0
                    6                   20                    0                    1
                    7                   20                    1                    0
                    6                   20                   -1                    0
                   16                   11                    0                   -1
                   15                   11                   -1                    0
                    5                   20                   -1                    0
                   16                   11                    1                    0
                   17                   11                    1                    0
                   17                   10                    0                   -1
                    5                    1                    0                    0
                   17                   11                    0                    1
                    6                    1                    1                    0
                   17                   12                    0                    1
                   18                   12                    1                    0
                   18                   11                    0                   -1
                   18                   10                    0                   -1
                    5                    1                   -1                    0
                    5                   20                    0                    0
                   18                    9                    0                   -1
                   19                    9                    1                    0
                    4                   20                   -1                    0
                   18                    9                   -1                    0
                    4                    1                    0                    0
                   17                    9                   -1                    0
                   18                    9                    1                    0
                   18                   10                    0                    1
                    4                   20                    0                    0
                    5                   20                    1                    0
                   18                    9                    0                   -1
                   17                    9                   -1                    0
                    5                   19                    0                   -1
                   18                    9                    1                    0
                    5                   18                    0                   -1
                   18                    8                    0                   -1
                   18                    7                    0                   -1
                    5                   19                    0                    1
                   18                    8                    0                    1
                   17                    8                   -1                    0
