                   20                   12                    1                    0
                   18                   11                   -1                    0
                   19                   12                   -1                    0
                   20                   12                    1                    0
                   20                   11                    0                   -1
                    1                   11                    0                    0
                   18                   10                    0                   -1
                    1                   10                    0                   -1
                   19                   10                    1                    0
                   18                   10                   -1                    0
                   19                   10                    1                    0
                   18                   10                   -1                    0
                   18                   11                    0                    1
                   18                   10                    0                   -1
                   18                    9                    0                   -1
                    1                   11                    0                    1
                   19                    9                    1                    0
                    1                   12                    0                    1
                   20                    9                    1                    0
                    2                   12                    1                    0
                    1                    9                    0                    0
                    2                   13                    0                    1
                   20                    9                    0                    0
                    3                   13                    1                    0
                   20                   10                    0                    1
                    4                   13                    1                    0
                   20                    9                    0                   -1
                    3                   13                   -1                    0
                   20                    8                    0                   -1
                    1                    8                    0                    0
                    3                   12                    0                   -1
                    3                   13                    0                    1
                    1                    9                    0                    1
                    2                   13                   -1                    0
                    2                    9                    1                    0
                    3                    9                    1                    0
                    2                    9                   -1                    0
                    1                   13                   -1                    0
                    1                    9                   -1                    0
                    1                   14                    0                    1
                   20                   14                    0                    0
                    1                    8                    0                   -1
                    2                    8                    1                    0
                   19                   14                   -1                    0
                   19                   15                    0                    1
                    1                    8                   -1                    0
                   19                   14                    0                   -1
                   18                   14                   -1                    0
                   18                   15                    0                    1
                   20                    8                    0                    0
                   17                   15                   -1                    0
                   17                   16                    0                    1
                    1                    8                    0                    0
                    2                    8                    1                    0
                   17                   17                    0                    1
                   17                   18                    0                    1
                   16                   18                   -1                    0
                    2                    9                    0                    1
                   15                   18                   -1                    0
                   14                   18                   -1                    0
                   13                   18                   -1                    0
                   14                   18                    1                    0
                   15                   18                    1                    0
                    3                    9                    1                    0
                    3                   10                    0                    1
                    2                   10                   -1                    0
                    3                   10                    1                    0
                    4                   10                    1                    0
                   15                   19                    0                    1
                    5                   10                    1                    0
                    6                   10                    1                    0
                    6                    9                    0                   -1
                    6                    8                    0                   -1
                    7                    8                    1                    0
                    7                    7                    0                   -1
                   15                   20                    0                    1
                    8                    7                    1                    0
                    7                    7                   -1                    0
                    7                    6                    0                   -1
                   15                   19                    0                   -1
                   16                   19                    1                    0
                    7                    5                    0                   -1
                   16                   18                    0                   -1
                   15                   18                   -1                    0
                   14                   18                   -1                    0
                    7                    6                    0                    1
                   13                   18                   -1                    0
                    8                    6                    1                    0
                   13                   19                    0                    1
                    8                    5                    0                   -1
                    8                    6                    0                    1
                    7                    6                   -1                    0
                    7                    5                    0                   -1
                    8                    5                    1                    0
                    9                    5                    1                    0
                    9                    6                    0                    1
                   12                   19                   -1                    0
                   11                   19                   -1                    0
                   12                   19                    1                    0
                   12                   18                    0                   -1
                   11                   18                   -1                    0
                   10                   18                   -1                    0
                   10                   19                    0                    1
                   11                   19                    1                    0
                   10                    6                    1                    0
                   10                    7                    0                    1
                   10                   19                   -1                    0
                   10                    6                    0                   -1
                   10                   18                    0                   -1
                   10                   19                    0                    1
                   11                   19                    1                    0
                   11                   18                    0                   -1
                   10                    5                    0                   -1
                   10                    4                    0                   -1
                   12                   18                    1                    0
                   10                    3                    0                   -1
                   12                   17                    0                   -1
                   12                   16                    0                   -1
                   10                    4                    0                    1
                    9                    4                   -1                    0
                   10                    4                    1                    0
                   12                   17                    0                    1
                   10                    5                    0                    1
                   11                   17                   -1                    0
                   11                   16                    0                   -1
                    9                    5                   -1                    0
                    8                    5                   -1                    0
                   10                   16                   -1                    0
                   11                   16                    1                    0
                    8                    6                    0                    1
                   11                   15                    0                   -1
                   12                   15                    1                    0
                    8                    7                    0                    1
                   13                   15                    1                    0
                   13                   14                    0                   -1
                   13                   13                    0                   -1
                    7                    7                   -1                    0
                    7                    8                    0                    1
                    7                    9                    0                    1
                    7                    8                    0                   -1
                   13                   14                    0                    1
                    6                    8                   -1                    0
                   13                   13                    0                   -1
                    6                    9                    0                    1
                    7                    9                    1                    0
                   14                   13                    1                    0
                    6                    9                   -1                    0
                    7                    9                    1                    0
                   14                   14                    0                    1
                    7                   10                    0                    1
                    7                    9                    0                   -1
                   15                   14                    1                    0
                    6                    9                   -1                    0
                   15                   13                    0                   -1
                    6                   10                    0                    1
                    7                   10                    1                    0
                   14                   13                   -1                    0
                    7                   11                    0                    1
                   15                   13                    1                    0
                   14                   13                   -1                    0
                    8                   11                    1                    0
                   15                   13                    1                    0
                   15                   12                    0                   -1
                    9                   11                    1                    0
                   16                   12                    1                    0
                    8                   11                   -1                    0
                   17                   12                    1                    0
                   17                   13                    0                    1
                   16                   13                   -1                    0
                    8                   12                    0                    1
                    7                   12                   -1                    0
                   16                   14                    0                    1
                    7                   11                    0                   -1
                   16                   13                    0                   -1
                    7                   12                    0                    1
                    6                   12                   -1                    0
                   17                   13                    1                    0
                    5                   12                   -1                    0
                   16                   13                   -1                    0
                    5                   11                    0                   -1
