                   20                    2                    0                    1
                   20                    3                    0                    1
                   20                    2                    0                   -1
                   13                    8                    0                   -1
                   14                    8                    1                    0
                   13                    8                   -1                    0
                   20                    1                    0                   -1
                   13                    9                    0                    1
                    1                    1                    0                    0
                   20                    1                    0                    0
                   19                    1                   -1                    0
                   13                    8                    0                   -1
                   20                    1                    1                    0
                   13                    9                    0                    1
                   14                    9                    1                    0
                   13                    9                   -1                    0
                   20                    2                    0                    1
                   19                    2                   -1                    0
                   20                    2                    1                    0
                   20                    1                    0                   -1
                   13                    8                    0                   -1
                   13                    9                    0                    1
                   20                    2                    0                    1
                   13                    8                    0                   -1
                   19                    2                   -1                    0
                   13                    9                    0                    1
                   19                    1                    0                   -1
                   12                    9                   -1                    0
                   13                    9                    1                    0
                   13                    8                    0                   -1
                   19                   20                    0                    0
                   19                    1                    0                    0
                   19                    2                    0                    1
                   20                    2                    1                    0
                   20                    3                    0                    1
                   13                    9                    0                    1
                   12                    9                   -1                    0
                   20                    2                    0                   -1
                   20                    3                    0                    1
                   20                    2                    0                   -1
                   20                    1                    0                   -1
                   13                    9                    1                    0
                    1                    1                    0                    0
                   12                    9                   -1                    0
                    1                   20                    0                    0
                   11                    9                   -1                    0
                    1                    1                    0                    0
                   20                    1                    0                    0
                   12                    9                    1                    0
                   19                    1                   -1                    0
                   11                    9                   -1                    0
                   12                    9                    1                    0
                   20                    1                    1                    0
                   20                    2                    0                    1
                   20                    3                    0                    1
                   12                    8                    0                   -1
                   12                    7                    0                   -1
                   20                    2                    0                   -1
                   12                    6                    0                   -1
                   13                    6                    1                    0
                   20                    1                    0                   -1
                   19                    1                   -1                    0
                   19                    2                    0                    1
                   12                    6                   -1                    0
                   13                    6                    1                    0
                   12                    6                   -1                    0
