                    1                    6                   -1                    0
                   18                    8                    0                    1
                    2                    6                    1                    0
                    3                    6                    1                    0
                   18                    7                    0                   -1
                   18                    8                    0                    1
                   18                    9                    0                    1
                    2                    6                   -1                    0
                   18                   10                    0                    1
                   18                    9                    0                   -1
                   17                    9                   -1                    0
                   16                    9                   -1                    0
                   16                   10                    0                    1
                   17                   10                    1                    0
                    3                    6                    1                    0
                   18                   10                    1                    0
                   17                   10                   -1                    0
                    3                    5                    0                   -1
                    3                    6                    0                    1
                   16                   10                   -1                    0
                   16                    9                    0                   -1
                   17                    9                    1                    0
                    2                    6                   -1                    0
                   16                    9                   -1                    0
                    2                    5                    0                   -1
                    2                    6                    0                    1
                    2                    5                    0                   -1
                   15                    9                   -1                    0
                   15                    8                    0                   -1
                   15                    7                    0                   -1
                    1                    5                   -1                    0
                   15                    8                    0                    1
                   15                    9                    0                    1
                    2                    5                    1                    0
                   16                    9                    1                    0
                    3                    5                    1                    0
                    3                    4                    0                   -1
                    3                    5                    0                    1
                    2                    5                   -1                    0
                   15                    9                   -1                    0
                   15                   10                    0                    1
                    3                    5                    1                    0
                   16                   10                    1                    0
                    4                    5                    1                    0
                    3                    5                   -1                    0
                    3                    6                    0                    1
                    3                    5                    0                   -1
                    4                    5                    1                    0
                   17                   10                    1                    0
                   17                   11                    0                    1
                    3                    5                   -1                    0
                    4                    5                    1                    0
                    3                    5                   -1                    0
                    2                    5                   -1                    0
                    2                    4                    0                   -1
                    3                    4                    1                    0
                   17                   10                    0                   -1
                   17                   11                    0                    1
                   17                   10                    0                   -1
                    3                    3                    0                   -1
                   17                    9                    0                   -1
                   16                    9                   -1                    0
                    2                    3                   -1                    0
                   15                    9                   -1                    0
                    3                    3                    1                    0
                    3                    4                    0                    1
                    3                    3                    0                   -1
                    3                    4                    0                    1
                   15                   10                    0                    1
                   16                   10                    1                    0
                    3                    3                    0                   -1
                   17                   10                    1                    0
                   18                   10                    1                    0
                    3                    4                    0                    1
                   18                    9                    0                   -1
                   19                    9                    1                    0
                    2                    4                   -1                    0
                   19                   10                    0                    1
                   18                   10                   -1                    0
                   17                   10                   -1                    0
                   17                   11                    0                    1
                   18                   11                    1                    0
                   17                   11                   -1                    0
                    2                    5                    0                    1
                    3                    5                    1                    0
                   17                   10                    0                   -1
                    2                    5                   -1                    0
                    1                    5                   -1                    0
                    1                    6                    0                    1
                    1                    5                    0                   -1
                   17                    9                    0                   -1
                   17                    8                    0                   -1
                   17                    7                    0                   -1
                    2                    5                    1                    0
                   16                    7                   -1                    0
                    1                    5                   -1                    0
                   20                    5                    0                    0
                   20                    4                    0                   -1
                    1                    4                    0                    0
                    2                    4                    1                    0
                    1                    4                   -1                    0
                    1                    5                    0                    1
                    1                    6                    0                    1
                   15                    7                   -1                    0
                   15                    6                    0                   -1
                   16                    6                    1                    0
                    1                    5                    0                   -1
                   15                    6                   -1                    0
                   15                    5                    0                   -1
                   14                    5                   -1                    0
                    1                    4                    0                   -1
                    1                    3                    0                   -1
                    1                    2                    0                   -1
                    1                    1                    0                   -1
                   14                    4                    0                   -1
                   15                    4                    1                    0
                    1                    2                    0                    1
                   15                    5                    0                    1
                    2                    2                    1                    0
                    2                    3                    0                    1
                    2                    2                    0                   -1
                   16                    5                    1                    0
                    2                    3                    0                    1
                    1                    3                   -1                    0
                   16                    4                    0                   -1
                   16                    5                    0                    1
                    1                    4                    0                    1
                   17                    5                    1                    0
                   17                    4                    0                   -1
                    2                    4                    1                    0
                    1                    4                   -1                    0
                   20                    4                    0                    0
                   19                    4                   -1                    0
                   17                    3                    0                   -1
                   19                    5                    0                    1
                   18                    3                    1                    0
                   17                    3                   -1                    0
                   16                    3                   -1                    0
                   19                    4                    0                   -1
                   16                    4                    0                    1
                   19                    5                    0                    1
                   19                    4                    0                   -1
                   16                    5                    0                    1
                   15                    5                   -1                    0
                   19                    3                    0                   -1
                   15                    4                    0                   -1
                   19                    4                    0                    1
                   19                    3                    0                   -1
                   18                    3                   -1                    0
