                    7                   14                   -1                    0
                   13                    2                    0                   -1
                    8                   14                    1                    0
                    7                   14                   -1                    0
                   13                    1                    0                   -1
                   14                    1                    1                    0
                    6                   14                   -1                    0
                    5                   14                   -1                    0
                    6                   14                    1                    0
                   15                    1                    1                    0
                   15                    2                    0                    1
                   14                    2                   -1                    0
                    5                   14                   -1                    0
                    5                   13                    0                   -1
                   14                    3                    0                    1
                    5                   12                    0                   -1
                   14                    2                    0                   -1
                    5                   11                    0                   -1
                   14                    1                    0                   -1
                    5                   10                    0                   -1
                   14                   20                    0                    0
                    5                   11                    0                    1
                   14                    1                    0                    0
                    5                   10                    0                   -1
                   15                    1                    1                    0
                    5                   11                    0                    1
                   15                   20                    0                    0
                    6                   11                    1                    0
                    6                   10                    0                   -1
                    6                   11                    0                    1
                    7                   11                    1                    0
                   16                   20                    1                    0
                   16                    1                    0                    0
                   17                    1                    1                    0
                    6                   11                   -1                    0
                    7                   11                    1                    0
                   18                    1                    1                    0
                   18                    2                    0                    1
                    7                   10                    0                   -1
                   17                    2                   -1                    0
                    7                    9                    0                   -1
                    7                   10                    0                    1
                    8                   10                    1                    0
                   18                    2                    1                    0
                   19                    2                    1                    0
                    7                   10                   -1                    0
                    8                   10                    1                    0
                    8                    9                    0                   -1
                    8                   10                    0                    1
                    9                   10                    1                    0
                   18                    2                   -1                    0
                   18                    1                    0                   -1
                    9                    9                    0                   -1
                    9                    8                    0                   -1
                   19                    1                    1                    0
                   19                    2                    0                    1
                   10                    8                    1                    0
                   18                    2                   -1                    0
                   10                    9                    0                    1
                   17                    2                   -1                    0
                   10                   10                    0                    1
                    9                   10                   -1                    0
                    9                   11                    0                    1
                    9                   10                    0                   -1
                   17                    3                    0                    1
                    9                   11                    0                    1
                   10                   11                    1                    0
                   17                    4                    0                    1
                   11                   11                    1                    0
                   11                   12                    0                    1
                   11                   11                    0                   -1
                   10                   11                   -1                    0
                   17                    5                    0                    1
                   17                    4                    0                   -1
                    9                   11                   -1                    0
                    9                   12                    0                    1
                   17                    5                    0                    1
                    8                   12                   -1                    0
                   17                    6                    0                    1
                   16                    6                   -1                    0
                   17                    6                    1                    0
                   18                    6                    1                    0
                    8                   11                    0                   -1
                    7                   11                   -1                    0
                   18                    5                    0                   -1
                   19                    5                    1                    0
                   19                    4                    0                   -1
                   20                    4                    1                    0
                   20                    3                    0                   -1
                    7                   10                    0                   -1
                   20                    4                    0                    1
                    1                    4                    0                    0
                    1                    3                    0                   -1
                    7                    9                    0                   -1
                    1                    4                    0                    1
                    7                    8                    0                   -1
                    6                    8                   -1                    0
                    2                    4                    1                    0
                    6                    9                    0                    1
                    2                    5                    0                    1
                    3                    5                    1                    0
                    2                    5                   -1                    0
                    3                    5                    1                    0
                    6                   10                    0                    1
                    5                   10                   -1                    0
                    4                   10                   -1                    0
                    4                    9                    0                   -1
                    4                   10                    0                    1
                    3                    4                    0                   -1
                    3                    5                    0                    1
                    3                   10                   -1                    0
                    3                    9                    0                   -1
                    4                    9                    1                    0
                    3                    9                   -1                    0
                    3                   10                    0                    1
                    2                    5                   -1                    0
                    3                    5                    1                    0
                    2                   10                   -1                    0
                    3                    6                    0                    1
                    1                   10                   -1                    0
                    1                   11                    0                    1
                    3                    7                    0                    1
                    2                   11                    1                    0
                    2                   12                    0                    1
                    1                   12                   -1                    0
                    2                   12                    1                    0
                    4                    7                    1                    0
                    2                   11                    0                   -1
                    1                   11                   -1                    0
                    4                    8                    0                    1
                    5                    8                    1                    0
                    6                    8                    1                    0
                   20                   11                    0                    0
                    1                   11                    0                    0
                    5                    8                   -1                    0
                    1                   12                    0                    1
                    5                    9                    0                    1
                   20                   12                    0                    0
                    1                   12                    0                    0
                    5                    8                    0                   -1
                   20                   12                    0                    0
                   20                   13                    0                    1
                    5                    7                    0                   -1
                    5                    8                    0                    1
                    5                    7                    0                   -1
                    6                    7                    1                    0
                    6                    8                    0                    1
                    6                    9                    0                    1
                    1                   13                    0                    0
                    6                   10                    0                    1
                    7                   10                    1                    0
                    1                   14                    0                    1
                    1                   13                    0                   -1
                    7                    9                    0                   -1
                    2                   13                    1                    0
                    7                    8                    0                   -1
                    3                   13                    1                    0
                    3                   14                    0                    1
                    8                    8                    1                    0
                    7                    8                   -1                    0
                    2                   14                   -1                    0
                    6                    8                   -1                    0
                    2                   15                    0                    1
                    2                   16                    0                    1
                    2                   17                    0                    1
                    7                    8                    1                    0
                    8                    8                    1                    0
                    8                    9                    0                    1
                    2                   16                    0                   -1
                    3                   16                    1                    0
                    7                    9                   -1                    0
                    7                    8                    0                   -1
                    3                   15                    0                   -1
                    3                   16                    0                    1
                    3                   15                    0                   -1
                    3                   16                    0                    1
                    4                   16                    1                    0
                    4                   15                    0                   -1
                    4                   14                    0                   -1
                    8                    8                    1                    0
                    8                    9                    0                    1
                    9                    9                    1                    0
                    9                    8                    0                   -1
                    9                    9                    0                    1
                    9                   10                    0                    1
                    9                   11                    0                    1
                    8                   11                   -1                    0
                    4                   13                    0                   -1
                    4                   14                    0                    1
