                    3                   14                    0                    1
                    4                   14                    1                    0
                   11                    4                    0                   -1
                   11                    3                    0                   -1
                    3                   14                   -1                    0
                   11                    4                    0                    1
                   10                    4                   -1                    0
                   10                    3                    0                   -1
                    9                    3                   -1                    0
                    9                    2                    0                   -1
                    4                   14                    1                    0
                    5                   14                    1                    0
                    5                   13                    0                   -1
                    8                    2                   -1                    0
                    7                    2                   -1                    0
                    7                    3                    0                    1
                    5                   12                    0                   -1
                    7                    4                    0                    1
                    5                   13                    0                    1
                    6                    4                   -1                    0
                    5                   14                    0                    1
                    6                    5                    0                    1
                    5                    5                   -1                    0
                    4                   14                   -1                    0
                    4                   15                    0                    1
                    5                    4                    0                   -1
                    4                   16                    0                    1
                    5                   16                    1                    0
                    5                    3                    0                   -1
                    5                   17                    0                    1
                    6                    3                    1                    0
                    6                    4                    0                    1
                    5                    4                   -1                    0
                    6                   17                    1                    0
                    5                    5                    0                    1
                    6                   18                    0                    1
                    6                   19                    0                    1
                    5                   19                   -1                    0
                    5                   18                    0                   -1
                    5                    6                    0                    1
                    4                    6                   -1                    0
                    6                   18                    1                    0
                    6                   19                    0                    1
                    4                    7                    0                    1
                    5                   19                   -1                    0
                    5                    7                    1                    0
                    5                    6                    0                   -1
                    5                   20                    0                    1
                    6                    6                    1                    0
                    6                    5                    0                   -1
                    5                    5                   -1                    0
                    4                   20                   -1                    0
                    5                   20                    1                    0
                    4                    5                   -1                    0
                    4                   20                   -1                    0
                    4                    1                    0                    0
                    4                    4                    0                   -1
                    4                   20                    0                    0
                    3                    4                   -1                    0
                    3                    3                    0                   -1
                    4                   19                    0                   -1
                    3                   19                   -1                    0
                    3                   18                    0                   -1
                    3                    4                    0                    1
                    3                   19                    0                    1
                    3                   20                    0                    1
                    4                    4                    1                    0
                    4                    3                    0                   -1
                    4                    4                    0                    1
                    3                    4                   -1                    0
                    3                    3                    0                   -1
                    3                    4                    0                    1
                    2                    4                   -1                    0
                    2                   20                   -1                    0
                    3                    4                    1                    0
                    2                    1                    0                    0
                    2                   20                    0                    0
                    4                    4                    1                    0
                    2                   19                    0                   -1
                    5                    4                    1                    0
                    4                    4                   -1                    0
                    4                    5                    0                    1
                    5                    5                    1                    0
                    2                   18                    0                   -1
                    3                   18                    1                    0
                    2                   18                   -1                    0
                    2                   19                    0                    1
                    6                    5                    1                    0
                    1                   19                   -1                    0
                    6                    6                    0                    1
                    5                    6                   -1                    0
                    5                    7                    0                    1
                    5                    8                    0                    1
                   20                   19                    0                    0
                    5                    7                    0                   -1
                    1                   19                    0                    0
                    4                    7                   -1                    0
                    5                    7                    1                    0
                    1                   20                    0                    1
                    5                    6                    0                   -1
                    1                   19                    0                   -1
                   20                   19                    0                    0
                   19                   19                   -1                    0
                    5                    5                    0                   -1
                   20                   19                    1                    0
                    4                    5                   -1                    0
                    1                   19                    0                    0
                    4                    6                    0                    1
                    4                    7                    0                    1
                    3                    7                   -1                    0
                    2                   19                    1                    0
                    1                   19                   -1                    0
                    1                   18                    0                   -1
                    4                    7                    1                    0
                    5                    7                    1                    0
                   20                   18                    0                    0
                   19                   18                   -1                    0
                    5                    8                    0                    1
                   19                   17                    0                   -1
                    4                    8                   -1                    0
                   20                   17                    1                    0
                   19                   17                   -1                    0
                   19                   16                    0                   -1
                   20                   16                    1                    0
                    4                    9                    0                    1
                    4                   10                    0                    1
                    4                   11                    0                    1
                    4                   10                    0                   -1
                   20                   17                    0                    1
                    1                   17                    0                    0
                    1                   16                    0                   -1
                    5                   10                    1                    0
                    5                    9                    0                   -1
                    6                    9                    1                    0
                    5                    9                   -1                    0
                   20                   16                    0                    0
                    6                    9                    1                    0
                    6                    8                    0                   -1
                    6                    7                    0                   -1
                    1                   16                    0                    0
                    2                   16                    1                    0
                    7                    7                    1                    0
                    2                   15                    0                   -1
                    7                    6                    0                   -1
                    6                    6                   -1                    0
                    2                   14                    0                   -1
                    2                   15                    0                    1
                    5                    6                   -1                    0
                    2                   16                    0                    1
                    2                   17                    0                    1
                    5                    7                    0                    1
                    4                    7                   -1                    0
                    1                   17                   -1                    0
                   20                   17                    0                    0
                   20                   16                    0                   -1
                    1                   16                    0                    0
                    4                    8                    0                    1
                    4                    9                    0                    1
                    2                   16                    1                    0
                    5                    9                    1                    0
                    5                   10                    0                    1
                    5                   11                    0                    1
                    5                   12                    0                    1
                    1                   16                   -1                    0
                    5                   13                    0                    1
                    1                   15                    0                   -1
                    1                   14                    0                   -1
                    5                   12                    0                   -1
                    1                   13                    0                   -1
                    5                   13                    0                    1
                    4                   13                   -1                    0
                   20                   13                    0                    0
                   19                   13                   -1                    0
                   18                   13                   -1                    0
                    3                   13                   -1                    0
                    2                   13                   -1                    0
                    3                   13                    1                    0
                   17                   13                   -1                    0
                   16                   13                   -1                    0
                    3                   14                    0                    1
                    4                   14                    1                    0
                    4                   13                    0                   -1
                    4                   12                    0                   -1
                   17                   13                    1                    0
                   17                   14                    0                    1
                   16                   14                   -1                    0
                   15                   14                   -1                    0
                   16                   14                    1                    0
