                    4                   17                    1                    0
                    4                   17                    0                    1
                    4                   18                    1                    0
                    5                   17                    0                    1
                    6                    4                    1                    0
                    6                    4                    0                    1
                    6                    5                    1                    0
                    6                    9                    0                    1
                    6                   10                    1                    0
                    7                    4                    0                    1
                    7                   10                    1                    0
                    8                   10                    1                    0
                    9                   10                    0                    1
                   11                    7                    1                    0
                   11                    7                    0                    1
                   12                    7                    1                    0
                   13                    7                    1                    0
                   14                    7                    1                    0
                   15                    7                    0                    1
                    9                   11
                   11                    8
