                    7                   17                    0                    1
                    7                   18                    1                    0
                    8                   16                    1                    0
                    8                   16                    0                    1
                    8                   17                    0                    1
                    9                   14                    0                    1
                    9                   15                    0                    1
                   14                   12                    0                    1
                   14                   13                    0                    1
                   14                   14                    0                    1
                   16                   16                    1                    0
                   16                   16                    0                    1
                   16                   17                    1                    0
                   17                   16                    0                    1
                   18                    1                    1                    0
                   18                    1                    0                    1
                   18                    2                    1                    0
                   19                    1                    0                    1
                   14                   12
                    9                   14
