                   16                   18                    0                   -1
                   17                    5                    0                    1
                   17                    4                    0                   -1
                   18                    4                    1                    0
                   16                   19                    0                    1
                   16                   18                    0                   -1
                   17                   18                    1                    0
                   16                   18                   -1                    0
                   16                   17                    0                   -1
                   16                   18                    0                    1
                   16                   17                    0                   -1
                   17                    4                   -1                    0
                   17                   17                    1                    0
                   16                   17                   -1                    0
                   16                   18                    0                    1
                   17                    3                    0                   -1
                   16                   17                    0                   -1
                   16                    3                   -1                    0
                   17                   17                    1                    0
                   18                   17                    1                    0
                   16                    2                    0                   -1
                   16                    3                    0                    1
                   15                    3                   -1                    0
                   19                   17                    1                    0
                   14                    3                   -1                    0
                   18                   17                   -1                    0
                   18                   18                    0                    1
                   14                    4                    0                    1
                   14                    3                    0                   -1
                   19                   18                    1                    0
                   13                    3                   -1                    0
                   14                    3                    1                    0
                   19                   17                    0                   -1
                   18                   17                   -1                    0
                   18                   18                    0                    1
                   19                   18                    1                    0
                   19                   17                    0                   -1
                   18                   17                   -1                    0
                   18                   18                    0                    1
                   18                   19                    0                    1
                   13                    3                   -1                    0
                   18                   18                    0                   -1
                   17                   18                   -1                    0
                   18                   18                    1                    0
                   14                    3                    1                    0
                   15                    3                    1                    0
                   16                    3                    1                    0
                   18                   17                    0                   -1
                   18                   18                    0                    1
                   18                   19                    0                    1
                   17                    3                    1                    0
                   18                   18                    0                   -1
                   18                   17                    0                   -1
                   18                   18                    0                    1
                   17                    2                    0                   -1
                   18                   17                    0                   -1
                   17                   17                   -1                    0
                   18                   17                    1                    0
                   17                    3                    0                    1
                   18                    3                    1                    0
                   17                   17                   -1                    0
                   19                    3                    1                    0
                   17                   18                    0                    1
                   17                   17                    0                   -1
                   16                   17                   -1                    0
                   16                   16                    0                   -1
                   16                   15                    0                   -1
                   18                    3                   -1                    0
                   16                   16                    0                    1
                   16                   17                    0                    1
                   17                    3                   -1                    0
                   17                   17                    1                    0
                   17                    4                    0                    1
                   17                   18                    0                    1
                   17                    5                    0                    1
                   17                    4                    0                   -1
                   17                   17                    0                   -1
                   16                   17                   -1                    0
                   16                   18                    0                    1
                   17                    3                    0                   -1
                   15                   18                   -1                    0
                   17                    4                    0                    1
                   15                   17                    0                   -1
                   18                    4                    1                    0
                   14                   17                   -1                    0
                   15                   17                    1                    0
                   18                    5                    0                    1
                   14                   17                   -1                    0
                   14                   18                    0                    1
                   14                   17                    0                   -1
