                    5                    5                    0                    1
                    5                    6                    0                    1
                   16                   13                    1                    0
                    5                    7                    0                    1
                    4                    7                   -1                    0
                   15                   13                   -1                    0
                    4                    6                    0                   -1
                    3                    6                   -1                    0
                    4                    6                    1                    0
                   14                   13                   -1                    0
                   15                   13                    1                    0
                   15                   14                    0                    1
                   15                   15                    0                    1
                   15                   14                    0                   -1
                   16                   14                    1                    0
                   17                   14                    1                    0
                   16                   14                   -1                    0
                    4                    7                    0                    1
                    5                    7                    1                    0
                    5                    8                    0                    1
                   16                   13                    0                   -1
                   16                   14                    0                    1
                   15                   14                   -1                    0
                   15                   13                    0                   -1
                    4                    8                   -1                    0
                   15                   12                    0                   -1
                    4                    7                    0                   -1
                    4                    8                    0                    1
                    4                    7                    0                   -1
                    5                    7                    1                    0
                   14                   12                   -1                    0
                    5                    8                    0                    1
                    5                    7                    0                   -1
                   14                   13                    0                    1
                   14                   12                    0                   -1
                    5                    6                    0                   -1
                   15                   12                    1                    0
                    4                    6                   -1                    0
                   15                   13                    0                    1
                   14                   13                   -1                    0
                    4                    7                    0                    1
                   14                   14                    0                    1
                    4                    6                    0                   -1
                    5                    6                    1                    0
                    5                    7                    0                    1
                   14                   15                    0                    1
                    4                    7                   -1                    0
                    3                    7                   -1                    0
                    2                    7                   -1                    0
                   15                   15                    1                    0
                   16                   15                    1                    0
                   17                   15                    1                    0
                    1                    7                   -1                    0
                   18                   15                    1                    0
                   20                    7                    0                    0
                   18                   14                    0                   -1
                   18                   13                    0                   -1
                   17                   13                   -1                    0
                   18                   13                    1                    0
                   17                   13                   -1                    0
                   19                    7                   -1                    0
                   16                   13                   -1                    0
                   20                    7                    1                    0
                   16                   14                    0                    1
                   16                   15                    0                    1
                   20                    6                    0                   -1
                   15                   15                   -1                    0
                   20                    7                    0                    1
                   14                   15                   -1                    0
                   14                   14                    0                   -1
                    1                    7                    0                    0
                    1                    8                    0                    1
                   14                   13                    0                   -1
                   14                   14                    0                    1
                    1                    9                    0                    1
                   14                   15                    0                    1
                    2                    9                    1                    0
                    3                    9                    1                    0
                    3                    8                    0                   -1
                    3                    9                    0                    1
                    3                   10                    0                    1
                    3                   11                    0                    1
                    3                   10                    0                   -1
                   13                   15                   -1                    0
                    3                    9                    0                   -1
                   13                   14                    0                   -1
                   12                   14                   -1                    0
                    4                    9                    1                    0
                   13                   14                    1                    0
                    4                   10                    0                    1
                    4                   11                    0                    1
                   12                   14                   -1                    0
                    4                   10                    0                   -1
                   11                   14                   -1                    0
                    4                   11                    0                    1
                    4                   12                    0                    1
                    4                   13                    0                    1
                   12                   14                    1                    0
                   11                   14                   -1                    0
                   11                   15                    0                    1
                   11                   14                    0                   -1
                   12                   14                    1                    0
                    3                   13                   -1                    0
                    3                   12                    0                   -1
                   12                   15                    0                    1
                    3                   13                    0                    1
                    4                   13                    1                    0
                   13                   15                    1                    0
                   13                   14                    0                   -1
                    3                   13                   -1                    0
                    4                   13                    1                    0
                   13                   13                    0                   -1
                   14                   13                    1                    0
                    5                   13                    1                    0
                    5                   12                    0                   -1
                   15                   13                    1                    0
                    6                   12                    1                    0
                   16                   13                    1                    0
                    5                   12                   -1                    0
                    6                   12                    1                    0
                    5                   12                   -1                    0
                    5                   11                    0                   -1
                    5                   10                    0                   -1
                   16                   14                    0                    1
                    5                   11                    0                    1
                   15                   14                   -1                    0
                    5                   10                    0                   -1
                    4                   10                   -1                    0
                   15                   13                    0                   -1
                    4                   11                    0                    1
                   15                   12                    0                   -1
                   15                   11                    0                   -1
                   15                   12                    0                    1
                   16                   12                    1                    0
                   16                   11                    0                   -1
