                    2                   11                    1                    0
                    2                   11                    0                    1
                    2                   12                    1                    0
                    3                   11                    0                    1
                    9                   14                    1                    0
                    9                   14                    0                    1
                    9                   15                    1                    0
                   10                   14                    1                    0
                   10                   15                    1                    0
                   11                   14                    0                    1
                   14                   13                    0                    1
                    5                    2
                   14                   14
