                   14                   15                    0                   -1
                   20                   17                    0                   -1
                   20                   18                    0                    1
                   15                   15                    1                    0
                    1                   18                    0                    0
                   20                   18                    0                    0
                   16                   15                    1                    0
                    1                   18                    0                    0
                    1                   19                    0                    1
                    1                   18                    0                   -1
                   15                   15                   -1                    0
                   20                   18                    0                    0
                   14                   15                   -1                    0
                   13                   15                   -1                    0
                   20                   17                    0                   -1
                   13                   14                    0                   -1
                   14                   14                    1                    0
                   19                   17                   -1                    0
                   14                   15                    0                    1
                   19                   16                    0                   -1
                   14                   14                    0                   -1
                   18                   16                   -1                    0
                   18                   15                    0                   -1
                   14                   15                    0                    1
                   17                   15                   -1                    0
                   16                   15                   -1                    0
                   15                   15                   -1                    0
                   14                   16                    0                    1
                   13                   16                   -1                    0
                   13                   15                    0                   -1
                   14                   15                   -1                    0
                   14                   14                    0                   -1
                   13                   14                    0                   -1
                   13                   13                    0                   -1
                   13                   14                   -1                    0
                   13                   13                    0                   -1
                   11                    2                   -1                    0
                   11                    2                   -1                    0
                   18                    9                    0                   -1
                   17                    9                   -1                    0
                   17                    8                    0                   -1
                   18                    8                    1                    0
                   19                   10                    1                    0
                   19                    9                    0                   -1
                   18                    9                    0                    1
                   18                   10                    0                    1
                   19                   10                    0                    1
                   18                   10                   -1                    0
                   19                   10                    1                    0
                   18                   10                   -1                    0
                   18                   11                    0                    1
                   18                   12                    0                    1
                   17                   10                   -1                    0
                   17                   12                   -1                    0
                   17                   11                    0                   -1
                   16                   11                   -1                    0
                   16                   12                    0                    1
                   17                   11                    0                    1
                   15                   12                   -1                    0
                   17                   12                    0                    1
                   14                   12                   -1                    0
                   16                   12                   -1                    0
                   14                   11                    0                   -1
                   15                   11                    1                    0
                   16                   11                    0                   -1
                   16                   10                    0                   -1
                   15                   12                    0                    1
                   14                   12                   -1                    0
                   13                   12                   -1                    0
                   13                   13                    0                    1
                   13                   12                    0                   -1
                   14                   12                    1                    0
                   15                   12                    1                    0
                   16                   12                    1                    0
                   15                   12                   -1                    0
                   14                   12                   -1                    0
                   14                   13                    0                    1
                   13                   13                   -1                    0
                   16                   11                    0                    1
                   14                   13                    1                    0
                   14                   14                    0                    1
                   16                   10                    0                   -1
                   17                   10                    1                    0
                   14                   13                    0                   -1
                   16                   10                   -1                    0
                   15                   10                   -1                    0
                   15                   13                    1                    0
                   15                   11                    0                    1
                   15                   12                    0                    1
                   14                   12                   -1                    0
                   15                   12                    0                   -1
                   15                   12                    1                    0
                   16                   12                    1                    0
                   16                   11                    0                   -1
                   16                   12                    1                    0
                   17                   12                    1                    0
                   17                   11                    1                    0
                   17                   12                    0                    1
                   18                   12                    1                    0
                   16                   12                   -1                    0
                   16                   11                    0                   -1
                   17                   11                    1                    0
                   18                   13                    0                    1
                   18                   12                    0                   -1
                   18                   13                    0                    1
                   18                   14                    0                    1
                   17                   14                   -1                    0
                   18                   11                    1                    0
                   17                   11                   -1                    0
                   17                   12                    0                    1
                   17                   15                    0                    1
                   17                   14                    0                   -1
                   18                   14                    1                    0
                   18                   13                    0                   -1
                   19                   13                    1                    0
                   19                   14                    0                    1
                   20                   14                    1                    0
                   17                   13                    0                    1
                   17                   12                    0                   -1
                   18                   12                    1                    0
                   17                   12                   -1                    0
                   20                   13                    0                   -1
                   20                   14                    0                    1
                   19                   14                   -1                    0
                   19                   15                    0                    1
                   17                   13                    0                    1
                   19                   14                    0                   -1
                   20                   14                    1                    0
                   19                   14                   -1                    0
                   17                   14                    0                    1
                   18                   14                   -1                    0
                   17                   13                    0                   -1
                   17                   14                   -1                    0
                   17                   14                    0                    1
                   17                   15                    0                    1
                   17                   15                    0                    1
                   16                   15                   -1                    0
                   18                   15                    1                    0
                   16                   14                    0                   -1
                   18                   14                    0                   -1
                   17                   14                   -1                    0
                   16                   15                    0                    1
                   17                   13                    0                   -1
                   17                   15                    1                    0
                   17                   16                    0                    1
                   16                   13                   -1                    0
                   17                   15                    0                   -1
                   16                   14                    0                    1
                   16                   13                    0                   -1
                   17                   16                    0                    1
                   16                   14                    0                    1
                   18                   16                    1                    0
                   17                   16                   -1                    0
                   15                   14                   -1                    0
                   15                   15                    0                    1
                   16                   16                   -1                    0
                   17                   16                    1                    0
                   17                   15                    0                   -1
                   16                   15                    1                    0
                   17                   16                    0                    1
                   17                   15                    1                    0
                   17                   17                    0                    1
                   17                   18                    0                    1
                   16                   18                   -1                    0
                   16                   15                   -1                    0
                   16                   16                    0                    1
                   16                   17                    0                   -1
                   16                   15                    0                   -1
                   16                   18                    0                    1
                   17                   18                    1                    0
                   16                   18                   -1                    0
                   17                   18                    1                    0
                   16                   14                    0                   -1
                   17                   19                    0                    1
                   15                   14                   -1                    0
                   17                   20                    0                    1
                   15                   13                    0                   -1
                   14                   13                   -1                    0
                   13                   13                   -1                    0
                   18                   20                    1                    0
                   19                   20                    1                    0
                   19                   19                    0                   -1
