                    1                    2                    0                    1
                    1                    3                    0                    1
                    1                   10                    1                    0
                    1                   10                    0                    1
                    1                   11                    1                    0
                    1                   18                    1                    0
                    1                   18                    0                    1
                    1                   19                    0                    1
                    2                    4                    1                    0
                    2                    7                    1                    0
                    2                    7                    0                    1
                    2                    8                    1                    0
                    2                   10                    0                    1
                    2                   18                    1                    0
                    3                    1                    0                    1
                    3                    2                    0                    1
                    3                    3                    1                    0
                    3                    4                    1                    0
                    3                    6                    1                    0
                    3                    6                    0                    1
                    3                    8                    1                    0
                    3                   18                    1                    0
                    3                   19                    1                    0
                    3                   19                    0                    1
                    3                   20                    0                    1
                    4                    1                    1                    0
                    4                    3                    0                    1
                    4                    6                    0                    1
                    4                    7                    1                    0
                    4                    8                    1                    0
                    4                   18                    0                    1
                    4                   20                    1                    0
                    4                   20                    0                    1
                    5                    7                    0                    1
                    5                   10                    1                    0
                    5                   10                    0                    1
                    5                   11                    0                    1
                    5                   12                    0                    1
                    5                   13                    1                    0
                    5                   20                    0                    1
                    6                   10                    0                    1
                    6                   11                    0                    1
                    6                   12                    0                    1
                    7                   15                    1                    0
                    7                   15                    0                    1
                    7                   16                    1                    0
                    8                    1                    1                    0
                    8                    1                    0                    1
                    8                    2                    1                    0
                    8                   15                    1                    0
                    8                   16                    1                    0
                    9                    1                    0                    1
                    9                   15                    0                    1
                   10                    2                    1                    0
                   10                    2                    0                    1
                   10                    3                    0                    1
                   10                    4                    1                    0
                   11                    2                    0                    1
                   11                    3                    0                    1
                   13                    5                    1                    0
                   13                    5                    0                    1
                   13                    6                    0                    1
                   13                    7                    1                    0
                   14                    5                    1                    0
                   14                    7                    1                    0
                   15                    5                    0                    1
                   15                    6                    0                    1
                   18                   18                    1                    0
                   18                   18                    0                    1
                   18                   19                    0                    1
                   18                   20                    1                    0
                   19                    3                    1                    0
                   19                    3                    0                    1
                   19                    4                    1                    0
                   19                   13                    1                    0
                   19                   13                    0                    1
                   19                   14                    1                    0
                   19                   18                    0                    1
                   19                   20                    1                    0
                   20                    2                    1                    0
                   20                    2                    0                    1
                   20                    4                    1                    0
                   20                   13                    0                    1
                   20                   20
                   19                   19
