                    8                    9                    0                    1
                   19                   16                    0                   -1
                    9                    9                    1                    0
                   19                   15                    0                   -1
                   19                   16                    0                    1
                    8                    9                   -1                    0
                    8                    8                    0                   -1
                   19                   15                    0                   -1
                   19                   16                    0                    1
                   20                   16                    1                    0
                    8                    7                    0                   -1
                    8                    8                    0                    1
                   20                   15                    0                   -1
                   20                   16                    0                    1
                   19                   16                   -1                    0
                    7                    8                   -1                    0
                    7                    7                    0                   -1
                   19                   15                    0                   -1
                    7                    8                    0                    1
                   18                   15                   -1                    0
                    6                    8                   -1                    0
                   18                   16                    0                    1
                    7                    8                    1                    0
                    8                    8                    1                    0
                   19                   16                    1                    0
                   19                   17                    0                    1
                   19                   18                    0                    1
                   19                   17                    0                   -1
                   19                   18                    0                    1
                   19                   17                    0                   -1
                    7                    8                   -1                    0
                   20                   17                    1                    0
                    8                    8                    1                    0
                   20                   18                    0                    1
                    8                    9                    0                    1
                   20                   17                    0                   -1
                    8                   10                    0                    1
                    1                   17                    0                    0
                    8                    9                    0                   -1
                    2                   17                    1                    0
                    9                    9                    1                    0
                    3                   17                    1                    0
                    2                   17                   -1                    0
                    9                   10                    0                    1
                    9                    9                    0                   -1
                    9                   10                    0                    1
                    9                    9                    0                   -1
                    3                   17                    1                    0
                    4                   17                    1                    0
                    5                   17                    1                    0
                    4                   17                   -1                    0
                    3                   17                   -1                    0
                    2                   17                   -1                    0
                    8                    9                   -1                    0
                    8                    8                    0                   -1
                    8                    9                    0                    1
                    3                   17                    1                    0
                    3                   16                    0                   -1
                    9                    9                    1                    0
                    8                    9                   -1                    0
                    2                   16                   -1                    0
                    8                   10                    0                    1
                    2                   15                    0                   -1
                    8                    9                    0                   -1
                    8                    8                    0                   -1
                    9                    8                    1                    0
                    9                    7                    0                   -1
                    2                   16                    0                    1
                    3                   16                    1                    0
                    9                    6                    0                   -1
                    2                   16                   -1                    0
                    9                    5                    0                   -1
                    9                    6                    0                    1
                    9                    7                    0                    1
                    3                   16                    1                    0
                    3                   17                    0                    1
                    9                    8                    0                    1
                   10                    8                    1                    0
                   10                    9                    0                    1
                    4                   17                    1                    0
                   10                    8                    0                   -1
                   10                    9                    0                    1
                   10                    8                    0                   -1
                    4                   16                    0                   -1
                    4                   15                    0                   -1
                    3                   15                   -1                    0
                    4                   15                    1                    0
                    9                    8                   -1                    0
                   10                    8                    1                    0
                    4                   16                    0                    1
                    4                   17                    0                    1
                    9                    8                   -1                    0
                    4                   18                    0                    1
                    3                   18                   -1                    0
                   10                    8                    1                    0
                   10                    9                    0                    1
                   10                    8                    0                   -1
                    4                   18                    1                    0
                    9                    8                   -1                    0
