                    7                    6                    1                    0
                    6                    6                   -1                    0
                    6                    5                    0                   -1
                    6                    1                    1                    0
                    6                    4                    0                   -1
                    6                    2                    0                    1
                    6                    5                    0                    1
                    6                    1                    0                   -1
                    7                    1                    1                    0
                    6                    4                    0                   -1
                    7                    2                    0                    1
                    6                    3                    0                   -1
                    6                    4                    0                    1
                    6                    2                   -1                    0
                    6                    1                    0                   -1
                    7                    1                    1                    0
                    6                    5                    0                    1
                    6                    1                   -1                    0
                    7                    1                    1                    0
                    6                    1                   -1                    0
                    6                   20                    0                    0
                    7                    5                    1                    0
                    7                    4                    0                   -1
                    7                    5                    0                    1
                    7                   20                    1                    0
                    6                    5                   -1                    0
                    6                    4                    0                   -1
                    6                   20                   -1                    0
                    7                    4                    1                    0
                    6                    1                    0                    0
                    7                    1                    1                    0
                    7                    2                    0                    1
                    6                    4                   -1                    0
                    6                    5                    0                    1
                    8                    2                    1                    0
                    6                    6                    0                    1
                    6                    7                    0                    1
                    7                    2                   -1                    0
                    6                    8                    0                    1
                    6                    7                    0                   -1
                    6                    2                   -1                    0
                    6                    1                    0                   -1
                    5                    1                   -1                    0
                    5                   20                    0                    0
                    6                    6                    0                   -1
                    5                    1                    0                    0
                    6                    5                    0                   -1
                    6                    6                    0                    1
                    6                    1                    1                    0
                    7                    1                    1                    0
                    6                    1                   -1                    0
                    6                   20                    0                    0
                    7                   20                    1                    0
                    6                   20                   -1                    0
                    6                    1                    0                    0
                    7                    6                    1                    0
                    7                    5                    0                   -1
                    7                    4                    0                   -1
                    7                    5                    0                    1
                    7                    6                    0                    1
                    7                    7                    0                    1
                    8                    7                    1                    0
                    5                    1                   -1                    0
                    6                    1                    1                    0
                    5                    1                   -1                    0
                    8                    6                    0                   -1
                    8                    7                    0                    1
                    8                    6                    0                   -1
                    8                    5                    0                   -1
                    7                    5                   -1                    0
                    6                    1                    1                    0
                    8                    5                    1                    0
                    5                    1                   -1                    0
                    8                    4                    0                   -1
                    9                    4                    1                    0
                    5                   20                    0                    0
                    8                    4                   -1                    0
                    9                    4                    1                    0
                   10                    4                    1                    0
                    9                    4                   -1                    0
                    5                   19                    0                   -1
                    9                    5                    0                    1
                    8                    5                   -1                    0
                    8                    4                    0                   -1
