                    1                    9                    1                    0
                    1                   12                    1                    0
                    1                   13                    0                    1
                    1                   20                    0                    1
                    2                    9                    1                    0
                    2                   11                    1                    0
                    2                   11                    0                    1
                    2                   16                    1                    0
                    2                   16                    0                    1
                    2                   17                    1                    0
                    2                   17                    0                    1
                    2                   18                    0                    1
                    2                   19                    0                    1
                    2                   20                    1                    0
                    3                    1                    1                    0
                    3                    4                    1                    0
                    3                    4                    0                    1
                    3                    5                    0                    1
                    3                    6                    0                    1
                    3                    7                    0                    1
                    3                    8                    0                    1
                    3                   11                    0                    1
                    3                   12                    1                    0
                    3                   16                    0                    1
                    3                   20                    0                    1
                    4                    3                    1                    0
                    4                    3                    0                    1
                    4                   10                    1                    0
                    4                   10                    0                    1
                    4                   11                    1                    0
                    4                   12                    0                    1
                    4                   13                    1                    0
                    4                   20                    1                    0
                    4                   20                    0                    1
                    5                    1                    0                    1
                    5                    2                    0                    1
                    5                   10                    0                    1
                    5                   13                    0                    1
                    5                   14                    0                    1
                    5                   15                    0                    1
                    5                   16                    0                    1
                    5                   17                    0                    1
                    5                   18                    0                    1
                    5                   19                    1                    0
                    5                   20                    0                    1
                    6                    4                    1                    0
                    6                    4                    0                    1
                    6                    5                    0                    1
                    6                    6                    1                    0
                    6                    8                    1                    0
                    6                    8                    0                    1
                    6                    9                    0                    1
                    6                   10                    1                    0
                    6                   19                    1                    0
                    7                    1                    1                    0
                    7                    1                    0                    1
                    7                    2                    0                    1
                    7                    3                    0                    1
                    7                    6                    0                    1
                    7                    7                    1                    0
                    7                    8                    0                    1
                    7                    9                    0                    1
                    7                   16                    1                    0
                    7                   16                    0                    1
                    7                   17                    1                    0
                    7                   19                    1                    0
                    8                    1                    1                    0
                    8                    2                    1                    0
                    8                    2                    0                    1
                    8                    3                    1                    0
                    8                    7                    1                    0
                    8                   15                    1                    0
                    8                   15                    0                    1
                    8                   17                    1                    0
                    8                   19                    0                    1
                    8                   20                    1                    0
                    9                    2                    0                    1
                    9                    3                    1                    0
                    9                    3                    0                    1
                    9                    4                    0                    1
                    9                    5                    0                    1
                    9                    6                    0                    1
                    9                   15                    0                    1
                    9                   16                    1                    0
                    9                   17                    1                    0
                    9                   20                    0                    1
                   10                    3                    1                    0
                   10                    5                    1                    0
                   10                    5                    0                    1
                   10                    6                    1                    0
                   10                   16                    1                    0
                   10                   17                    1                    0
                   11                    2                    1                    0
                   11                    2                    0                    1
                   11                    5                    1                    0
                   11                    6                    0                    1
                   11                    7                    1                    0
                   11                    9                    1                    0
                   11                    9                    0                    1
                   11                   10                    0                    1
                   11                   11                    1                    0
                   11                   16                    1                    0
                   11                   17                    1                    0
                   12                    2                    0                    1
                   12                    3                    1                    0
                   12                    5                    1                    0
                   12                    7                    0                    1
                   12                    8                    1                    0
                   12                    9                    1                    0
                   12                   10                    1                    0
                   12                   10                    0                    1
                   12                   16                    0                    1
                   13                    1                    1                    0
                   13                    1                    0                    1
                   13                    2                    0                    1
                   13                    4                    1                    0
                   13                    4                    0                    1
                   13                    7                    1                    0
                   13                    7                    0                    1
                   13                    9                    0                    1
                   14                    1                    1                    0
                   14                    3                    1                    0
                   14                    4                    1                    0
                   14                    7                    1                    0
                   14                   14                    1                    0
                   15                    1                    0                    1
                   15                    2                    0                    1
                   15                    6                    1                    0
                   15                    6                    0                    1
                   15                    8                    1                    0
                   15                    8                    0                    1
                   15                    9                    1                    0
                   15                   14                    0                    1
                   15                   15                    1                    0
                   16                    6                    1                    0
                   16                    8                    0                    1
                   16                   12                    1                    0
                   16                   12                    0                    1
                   16                   13                    1                    0
                   16                   15                    0                    1
                   16                   16                    1                    0
                   17                    3                    1                    0
                   17                    3                    0                    1
                   17                    4                    1                    0
                   17                    5                    1                    0
                   17                    5                    0                    1
                   17                   12                    1                    0
                   17                   13                    0                    1
                   17                   14                    0                    1
                   17                   15                    0                    1
                   18                    3                    1                    0
                   18                    4                    1                    0
                   18                    5                    0                    1
                   18                    6                    1                    0
                   18                   12                    1                    0
                   19                    3                    0                    1
                   19                    6                    1                    0
                   19                   12                    0                    1
                   19                   13                    0                    1
                   19                   14                    1                    0
                   19                   15                    1                    0
                   19                   15                    0                    1
                   19                   16                    1                    0
                   20                    1                    1                    0
                   20                    6                    0                    1
                   20                    7                    0                    1
                   20                    8                    0                    1
                   20                    9                    1                    0
                   20                   12                    1                    0
                   20                   12                    0                    1
                   20                   13                    1                    0
                   20                   14                    1                    0
                   20                   15                    0                    1
                   20                   20                    1                    0
                   20                   20                    0                    1
                    2                   17
                   14                   14
