                    1                   16                    1                    0
                    1                   16                    0                    1
                    1                   17                    1                    0
                    1                   19                    1                    0
                    1                   20                    1                    0
                    2                    3                    1                    0
                    2                    3                    0                    1
                    2                    4                    1                    0
                    2                   10                    1                    0
                    2                   10                    0                    1
                    2                   11                    1                    0
                    2                   13                    1                    0
                    2                   13                    0                    1
                    2                   14                    1                    0
                    2                   15                    1                    0
                    2                   15                    0                    1
                    2                   17                    1                    0
                    2                   19                    0                    1
                    3                    3                    1                    0
                    3                    4                    0                    1
                    3                    5                    1                    0
                    3                   10                    0                    1
                    3                   13                    0                    1
                    3                   15                    0                    1
                    3                   16                    0                    1
                    4                    3                    0                    1
                    4                    4                    0                    1
                    4                    5                    1                    0
                    4                    5                    0                    1
                    4                    6                    0                    1
                    4                    7                    0                    1
                    4                    8                    1                    0
                    4                   14                    1                    0
                    4                   14                    0                    1
                    4                   15                    0                    1
                    4                   16                    0                    1
                    4                   17                    1                    0
                    5                    1                    1                    0
                    5                    1                    0                    1
                    5                    2                    0                    1
                    5                    3                    0                    1
                    5                    4                    0                    1
                    5                    8                    1                    0
                    5                   14                    0                    1
                    5                   15                    0                    1
                    5                   16                    0                    1
                    6                    1                    0                    1
                    6                    2                    1                    0
                    6                    8                    1                    0
                    6                   10                    1                    0
                    6                   10                    0                    1
                    6                   11                    1                    0
                    6                   15                    1                    0
                    6                   17                    1                    0
                    6                   17                    0                    1
                    6                   18                    1                    0
                    7                    2                    1                    0
                    7                    3                    1                    0
                    7                    3                    0                    1
                    7                    4                    0                    1
                    7                    5                    0                    1
                    7                    7                    1                    0
                    7                    7                    0                    1
                    7                    9                    1                    0
                    7                    9                    0                    1
                    7                   11                    0                    1
                    7                   12                    1                    0
                    7                   15                    0                    1
                    7                   16                    0                    1
                    7                   18                    1                    0
                    8                    2                    1                    0
                    8                    3                    1                    0
                    8                    7                    1                    0
                    8                    9                    1                    0
                    8                   12                    0                    1
                    8                   13                    1                    0
                    8                   18                    1                    0
                    9                    2                    0                    1
                    9                    7                    1                    0
                    9                    9                    0                    1
                    9                   10                    1                    0
                    9                   13                    1                    0
                    9                   18                    0                    1
                    9                   19                    0                    1
                    9                   20                    1                    0
                   10                    7                    1                    0
                   10                   10                    1                    0
                   10                   13                    1                    0
                   10                   19                    1                    0
                   10                   19                    0                    1
                   11                    1                    0                    1
                   11                    2                    1                    0
                   11                    7                    0                    1
                   11                    8                    0                    1
                   11                    9                    0                    1
                   11                   13                    1                    0
                   11                   16                    1                    0
                   11                   16                    0                    1
                   11                   17                    0                    1
                   11                   18                    1                    0
                   11                   19                    0                    1
                   11                   20                    0                    1
                   12                    2                    0                    1
                   12                    3                    1                    0
                   12                    4                    1                    0
                   12                    5                    1                    0
                   12                    5                    0                    1
                   12                    6                    1                    0
                   12                   12                    1                    0
                   12                   12                    0                    1
                   12                   16                    0                    1
                   12                   17                    1                    0
                   12                   18                    0                    1
                   12                   19                    1                    0
                   13                    3                    0                    1
                   13                    5                    1                    0
                   13                    6                    1                    0
                   13                    9                    1                    0
                   13                    9                    0                    1
                   13                   10                    1                    0
                   13                   11                    1                    0
                   13                   11                    0                    1
                   13                   17                    1                    0
                   13                   19                    0                    1
                   13                   20                    1                    0
                   14                    5                    0                    1
                   14                    9                    0                    1
                   14                   11                    0                    1
                   14                   12                    0                    1
                   14                   13                    0                    1
                   14                   14                    1                    0
                   14                   17                    1                    0
                   14                   19                    1                    0
                   14                   19                    0                    1
                   15                   11                    1                    0
                   15                   11                    0                    1
                   15                   12                    0                    1
                   15                   13                    0                    1
                   15                   17                    1                    0
                   15                   19                    1                    0
                   16                    1                    0                    1
                   16                    2                    1                    0
                   16                    6                    1                    0
                   16                    6                    0                    1
                   16                    7                    0                    1
                   16                    8                    1                    0
                   16                   11                    1                    0
                   16                   15                    1                    0
                   16                   15                    0                    1
                   16                   16                    0                    1
                   16                   19                    0                    1
                   16                   20                    0                    1
                   17                    2                    1                    0
                   17                    6                    1                    0
                   17                    8                    1                    0
                   17                    9                    1                    0
                   17                    9                    0                    1
                   17                   10                    0                    1
                   17                   13                    1                    0
                   17                   13                    0                    1
                   17                   14                    0                    1
                   17                   18                    1                    0
                   17                   18                    0                    1
                   17                   19                    0                    1
                   17                   20                    1                    0
                   18                    1                    0                    1
                   18                    3                    1                    0
                   18                    3                    0                    1
                   18                    4                    0                    1
                   18                    5                    1                    0
                   18                    6                    0                    1
                   18                    7                    0                    1
                   18                    9                    1                    0
                   18                   10                    1                    0
                   18                   10                    0                    1
                   18                   11                    0                    1
                   18                   12                    1                    0
                   18                   13                    1                    0
                   18                   18                    1                    0
                   18                   20                    0                    1
                   19                    2                    1                    0
                   19                    2                    0                    1
                   19                    5                    1                    0
                   19                    9                    0                    1
                   19                   10                    1                    0
                   19                   10                    0                    1
                   19                   11                    1                    0
                   19                   12                    0                    1
                   19                   17                    1                    0
                   19                   17                    0                    1
                   20                    1                    0                    1
                   20                    5                    0                    1
                   20                    6                    1                    0
                   20                   10                    0                    1
                   20                   17                    0                    1
                   20                   18                    0                    1
                   20                   19                    1                    0
                   20                   20                    1                    0
                   20                   20                    0                    1
                   12                    4
                    6                   15
