                   18                   17                    1                    0
                   18                   16                    0                   -1
                   17                   16                   -1                    0
                   17                   15                    0                   -1
                   16                   15                   -1                    0
                   15                   10                    0                   -1
                   14                   10                   -1                    0
                   15                   10                    1                    0
                   16                   10                    1                    0
                   17                   10                    1                    0
                   16                   16                    0                    1
                   16                   17                    0                    1
                   17                   17                    1                    0
                   17                    9                    0                   -1
                   18                   17                    1                    0
                   17                   17                   -1                    0
                   16                    9                   -1                    0
                   17                   16                    0                   -1
                   18                   16                    1                    0
                   15                    9                   -1                    0
                   16                    9                    1                    0
                   18                   15                    0                   -1
                   16                    8                    0                   -1
                   17                    8                    1                    0
                   17                    7                    0                   -1
                   18                   16                    0                    1
                   17                    8                    0                    1
                   18                   17                    0                    1
                   18                    8                    1                    0
                   17                    8                   -1                    0
                   17                    9                    0                    1
                   17                   10                    0                    1
                   18                   18                    0                    1
                   18                   10                    1                    0
                   18                   11                    0                    1
                   19                   18                    1                    0
                   17                   11                   -1                    0
                   18                   18                   -1                    0
                   17                   18                   -1                    0
                   17                   17                    0                   -1
                   17                   10                    0                   -1
                   17                   16                    0                   -1
                   17                   17                    0                    1
                   16                   17                   -1                    0
                   18                   10                    1                    0
                   16                   16                    0                   -1
                   19                   10                    1                    0
                   18                   10                   -1                    0
                   18                   11                    0                    1
                   18                   12                    0                    1
                   18                   13                    0                    1
                   18                   14                    0                    1
                   15                   16                   -1                    0
                   19                   14                    1                    0
                   19                   13                    0                   -1
                   19                   14                    0                    1
                   15                   15                    0                   -1
                   19                   13                    0                   -1
                   15                   16                    0                    1
                   19                   14                    0                    1
                   15                   15                    0                   -1
                   14                   15                   -1                    0
                   19                   13                    0                   -1
                   20                   13                    1                    0
                   19                   13                   -1                    0
                   20                   13                    1                    0
                   14                   14                    0                   -1
                   20                   12                    0                   -1
                   14                   15                    0                    1
                   15                   15                    1                    0
                   15                   14                    0                   -1
                   20                   13                    0                    1
                   14                   14                   -1                    0
                   19                   13                   -1                    0
                   20                   13                    1                    0
                   19                   13                   -1                    0
                   18                   13                   -1                    0
                   15                   14                    1                    0
                   18                   14                    0                    1
                   18                   13                    0                   -1
                   18                   14                    0                    1
                   18                   15                    0                    1
                   15                   15                    0                    1
                   15                   16                    0                    1
                   19                   15                    1                    0
                   15                   17                    0                    1
                   14                   17                   -1                    0
                   15                   17                    1                    0
                   14                   17                   -1                    0
                   18                   15                   -1                    0
                   15                   17                    1                    0
                   15                   18                    0                    1
                   19                   15                    1                    0
                   18                   15                   -1                    0
                   15                   17                    0                   -1
                   15                   16                    0                   -1
                   19                   15                    1                    0
                   18                   15                   -1                    0
                   16                   16                    1                    0
                   18                   14                    0                   -1
                   15                   16                   -1                    0
                   16                   16                    1                    0
                   19                   14                    1                    0
                   16                   17                    0                    1
