                    2                   15                    1                    0
                    2                   16                    1                    0
                    3                   11                    1                    0
                    3                   11                    0                    1
                    3                   12                    1                    0
                    3                   15                    0                    1
                    4                    5                    1                    0
                    4                    5                    0                    1
                    4                    6                    1                    0
                    4                    7                    1                    0
                    4                   11                    0                    1
                    5                    5                    1                    0
                    5                    6                    1                    0
                    5                    7                    0                    1
                    5                    8                    1                    0
                    6                    5                    1                    0
                    6                    6                    1                    0
                    6                    8                    1                    0
                    7                    5                    1                    0
                    7                    6                    1                    0
                    7                    7                    1                    0
                    7                    7                    0                    1
                    8                    2                    1                    0
                    8                    2                    0                    1
                    8                    3                    0                    1
                    8                    4                    0                    1
                    8                    6                    1                    0
                    8                    7                    1                    0
                    9                    2                    1                    0
                    9                    6                    0                    1
                    9                   12                    1                    0
                    9                   12                    0                    1
                    9                   13                    1                    0
                   10                    1                    0                    1
                   10                   12                    0                    1
                   10                   16                    1                    0
                   10                   16                    0                    1
                   10                   17                    0                    1
                   10                   18                    0                    1
                   10                   19                    0                    1
                   10                   20                    0                    1
                   11                   16                    1                    0
                   16                    1                    1                    0
                   16                   20                    1                    0
                   16                   20                    0                    1
                   17                   20                    0                    1
                   12                   16
                    2                   15
