                   15                   18                    0                   -1
                   16                   18                    1                    0
                   12                   14                    0                   -1
                   17                   18                    1                    0
                   17                   19                    0                    1
                   17                   18                    0                   -1
                   16                   18                   -1                    0
                   12                   15                    0                    1
                   13                   15                    1                    0
                   16                   19                    0                    1
                   12                   15                   -1                    0
                   12                   14                    0                   -1
                   12                   15                    0                    1
                   17                   19                    1                    0
                   16                   19                   -1                    0
                   12                   14                    0                   -1
                   12                   15                    0                    1
                   17                   19                    1                    0
                   17                   18                    0                   -1
                   12                   16                    0                    1
                   17                   19                    0                    1
                   12                   15                    0                   -1
                   18                   19                    1                    0
                   13                   15                    1                    0
                   17                   19                   -1                    0
                   18                   19                    1                    0
                   12                   15                   -1                    0
                   18                   18                    0                   -1
                   18                   17                    0                   -1
                   18                   18                    0                    1
                   18                   17                    0                   -1
                   18                   18                    0                    1
                   19                   18                    1                    0
                   11                   15                   -1                    0
                   11                   16                    0                    1
                   19                   19                    0                    1
                   19                   18                    0                   -1
                   11                   15                    0                   -1
                   12                   15                    1                    0
                   18                   18                   -1                    0
                   11                   15                   -1                    0
                   18                   19                    0                    1
                   12                   15                    1                    0
                   17                   19                   -1                    0
                   16                   19                   -1                    0
                   16                   18                    0                   -1
                   12                   14                    0                   -1
                   11                   14                   -1                    0
                   16                   17                    0                   -1
                   12                   14                    1                    0
                   16                   18                    0                    1
                   17                   18                    1                    0
                   17                   17                    0                   -1
                   12                   15                    0                    1
                   17                   16                    0                   -1
                   12                   16                    0                    1
                   18                   16                    1                    0
                   12                   15                    0                   -1
                   11                   15                   -1                    0
                   12                   15                    1                    0
                   11                   15                   -1                    0
                   18                   15                    0                   -1
                   18                   16                    0                    1
                   12                   15                    1                    0
                   17                   16                   -1                    0
                   12                   14                    0                   -1
                   18                   16                    1                    0
                   12                   15                    0                    1
                   17                   16                   -1                    0
                   17                   17                    0                    1
                   17                   18                    0                    1
                   11                   15                   -1                    0
                   11                   14                    0                   -1
                   18                   18                    1                    0
                   11                   15                    0                    1
                   12                   15                    1                    0
                   11                   15                   -1                    0
                   11                   14                    0                   -1
                   17                   18                   -1                    0
                   16                   18                   -1                    0
                   11                   15                    0                    1
                   15                   18                   -1                    0
