                    8                   13                    0                    1
                    9                    6                    1                    0
                    9                    6                    0                    1
                    9                    7                    1                    0
                   10                    6                    0                    1
                   14                    7                    1                    0
                   14                    7                    0                    1
                   14                    8                    1                    0
                   15                    7                    0                    1
                    8                   14
                    8                   13
