                    1                    7                    0                    0
                    7                   19                   -1                    0
                   20                    7                    0                    0
                    1                    7                    0                    0
                    1                    8                    0                    1
                    2                    8                    1                    0
                    1                    8                   -1                    0
                    7                   18                    0                   -1
                    6                   18                   -1                    0
                    1                    9                    0                    1
                    6                   19                    0                    1
                    1                    8                    0                   -1
                    1                    7                    0                   -1
                    6                   18                    0                   -1
                   20                    7                    0                    0
                    6                   19                    0                    1
                   20                    6                    0                   -1
                    5                   19                   -1                    0
                   20                    5                    0                   -1
                    5                   20                    0                    1
                   20                    6                    0                    1
                   19                    6                   -1                    0
                    5                   19                    0                   -1
                   18                    6                   -1                    0
                   19                    6                    1                    0
                    4                   19                   -1                    0
                   20                    6                    1                    0
                    4                   18                    0                   -1
                    4                   19                    0                    1
                   20                    7                    0                    1
                    5                   19                    1                    0
                    5                   20                    0                    1
                    5                   19                    0                   -1
                    6                   19                    1                    0
                   20                    8                    0                    1
                    7                   19                    1                    0
                    7                   18                    0                   -1
                   19                    8                   -1                    0
                    6                   18                   -1                    0
                    6                   19                    0                    1
                    7                   19                    1                    0
                    8                   19                    1                    0
                    7                   19                   -1                    0
                    6                   19                   -1                    0
                   20                    8                    1                    0
                    6                   20                    0                    1
                    6                   19                    0                   -1
                   20                    9                    0                    1
                   20                    8                    0                   -1
                    7                   19                    1                    0
                    8                   19                    1                    0
                    1                    8                    0                    0
                   20                    8                    0                    0
                   19                    8                   -1                    0
                   18                    8                   -1                    0
                   19                    8                    1                    0
                   19                    9                    0                    1
                   19                    8                    0                   -1
                   20                    8                    1                    0
                    9                   19                    1                    0
                    9                   20                    0                    1
                    9                   19                    0                   -1
                   20                    7                    0                   -1
                    8                   19                   -1                    0
                    8                   18                    0                   -1
                    9                   18                    1                    0
                   10                   18                    1                    0
                    9                   18                   -1                    0
                    9                   19                    0                    1
                    8                   19                   -1                    0
                    8                   18                    0                   -1
                    1                    7                    0                    0
                    8                   17                    0                   -1
                    8                   18                    0                    1
