                    1                    3                    1                    0
                    1                    4                    1                    0
                    1                    6                    1                    0
                    1                    9                    0                    1
                    1                   14                    1                    0
                    1                   15                    0                    1
                    1                   16                    1                    0
                    1                   20                    0                    1
                    2                    3                    0                    1
                    2                    6                    0                    1
                    2                    7                    0                    1
                    2                    8                    0                    1
                    2                    9                    1                    0
                    2                   10                    1                    0
                    2                   10                    0                    1
                    2                   11                    1                    0
                    2                   14                    1                    0
                    2                   16                    1                    0
                    2                   17                    0                    1
                    2                   18                    0                    1
                    2                   19                    1                    0
                    3                    9                    0                    1
                    3                   11                    0                    1
                    3                   12                    0                    1
                    3                   13                    1                    0
                    3                   14                    0                    1
                    3                   15                    0                    1
                    3                   18                    1                    0
                    3                   18                    0                    1
                    4                    7                    1                    0
                    4                    7                    0                    1
                    4                    8                    1                    0
                    4                    9                    1                    0
                    4                    9                    0                    1
                    4                   10                    1                    0
                    4                   13                    0                    1
                    4                   14                    0                    1
                    4                   15                    0                    1
                    4                   16                    1                    0
                    4                   18                    1                    0
                    5                    3                    1                    0
                    5                    3                    0                    1
                    5                    4                    1                    0
                    5                    7                    0                    1
                    5                    9                    1                    0
                    5                   10                    1                    0
                    5                   16                    0                    1
                    5                   17                    0                    1
                    6                    3                    0                    1
                    6                    9                    0                    1
                    7                    1                    1                    0
                    7                    1                    0                    1
                    7                    2                    1                    0
                    7                   14                    1                    0
                    7                   14                    0                    1
                    7                   15                    0                    1
                    7                   16                    1                    0
                    8                    1                    0                    1
                    8                   14                    0                    1
                    8                   15                    0                    1
                   10                    1                    1                    0
                   10                    1                    0                    1
                   10                    2                    1                    0
                   10                   14                    1                    0
                   10                   14                    0                    1
                   10                   15                    1                    0
                   11                    2                    0                    1
                   11                    3                    1                    0
                   11                   13                    0                    1
                   11                   15                    1                    0
                   11                   19                    1                    0
                   11                   19                    0                    1
                   11                   20                    0                    1
                   12                    3                    1                    0
                   12                    8                    1                    0
                   12                    8                    0                    1
                   12                    9                    1                    0
                   12                   14                    1                    0
                   12                   14                    0                    1
                   12                   19                    1                    0
                   13                    1                    1                    0
                   13                    3                    1                    0
                   13                    8                    0                    1
                   13                   14                    1                    0
                   13                   15                    1                    0
                   13                   15                    0                    1
                   13                   16                    0                    1
                   13                   17                    0                    1
                   13                   18                    0                    1
                   13                   19                    1                    0
                   13                   19                    0                    1
                   13                   20                    0                    1
                   14                    1                    1                    0
                   14                    2                    1                    0
                   14                    2                    0                    1
                   14                    3                    1                    0
                   14                    3                    0                    1
                   14                    4                    0                    1
                   14                    5                    1                    0
                   14                   15                    1                    0
                   14                   16                    1                    0
                   14                   16                    0                    1
                   14                   17                    1                    0
                   14                   18                    1                    0
                   14                   18                    0                    1
                   15                    1                    1                    0
                   15                    2                    0                    1
                   15                    3                    1                    0
                   15                    3                    0                    1
                   15                    4                    1                    0
                   15                    5                    1                    0
                   15                   12                    1                    0
                   15                   12                    0                    1
                   15                   13                    0                    1
                   15                   14                    0                    1
                   15                   16                    0                    1
                   15                   18                    1                    0
                   16                    3                    1                    0
                   16                    4                    1                    0
                   16                    5                    1                    0
                   16                   12                    0                    1
                   16                   13                    1                    0
                   16                   15                    0                    1
                   16                   16                    0                    1
                   16                   17                    0                    1
                   16                   19                    1                    0
                   16                   19                    0                    1
                   16                   20                    0                    1
                   17                    3                    0                    1
                   17                    5                    0                    1
                   17                    6                    1                    0
                   17                   13                    1                    0
                   17                   16                    1                    0
                   17                   16                    0                    1
                   17                   17                    1                    0
                   17                   19                    1                    0
                   18                    2                    1                    0
                   18                    2                    0                    1
                   18                    3                    0                    1
                   18                    4                    1                    0
                   18                    6                    0                    1
                   18                    7                    1                    0
                   18                   13                    1                    0
                   18                   15                    1                    0
                   18                   15                    0                    1
                   18                   17                    1                    0
                   18                   18                    1                    0
                   18                   18                    0                    1
                   19                    2                    1                    0
                   19                    4                    1                    0
                   19                    6                    1                    0
                   19                    6                    0                    1
                   19                    7                    1                    0
                   19                    7                    0                    1
                   19                    8                    1                    0
                   19                   13                    0                    1
                   19                   14                    0                    1
                   19                   17                    0                    1
                   20                    1                    1                    0
                   20                    2                    0                    1
                   20                    3                    1                    0
                   20                    4                    1                    0
                   20                    6                    1                    0
                   20                    7                    0                    1
                   20                    9                    1                    0
                   20                    9                    0                    1
                   20                   10                    1                    0
                   20                   14                    1                    0
                   20                   14                    0                    1
                   20                   15                    1                    0
                   20                   20                    1                    0
                   20                   20                    0                    1
                   16                   15
                   11                   13
