                    1                    1                    0                    1
                    1                    2                    0                    1
                    1                    3                    1                    0
                    1                    8                    0                    1
                    1                   11                    1                    0
                    1                   11                    0                    1
                    1                   12                    0                    1
                    1                   13                    1                    0
                    1                   16                    0                    1
                    1                   19                    1                    0
                    1                   19                    0                    1
                    1                   20                    0                    1
                    2                    1                    0                    1
                    2                    2                    0                    1
                    2                   11                    0                    1
                    2                   12                    0                    1
                    2                   15                    1                    0
                    2                   15                    0                    1
                    2                   16                    1                    0
                    2                   19                    0                    1
                    2                   20                    0                    1
                    3                    1                    1                    0
                    3                    2                    1                    0
                    3                    2                    0                    1
                    3                    3                    0                    1
                    3                    4                    1                    0
                    3                    6                    1                    0
                    3                    6                    0                    1
                    3                    7                    0                    1
                    3                    8                    1                    0
                    3                   15                    0                    1
                    3                   20                    1                    0
                    3                   20                    0                    1
                    4                    2                    1                    0
                    4                    4                    1                    0
                    4                    6                    0                    1
                    4                    7                    0                    1
                    4                   20                    0                    1
                    5                    2                    0                    1
                    5                    3                    1                    0
                    5                    4                    1                    0
                    5                   16                    1                    0
                    5                   16                    0                    1
                    5                   17                    1                    0
                    6                    3                    0                    1
                    6                    5                    1                    0
                    6                    5                    0                    1
                    6                    6                    1                    0
                    6                    9                    1                    0
                    6                    9                    0                    1
                    6                   10                    1                    0
                    6                   16                    0                    1
                    7                    5                    1                    0
                    7                    6                    1                    0
                    7                    9                    1                    0
                    7                   10                    1                    0
                    8                    1                    1                    0
                    8                    1                    0                    1
                    8                    2                    1                    0
                    8                    5                    0                    1
                    8                    7                    1                    0
                    8                    7                    0                    1
                    8                    8                    1                    0
                    8                    9                    0                    1
                    9                    1                    0                    1
                    9                    7                    1                    0
                    9                    8                    0                    1
                    9                    9                    0                    1
                    9                   10                    1                    0
                   10                    2                    1                    0
                   10                    2                    0                    1
                   10                    3                    1                    0
                   10                    7                    0                    1
                   10                    8                    0                    1
                   10                    9                    0                    1
                   10                   18                    1                    0
                   10                   18                    0                    1
                   10                   19                    1                    0
                   11                    2                    1                    0
                   11                    3                    1                    0
                   11                   11                    1                    0
                   11                   11                    0                    1
                   11                   12                    1                    0
                   11                   18                    0                    1
                   12                    2                    0                    1
                   12                   11                    1                    0
                   12                   12                    1                    0
                   13                   11                    0                    1
                   13                   14                    1                    0
                   13                   14                    0                    1
                   13                   15                    1                    0
                   14                    6                    1                    0
                   14                    6                    0                    1
                   14                    7                    0                    1
                   14                    8                    0                    1
                   14                    9                    0                    1
                   14                   13                    1                    0
                   14                   13                    0                    1
                   14                   15                    1                    0
                   15                    6                    0                    1
                   15                    7                    0                    1
                   15                    8                    1                    0
                   15                   12                    1                    0
                   15                   12                    0                    1
                   15                   15                    0                    1
                   15                   16                    0                    1
                   15                   17                    0                    1
                   15                   18                    1                    0
                   15                   19                    1                    0
                   15                   19                    0                    1
                   15                   20                    1                    0
                   16                    1                    1                    0
                   16                    5                    1                    0
                   16                    5                    0                    1
                   16                    6                    0                    1
                   16                    7                    0                    1
                   16                   11                    1                    0
                   16                   11                    0                    1
                   16                   18                    0                    1
                   16                   20                    0                    1
                   17                    1                    1                    0
                   17                    2                    1                    0
                   17                    2                    0                    1
                   17                    3                    0                    1
                   17                    4                    0                    1
                   17                   11                    1                    0
                   17                   13                    1                    0
                   17                   13                    0                    1
                   18                    1                    0                    1
                   18                    7                    1                    0
                   18                   11                    0                    1
                   18                   12                    0                    1
                   19                    2                    0                    1
                   19                    3                    0                    1
                   19                    4                    0                    1
                   19                    5                    0                    1
                   19                    6                    0                    1
                   19                   15                    1                    0
                   19                   15                    0                    1
                   19                   16                    1                    0
                   20                    8                    1                    0
                   20                    8                    0                    1
                   20                    9                    1                    0
                   20                   15                    0                    1
                   20                   16                    1                    0
                   20                   16                    0                    1
                   20                   17                    1                    0
                   14                   10
                   17                   14
