                    1                   19                    1                    0
                    2                   19                    0                    1
                    8                    1                    1                    0
                    8                    1                    0                    1
                    8                    2                    1                    0
                    8                   16                    1                    0
                    9                    1                    1                    0
                    9                    2                    0                    1
                    9                    3                    1                    0
                    9                   15                    0                    1
                   10                    1                    0                    1
                   10                    2                    0                    1
                   13                    2                    1                    0
                   13                    2                    0                    1
                   13                    3                    1                    0
                   14                    2                    0                    1
                   17                    9                    1                    0
                   17                    9                    0                    1
                   17                   10                    1                    0
                   18                    9                    0                    1
                    2                   20
                    9                   15
