                   13                    7                    1                    0
                    3                   18                    0                    1
                    4                   17                    1                    0
                    3                   17                   -1                    0
                    2                   18                   -1                    0
                    3                   16                    0                   -1
                    4                   16                    1                    0
                    5                   16                    1                    0
                    3                   18                    1                    0
                    4                   18                    1                    0
                    3                   18                   -1                    0
                    4                   18                    1                    0
                    5                   17                    0                    1
                    5                   18                    1                    0
                    4                   18                   -1                    0
                    5                   18                    1                    0
                    5                   18                    0                    1
                    5                   19                    0                    1
                    5                   17                    0                   -1
                    5                   16                    0                   -1
                    5                   18                    0                   -1
                    5                   17                    0                   -1
                    5                   15                    0                   -1
                    5                   18                    0                    1
                    5                   14                    0                   -1
                    4                   18                   -1                    0
                    4                   14                   -1                    0
                    3                   18                   -1                    0
                    3                   19                    0                    1
                    5                   14                    1                    0
                    3                   20                    0                    1
                    2                   20                   -1                    0
                    4                   14                   -1                    0
                    2                    1                    0                    0
                    4                   15                    0                    1
                    1                    1                   -1                    0
                    5                   15                    1                    0
                    6                   15                    1                    0
                    1                   20                    0                    0
                    1                   19                    0                   -1
                    7                   15                    1                    0
                    7                   14                    0                   -1
                    7                   13                    0                   -1
                    2                   19                    1                    0
                    2                   18                    0                   -1
                    2                   19                    0                    1
                    2                   20                    0                    1
                    2                    1                    0                    0
                    2                   20                    0                    0
                    7                   12                    0                   -1
                    7                   13                    0                    1
                    1                   20                   -1                    0
                    1                   19                    0                   -1
                    1                   20                    0                    1
                    2                   20                    1                    0
                    2                    1                    0                    0
                    2                    2                    0                    1
                    2                    1                    0                   -1
                    1                    1                   -1                    0
                    1                   20                    0                    0
                    1                   19                    0                   -1
                    7                   14                    0                    1
                    1                   18                    0                   -1
                    2                   18                    1                    0
                    6                   14                   -1                    0
                    1                   18                   -1                    0
                    1                   19                    0                    1
                    6                   13                    0                   -1
                    5                   13                   -1                    0
                    4                   13                   -1                    0
                    1                   18                    0                   -1
                    5                   13                    1                    0
                    1                   17                    0                   -1
                    5                   12                    0                   -1
                    4                   12                   -1                    0
                    4                   13                    0                    1
                   20                   17                    0                    0
                   20                   16                    0                   -1
                    1                   16                    0                    0
                    4                   12                    0                   -1
                    4                   11                    0                   -1
                    5                   11                    1                    0
                   20                   16                    0                    0
                   20                   17                    0                    1
                    5                   12                    0                    1
                   20                   18                    0                    1
                    1                   18                    0                    0
                    4                   12                   -1                    0
                    4                   13                    0                    1
                    3                   13                   -1                    0
                    2                   18                    1                    0
                    3                   12                    0                   -1
                    4                   12                    1                    0
                    2                   19                    0                    1
                    3                   19                    1                    0
                    3                   20                    0                    1
                    4                   13                    0                    1
                    3                   13                   -1                    0
                    3                   12                    0                   -1
                    2                   20                   -1                    0
                    3                   11                    0                   -1
                    1                   20                   -1                    0
                    1                    1                    0                    0
                    1                   20                    0                    0
                    2                   20                    1                    0
                    3                   10                    0                   -1
                    3                   20                    1                    0
                    3                    9                    0                   -1
                    2                    9                   -1                    0
                    2                   10                    0                    1
                    2                   11                    0                    1
                    2                   12                    0                    1
                    2                   20                   -1                    0
                    1                   20                   -1                    0
                    2                   11                    0                   -1
                    1                    1                    0                    0
                    1                   20                    0                    0
                    2                   12                    0                    1
                    1                    1                    0                    0
                    1                   12                   -1                    0
                   20                   12                    0                    0
                   20                   11                    0                   -1
                    2                    1                    1                    0
                    1                    1                   -1                    0
                   20                    1                    0                    0
                   19                   11                   -1                    0
                   19                    1                   -1                    0
                   19                   12                    0                    1
                   19                    2                    0                    1
                   19                   11                    0                   -1
                   19                    1                    0                   -1
                   19                    2                    0                    1
                   19                    3                    0                    1
                   18                    3                   -1                    0
                   18                   11                   -1                    0
                   18                    2                    0                   -1
                   19                    2                    1                    0
                   17                   11                   -1                    0
                   17                   10                    0                   -1
                   18                    2                   -1                    0
                   18                    3                    0                    1
                   18                    2                    0                   -1
                   18                    1                    0                   -1
                   18                    2                    0                    1
                   18                    3                    0                    1
                   17                   11                    0                    1
                   19                    3                    1                    0
                   16                   11                   -1                    0
                   17                   11                    1                    0
                   17                   12                    0                    1
                   17                   11                    0                   -1
                   18                    3                   -1                    0
                   19                    3                    1                    0
                   16                   11                   -1                    0
                   18                    3                   -1                    0
                   16                   12                    0                    1
                   18                    4                    0                    1
                   18                    3                    0                   -1
                   15                   12                   -1                    0
                   18                    4                    0                    1
                   14                   12                   -1                    0
                   19                    4                    1                    0
                   14                   13                    0                    1
                   19                    5                    0                    1
                   13                   13                   -1                    0
                   20                    5                    1                    0
                   19                    5                   -1                    0
                   12                   13                   -1                    0
                   19                    6                    0                    1
                   20                    6                    1                    0
                   19                    6                   -1                    0
                   12                   12                    0                   -1
                   20                    6                    1                    0
                   19                    6                   -1                    0
                   13                   12                    1                    0
