                    3                    2                   -1                    0
                   17                    6                    1                    0
                   18                    6                    1                    0
                   19                    6                    1                    0
                    3                    3                    0                    1
                   19                    5                    0                   -1
                   20                    5                    1                    0
                   19                    5                   -1                    0
                   19                    4                    0                   -1
                    3                    4                    0                    1
                   18                    4                   -1                    0
                    3                    5                    0                    1
                   18                    5                    0                    1
                   19                    5                    1                    0
                   19                    4                    0                   -1
                    4                    5                    1                    0
                   18                    4                   -1                    0
                   17                    4                   -1                    0
                    5                    5                    1                    0
                   18                    4                    1                    0
                   18                    3                    0                   -1
                    4                    5                   -1                    0
                    4                    4                    0                   -1
                   18                    2                    0                   -1
                    5                    4                    1                    0
                    5                    3                    0                   -1
                    5                    4                    0                    1
                   19                    2                    1                    0
                   20                    2                    1                    0
                    6                    4                    1                    0
                   19                    2                   -1                    0
                    5                    4                   -1                    0
                    5                    5                    0                    1
                    5                    6                    0                    1
                    4                    6                   -1                    0
                   18                    2                   -1                    0
                    5                    6                    1                    0
                    5                    5                    0                   -1
                    5                    4                    0                   -1
                    6                    4                    1                    0
                   17                    2                   -1                    0
                   18                    2                    1                    0
                    5                    4                   -1                    0
                   18                    3                    0                    1
                   18                    4                    0                    1
                   18                    5                    0                    1
                    5                    3                    0                   -1
                   18                    4                    0                   -1
                   18                    5                    0                    1
                   19                    5                    1                    0
                    5                    2                    0                   -1
                    4                    2                   -1                    0
                    3                    2                   -1                    0
                    3                    3                    0                    1
                   19                    6                    0                    1
                    3                    4                    0                    1
                    3                    3                    0                   -1
                    3                    2                    0                   -1
                   18                    6                   -1                    0
                   18                    7                    0                    1
                   18                    6                    0                   -1
                   19                    6                    1                    0
                   18                    6                   -1                    0
                    4                    2                    1                    0
                    3                    2                   -1                    0
                   18                    5                    0                   -1
                    4                    2                    1                    0
                    5                    2                    1                    0
                   17                    5                   -1                    0
                   18                    5                    1                    0
                   19                    5                    1                    0
                   19                    6                    0                    1
                   19                    5                    0                   -1
                    5                    3                    0                    1
                    6                    3                    1                    0
                   19                    4                    0                   -1
                    6                    2                    0                   -1
                   18                    4                   -1                    0
                   18                    5                    0                    1
                   18                    6                    0                    1
                    6                    3                    0                    1
                   19                    6                    1                    0
                    5                    3                   -1                    0
                   18                    6                   -1                    0
                    5                    4                    0                    1
                    5                    5                    0                    1
                    5                    6                    0                    1
                    6                    6                    1                    0
                    6                    7                    0                    1
                   18                    5                    0                   -1
                   18                    4                    0                   -1
                   19                    4                    1                    0
                   19                    5                    0                    1
                    6                    8                    0                    1
                   18                    5                   -1                    0
                    5                    8                   -1                    0
                    5                    7                    0                   -1
                    5                    6                    0                   -1
                   18                    6                    0                    1
                   17                    6                   -1                    0
                    6                    6                    1                    0
                   18                    6                    1                    0
                    6                    7                    0                    1
                    7                    7                    1                    0
                    6                    7                   -1                    0
                    5                    7                   -1                    0
                    5                    6                    0                   -1
                   17                    6                   -1                    0
                   16                    6                   -1                    0
                    5                    7                    0                    1
                   16                    5                    0                   -1
                    6                    7                    1                    0
                   16                    6                    0                    1
                    5                    7                   -1                    0
                   16                    7                    0                    1
                   15                    7                   -1                    0
                    4                    7                   -1                    0
                   16                    7                    1                    0
                    3                    7                   -1                    0
                   16                    6                    0                   -1
                    4                    7                    1                    0
                   17                    6                    1                    0
                    5                    7                    1                    0
                   17                    7                    0                    1
                    5                    6                    0                   -1
                   17                    6                    0                   -1
                   18                    6                    1                    0
                    5                    5                    0                   -1
                    5                    6                    0                    1
                   18                    7                    0                    1
                    4                    6                   -1                    0
                    5                    6                    1                    0
