                   11                   14                    0                   -1
                   11                   15                    0                    1
                    3                    5                    1                    0
                    2                    5                   -1                    0
                   11                   16                    0                    1
                    2                    6                    0                    1
                    2                    7                    0                    1
                    1                    7                   -1                    0
                    2                    7                    1                    0
                   12                   16                    1                    0
                    3                    7                    1                    0
                    3                    6                    0                   -1
                   13                   16                    1                    0
                    4                    6                    1                    0
                    4                    7                    0                    1
                   12                   16                   -1                    0
                    3                    7                   -1                    0
                    4                    7                    1                    0
                   13                   16                    1                    0
                   12                   16                   -1                    0
                   11                   16                   -1                    0
                    5                    7                    1                    0
                    4                    7                   -1                    0
                   11                   15                    0                   -1
                    4                    6                    0                   -1
                    5                    6                    1                    0
                    4                    6                   -1                    0
                    3                    6                   -1                    0
                    3                    5                    0                   -1
                    4                    5                    1                    0
                   12                   15                    1                    0
                    5                    5                    1                    0
                    4                    5                   -1                    0
                   11                   15                   -1                    0
                    5                    5                    1                    0
                   12                   15                    1                    0
                    5                    6                    0                    1
                   11                   15                   -1                    0
                    4                    6                   -1                    0
                   12                   15                    1                    0
                   12                   14                    0                   -1
                   12                   15                    0                    1
                    4                    5                    0                   -1
                    4                    4                    0                   -1
                    3                    4                   -1                    0
                    4                    4                    1                    0
                    5                    4                    1                    0
                    5                    5                    0                    1
                    5                    4                    0                   -1
                    5                    5                    0                    1
                    4                    5                   -1                    0
                    5                    5                    1                    0
                    6                    5                    1                    0
                   12                   14                    0                   -1
                   12                   15                    0                    1
                   13                   15                    1                    0
                    6                    4                    0                   -1
                    6                    5                    0                    1
                   14                   15                    1                    0
                   14                   14                    0                   -1
                    7                    5                    1                    0
                   15                   14                    1                    0
                   14                   14                   -1                    0
                    6                    5                   -1                    0
                    7                    5                    1                    0
                    6                    5                   -1                    0
                    7                    5                    1                    0
                   14                   13                    0                   -1
                   15                   13                    1                    0
                    6                    5                   -1                    0
                   14                   13                   -1                    0
                   15                   13                    1                    0
                   15                   14                    0                    1
                    5                    5                   -1                    0
                    5                    4                    0                   -1
                    4                    4                   -1                    0
                   15                   13                    0                   -1
                   15                   14                    0                    1
                   15                   15                    0                    1
                   15                   16                    0                    1
                    4                    5                    0                    1
                    4                    4                    0                   -1
                    4                    3                    0                   -1
                    4                    2                    0                   -1
                    4                    1                    0                   -1
                   15                   15                    0                   -1
                    3                    1                   -1                    0
                    4                    1                    1                    0
                    4                    2                    0                    1
