                    1                   16                    1                    0
                    1                   16                    0                    1
                    2                    8                    1                    0
                    2                    8                    0                    1
                    2                    9                    1                    0
                    3                    8                    0                    1
                    7                    4                    1                    0
                    7                    4                    0                    1
                    7                    5                    1                    0
                    8                    4                    0                    1
                    9                   16                    1                    0
                    9                   16                    0                    1
                    9                   17                    1                    0
                    9                   19                    1                    0
                    9                   19                    0                    1
                    9                   20                    1                    0
                   10                   16                    1                    0
                   10                   17                    1                    0
                   10                   19                    0                    1
                   11                   11                    0                    1
                   11                   12                    1                    0
                   11                   16                    0                    1
                   12                   12                    0                    1
                   12                   13
                    2                   16
