                   19                   15                    0                    1
                   19                   14                    0                   -1
                   20                   14                    1                    0
                   16                   16                    0                   -1
                   15                   16                   -1                    0
                   15                   17                    0                    1
                   15                   18                    0                    1
                   14                   18                   -1                    0
                   13                   18                   -1                    0
                   13                   19                    0                    1
                   13                   18                    0                   -1
                   13                   17                    0                   -1
                   13                   18                    0                    1
                   20                   15                    0                    1
                   19                   15                   -1                    0
                   13                   17                    0                   -1
                   20                   15                    1                    0
                   12                   17                   -1                    0
                   13                   17                    1                    0
                   20                   16                    0                    1
                   14                   17                    1                    0
                   13                   17                   -1                    0
                   20                   17                    0                    1
                   13                   18                    0                    1
                    1                   17                    0                    0
                   12                   18                   -1                    0
                   13                   18                    1                    0
                   13                   19                    0                    1
                   20                   17                    0                    0
                   20                   16                    0                   -1
                   13                   18                    0                   -1
                   20                   15                    0                   -1
                   19                   15                   -1                    0
                   13                   17                    0                   -1
                   18                   15                   -1                    0
                   17                   15                   -1                    0
                   18                   15                    1                    0
                   19                   15                    1                    0
                   13                   16                    0                   -1
                   18                   15                   -1                    0
                   12                   16                   -1                    0
                   13                   16                    1                    0
                   17                   15                   -1                    0
                   16                   15                   -1                    0
                   17                   15                    1                    0
                   13                   15                    0                   -1
                   13                   16                    0                    1
                   13                   15                    0                   -1
                   14                   15                    1                    0
                   18                   15                    1                    0
                   14                   14                    0                   -1
                   15                   14                    1                    0
                   15                   15                    0                    1
                   14                   15                   -1                    0
                   19                   15                    1                    0
                   20                   15                    1                    0
                   14                   14                    0                   -1
                   14                   13                    0                   -1
                   14                   12                    0                   -1
                    1                   15                    0                    0
                   20                   15                    0                    0
                   14                   13                    0                    1
                   20                   16                    0                    1
                   19                   16                   -1                    0
                   20                   16                    1                    0
                    1                   16                    0                    0
                   15                   13                    1                    0
                    2                   16                    1                    0
                   15                   12                    0                   -1
                   15                   13                    0                    1
                    1                   16                   -1                    0
                   16                   13                    1                    0
                   20                   16                    0                    0
                   15                   13                   -1                    0
                   14                   13                   -1                    0
                   19                   16                   -1                    0
                   19                   15                    0                   -1
                   15                   13                    1                    0
                   19                   16                    0                    1
                   15                   14                    0                    1
                   20                   16                    1                    0
                   20                   17                    0                    1
                   20                   18                    0                    1
                   15                   13                    0                   -1
                   20                   19                    0                    1
                   15                   12                    0                   -1
                   19                   19                   -1                    0
                   20                   19                    1                    0
                   20                   20                    0                    1
                    1                   20                    0                    0
                   14                   12                   -1                    0
                    1                   19                    0                   -1
                    1                   20                    0                    1
                   20                   20                    0                    0
                   15                   12                    1                    0
                   16                   12                    1                    0
                   20                    1                    0                    0
                   16                   11                    0                   -1
                   16                   10                    0                   -1
                   16                    9                    0                   -1
                   17                    9                    1                    0
                   17                    8                    0                   -1
                   17                    9                    0                    1
                   17                    8                    0                   -1
                   20                   20                    0                    0
                   19                   20                   -1                    0
                   20                   20                    1                    0
                   20                    1                    0                    0
                   17                    9                    0                    1
                   16                    9                   -1                    0
                   16                   10                    0                    1
                   16                   11                    0                    1
                    1                    1                    0                    0
                   16                   12                    0                    1
                    1                   20                    0                    0
                   20                   20                    0                    0
                   20                    1                    0                    0
                    1                    1                    0                    0
                    1                   20                    0                    0
                    1                   19                    0                   -1
                    1                   18                    0                   -1
