                    1                   16                    0                   -1
                   17                    5                   -1                    0
                   18                    5                    1                    0
                    1                   17                    0                    1
                   18                    4                    0                   -1
                   17                    4                   -1                    0
                    1                   16                    0                   -1
                   20                   16                    0                    0
                   20                   15                    0                   -1
                   17                    3                    0                   -1
                   20                   14                    0                   -1
                   17                    4                    0                    1
                   16                    4                   -1                    0
                   20                   15                    0                    1
                   20                   16                    0                    1
                   20                   17                    0                    1
                   20                   16                    0                   -1
                    1                   16                    0                    0
                   17                    4                    1                    0
                   18                    4                    1                    0
                    2                   16                    1                    0
                   17                    4                   -1                    0
                   18                    4                    1                    0
                   18                    5                    0                    1
                    2                   15                    0                   -1
                   17                    5                   -1                    0
                   18                    5                    1                    0
                   18                    6                    0                    1
                    2                   16                    0                    1
                    1                   16                   -1                    0
                   18                    5                    0                   -1
                    1                   15                    0                   -1
                    2                   15                    1                    0
                    1                   15                   -1                    0
                    2                   15                    1                    0
                    3                   15                    1                    0
                    2                   15                   -1                    0
                    2                   14                    0                   -1
                   18                    4                    0                   -1
                   17                    4                   -1                    0
                   18                    4                    1                    0
                   18                    5                    0                    1
                    2                   13                    0                   -1
                   17                    5                   -1                    0
                   18                    5                    1                    0
                    2                   14                    0                    1
                   18                    4                    0                   -1
                    2                   13                    0                   -1
                    2                   14                    0                    1
                    3                   14                    1                    0
                    2                   14                   -1                    0
                    2                   15                    0                    1
                    2                   16                    0                    1
                   19                    4                    1                    0
                    3                   16                    1                    0
                   18                    4                   -1                    0
                   19                    4                    1                    0
                    2                   16                   -1                    0
                   18                    4                   -1                    0
                    2                   15                    0                   -1
                   18                    3                    0                   -1
                    1                   15                   -1                    0
                    1                   16                    0                    1
                    2                   16                    1                    0
                    2                   17                    0                    1
                   18                    4                    0                    1
                   18                    5                    0                    1
                   19                    5                    1                    0
                    1                   17                   -1                    0
                   20                    5                    1                    0
                    1                   18                    0                    1
                   20                    6                    0                    1
                   20                    5                    0                   -1
                    1                   19                    0                    1
                   19                    5                   -1                    0
                   20                   19                    0                    0
                   18                    5                   -1                    0
                    1                   19                    0                    0
                   19                    5                    1                    0
                   18                    5                   -1                    0
                    1                   20                    0                    1
                   19                    5                    1                    0
                   18                    5                   -1                    0
                   20                   20                    0                    0
                   18                    6                    0                    1
