                    1                   11                    1                    0
                    1                   11                    0                    1
                    1                   19                    0                    1
                    2                    8                    1                    0
                    2                    8                    0                    1
                    2                    9                    1                    0
                    2                   11                    1                    0
                    2                   12                    1                    0
                    2                   12                    0                    1
                    2                   13                    0                    1
                    2                   14                    1                    0
                    3                    2                    1                    0
                    3                    2                    0                    1
                    3                    3                    1                    0
                    3                    8                    0                    1
                    3                   11                    0                    1
                    3                   14                    1                    0
                    4                    2                    0                    1
                    6                    2                    0                    1
                    6                    3                    1                    0
                    6                   17                    1                    0
                    6                   17                    0                    1
                    6                   18                    1                    0
                    7                    2                    0                    1
                    7                   17                    0                    1
                   19                   12                    1                    0
                   19                   12                    0                    1
                   19                   13                    0                    1
                   19                   19                    1                    0
                   19                   19                    0                    1
                   19                   20                    1                    0
                   20                   12                    1                    0
                   20                   19                    1                    0
                   20                   20                    1                    0
                    4                   14
                    6                    2
