                   20                    3                    1                    0
                   20                   20                    0                    0
                    1                   20                    0                    0
                   19                    3                   -1                    0
                   20                    3                    1                    0
                    1                    3                    0                    0
                   20                    3                    0                    0
                   19                    3                   -1                    0
                    1                    1                    0                    0
                    1                   20                    0                    0
                   19                    2                    0                   -1
                    1                    1                    0                    0
                   19                    1                    0                   -1
                    1                   20                    0                    0
                   19                    2                    0                    1
                   20                   20                    0                    0
                   19                    3                    0                    1
                   20                    1                    0                    0
                   20                   20                    0                    0
                   20                   19                    0                   -1
                   20                   18                    0                   -1
                    1                   18                    0                    0
                    1                   19                    0                    1
                   19                    2                    0                   -1
                   20                    2                    1                    0
                    2                   19                    1                    0
                   20                    3                    0                    1
                    3                   19                    1                    0
                   20                    2                    0                   -1
                   19                    2                   -1                    0
                    2                   19                   -1                    0
                   19                    3                    0                    1
                    2                   18                    0                   -1
                   20                    3                    1                    0
                    2                   17                    0                   -1
                    2                   18                    0                    1
                   19                    3                   -1                    0
                   20                    3                    1                    0
                   19                    3                   -1                    0
                    2                   19                    0                    1
                   19                    2                    0                   -1
                    1                   19                   -1                    0
                    1                   18                    0                   -1
                   19                    3                    0                    1
                    1                   17                    0                   -1
                   19                    2                    0                   -1
                    2                   17                    1                    0
                   20                    2                    1                    0
                   19                    2                   -1                    0
                    1                   17                   -1                    0
                    2                   17                    1                    0
                   19                    3                    0                    1
                    2                   16                    0                   -1
                    2                   17                    0                    1
                    3                   17                    1                    0
                    3                   16                    0                   -1
                   19                    4                    0                    1
                    3                   17                    0                    1
                    3                   16                    0                   -1
                   19                    5                    0                    1
                    3                   17                    0                    1
                    2                   17                   -1                    0
                    1                   17                   -1                    0
                    2                   17                    1                    0
                   19                    4                    0                   -1
                    3                   17                    1                    0
                    2                   17                   -1                    0
                    1                   17                   -1                    0
                   19                    3                    0                   -1
                   19                    2                    0                   -1
                   19                    3                    0                    1
                   19                    2                    0                   -1
                    2                   17                    1                    0
                    1                   17                   -1                    0
                   20                   17                    0                    0
                   19                   17                   -1                    0
                   19                    3                    0                    1
                   19                    4                    0                    1
                   19                    5                    0                    1
                   20                   17                    1                    0
                   18                    5                   -1                    0
                    1                   17                    0                    0
                   18                    6                    0                    1
                    2                   17                    1                    0
                   18                    5                    0                   -1
                    1                   17                   -1                    0
                    1                   18                    0                    1
                   18                    4                    0                   -1
                    1                   17                    0                   -1
                   18                    5                    0                    1
