                   12                    4                    0                   -1
                   12                    5                    0                    1
                   13                    5                    1                    0
                   12                    5                   -1                    0
                   12                    6                    0                    1
                   11                    5                    0                   -1
                   12                    5                    0                   -1
                   12                    6                    0                    1
                   12                    5                    1                    0
                   11                    5                   -1                    0
                   12                    5                    1                    0
                   11                    5                   -1                    0
                   11                    6                    0                    1
                   11                    5                    0                   -1
                   10                    5                   -1                    0
                   12                    7                    0                    1
                   10                    4                    0                   -1
                   11                    4                    1                    0
                   12                    4                    1                    0
                   12                    6                    0                   -1
                   12                    7                    0                    1
                   11                    4                   -1                    0
                   10                    4                   -1                    0
                   12                    6                    0                   -1
                   12                    5                    0                   -1
                   10                    5                    0                    1
                   10                    6                    0                    1
                   10                    7                    0                    1
                   10                    6                    0                   -1
                   12                    4                    0                   -1
                   12                    5                    0                    1
                   12                    6                    0                    1
                   12                    7                    0                    1
                   10                    7                    0                    1
                   10                    6                    0                   -1
                   12                    6                    0                   -1
                   11                    6                   -1                    0
                   11                    5                    0                   -1
                   10                    5                   -1                    0
                   10                    6                    0                    1
                    1                    3                    0                    1
                    1                    3                    0                    1
                   14                    8                    0                   -1
                   14                    8                    0                   -1
                    1                   20                    0                    0
                   20                    1                    0                    0
                   20                   20                    0                    0
                    1                   20                    0                    0
                   20                    2                    0                    1
                   20                    1                    0                   -1
                    1                    1                    0                    0
                   19                    1                   -1                    0
                   20                    1                    1                    0
                   20                    2                    0                    1
                   20                    1                    0                   -1
                    2                    1                    1                    0
                    1                    1                    0                    0
                    1                    2                    0                    1
                   20                    2                    0                    0
                    1                    2                    0                    0
                    1                    1                    0                   -1
                    3                    1                    1                    0
                    4                    1                    1                    0
                   20                    1                    0                    0
                   20                    2                    0                    1
                    4                    2                    0                    1
                    4                    1                    0                   -1
                   20                    1                    0                   -1
                    4                   20                    0                    0
                    5                   20                    1                    0
                    4                   20                   -1                    0
                    4                    1                    0                    0
                    4                   20                    0                    0
                   20                   20                    0                    0
                    4                    1                    0                    0
                   19                   20                   -1                    0
                    3                    1                   -1                    0
                    2                    1                   -1                    0
