                    9                   18                    1                    0
                   13                   12                    1                    0
                   10                   18                    1                    0
                   13                   11                    0                   -1
                   13                   10                    0                   -1
                   13                    9                    0                   -1
                   13                    8                    0                   -1
                   13                    9                    0                    1
                    9                   18                   -1                    0
                    9                   19                    0                    1
                   14                    9                    1                    0
                    9                   18                    0                   -1
                   14                    8                    0                   -1
                    8                   18                   -1                    0
                    8                   17                    0                   -1
                   14                    9                    0                    1
                   14                   10                    0                    1
                    8                   16                    0                   -1
                   13                   10                   -1                    0
                   12                   10                   -1                    0
                    7                   16                   -1                    0
                   11                   10                   -1                    0
                   12                   10                    1                    0
                    7                   15                    0                   -1
                   12                   11                    0                    1
                   13                   11                    1                    0
                    7                   14                    0                   -1
                   14                   11                    1                    0
                    8                   14                    1                    0
                    8                   15                    0                    1
                    9                   15                    1                    0
                   10                   15                    1                    0
                   10                   14                    0                   -1
                   10                   13                    0                   -1
                   10                   12                    0                   -1
                   11                   12                    1                    0
                   12                   12                    1                    0
                   12                   11                    0                   -1
                   12                   12                    0                    1
                   15                   11                    1                    0
                   12                   11                    0                   -1
                   16                   11                    1                    0
                   16                   10                    0                   -1
                   16                   11                    0                    1
                   12                   12                    0                    1
                   12                   11                    0                   -1
                   11                   11                   -1                    0
                   10                   11                   -1                    0
                   10                   12                    0                    1
                   15                   11                   -1                    0
                   10                   13                    0                    1
                   10                   14                    0                    1
                   15                   10                    0                   -1
                   15                    9                    0                   -1
                   11                   14                    1                    0
                   11                   13                    0                   -1
                   11                   14                    0                    1
                   15                    8                    0                   -1
                   11                   13                    0                   -1
                   11                   14                    0                    1
                   11                   15                    0                    1
                   15                    7                    0                   -1
                   11                   14                    0                   -1
                   14                    7                   -1                    0
                   14                    6                    0                   -1
                   14                    7                    0                    1
                   13                    7                   -1                    0
                   12                    7                   -1                    0
                   11                   13                    0                   -1
                   11                   14                    0                    1
                   12                    8                    0                    1
                   12                    9                    0                    1
                   12                    8                    0                   -1
                   11                   15                    0                    1
                   12                   15                    1                    0
                   12                   16                    0                    1
                   12                    9                    0                    1
                   13                   16                    1                    0
                   11                    9                   -1                    0
                   11                   10                    0                    1
                   12                   16                   -1                    0
                   11                    9                    0                   -1
                   13                   16                    1                    0
                   12                    9                    1                    0
                   13                   15                    0                   -1
                   12                   10                    0                    1
                   11                   10                   -1                    0
                   11                   11                    0                    1
                   13                   14                    0                   -1
                   11                   12                    0                    1
                   14                   14                    1                    0
                   11                   11                    0                   -1
                   12                   11                    1                    0
                   13                   11                    1                    0
                   15                   14                    1                    0
                   14                   11                    1                    0
                   14                   14                   -1                    0
                   14                   10                    0                   -1
                   15                   14                    1                    0
                   15                   15                    0                    1
                   15                   14                    0                   -1
                   13                   10                   -1                    0
                   16                   14                    1                    0
                   16                   13                    0                   -1
                   16                   12                    0                   -1
                   16                   11                    0                   -1
                   16                   12                    0                    1
                   13                   11                    0                    1
                   13                   12                    0                    1
                   16                   11                    0                   -1
                   17                   11                    1                    0
                   13                   13                    0                    1
                   14                   13                    1                    0
                   14                   14                    0                    1
                   14                   13                    0                   -1
                   14                   12                    0                   -1
                   14                   11                    0                   -1
                   17                   10                    0                   -1
                   17                   11                    0                    1
                   17                   10                    0                   -1
                   14                   10                    0                   -1
                   14                    9                    0                   -1
                   18                   10                    1                    0
                   15                    9                    1                    0
                   14                    9                   -1                    0
                   15                    9                    1                    0
                   14                    9                   -1                    0
                   15                    9                    1                    0
                   17                   10                   -1                    0
                   17                   11                    0                    1
                   16                    9                    1                    0
                   17                    9                    1                    0
                   17                   10                    0                    1
                   17                    9                    0                   -1
                   16                   11                   -1                    0
                   15                   11                   -1                    0
                   16                   11                    1                    0
                   16                   10                    0                   -1
                   17                   10                    0                    1
                   17                   10                    1                    0
                   18                   10                    1                    0
                   17                    9                    0                   -1
                   17                    8                    0                   -1
                   19                   10                    1                    0
                   17                    9                    0                    1
                   19                   11                    0                    1
                   18                   11                   -1                    0
                   18                    9                    1                    0
                   18                   10                    0                   -1
                   18                   10                    0                    1
                   17                    3                    1                    0
                   16                    4                    0                    1
                   17                    4                    1                    0
                   17                    3                    0                   -1
                   17                    2                    0                   -1
                   16                    3                   -1                    0
                   17                    3                    1                    0
                   17                    1                    0                   -1
                   18                    1                    1                    0
                   19                    1                    1                    0
                   20                    1                    1                    0
                   16                    3                   -1                    0
                   16                    2                    0                   -1
                   15                    2                   -1                    0
                   20                   20                    0                    0
                   16                    2                    1                    0
                   20                    1                    0                    0
                    1                    1                    0                    0
                   16                    1                    0                   -1
                   16                   20                    0                    0
                    2                    1                    1                    0
                    3                    1                    1                    0
                    4                    1                    1                    0
                    4                    2                    0                    1
                    4                    1                    0                   -1
