                    1                    7                    0                    1
                    1                    8                    1                    0
                    1                   10                    0                    1
                    1                   11                    0                    1
                    1                   19                    0                    1
                    1                   20                    0                    1
                    2                   16                    1                    0
                    2                   16                    0                    1
                    2                   17                    1                    0
                    3                    1                    0                    1
                    3                    2                    1                    0
                    3                   11                    1                    0
                    3                   11                    0                    1
                    3                   12                    0                    1
                    3                   14                    1                    0
                    3                   14                    0                    1
                    3                   15                    1                    0
                    3                   16                    0                    1
                    3                   19                    1                    0
                    3                   19                    0                    1
                    3                   20                    0                    1
                    4                    1                    1                    0
                    4                    1                    0                    1
                    4                   11                    0                    1
                    4                   12                    0                    1
                    4                   13                    0                    1
                    4                   15                    1                    0
                    4                   19                    0                    1
                    4                   20                    1                    0
                    5                   15                    1                    0
                    5                   20                    0                    1
                    6                    8                    1                    0
                    6                    8                    0                    1
                    6                    9                    0                    1
                    6                   10                    1                    0
                    7                    8                    0                    1
                    7                    9                    0                    1
                    8                    1                    1                    0
                    8                    1                    0                    1
                    8                    2                    1                    0
                    9                    1                    0                    1
                   10                    5                    1                    0
                   10                    5                    0                    1
                   10                    6                    0                    1
                   10                    7                    0                    1
                   10                    8                    1                    0
                   11                    5                    1                    0
                   11                    8                    1                    0
                   12                    5                    0                    1
                   12                    6                    1                    0
                   12                    8                    1                    0
                   12                   14                    1                    0
                   12                   14                    0                    1
                   12                   15                    1                    0
                   13                    6                    0                    1
                   13                    7                    0                    1
                   13                   14                    0                    1
                   14                    6                    1                    0
                   14                    6                    0                    1
                   14                    7                    0                    1
                   14                    8                    1                    0
                   14                   16                    1                    0
                   14                   16                    0                    1
                   14                   17                    1                    0
                   15                    3                    1                    0
                   15                    3                    0                    1
                   15                    4                    0                    1
                   15                    5                    1                    0
                   15                    6                    1                    0
                   15                    7                    1                    0
                   15                    7                    0                    1
                   15                   16                    0                    1
                   16                    1                    0                    1
                   16                    2                    0                    1
                   16                    5                    1                    0
                   16                    6                    0                    1
                   16                   18                    1                    0
                   16                   18                    0                    1
                   16                   19                    1                    0
                   16                   20                    1                    0
                   16                   20                    0                    1
                   17                    5                    1                    0
                   17                   18                    1                    0
                   17                   19                    1                    0
                   17                   20                    1                    0
                   18                    5                    0                    1
                   18                    6                    1                    0
                   18                   18                    0                    1
                   18                   20                    1                    0
                   19                    1                    1                    0
                   19                    1                    0                    1
                   19                    2                    0                    1
                   19                    6                    1                    0
                   19                   17                    1                    0
                   19                   17                    0                    1
                   19                   18                    1                    0
                   19                   20                    1                    0
                   20                    1                    1                    0
                   20                    6                    0                    1
                   20                    7                    1                    0
                   20                   10                    1                    0
                   20                   10                    0                    1
                   20                   11                    0                    1
                   20                   12                    1                    0
                   20                   17                    0                    1
                   20                   19                    1                    0
                   20                   19                    0                    1
                    2                    8
                    6                   15
