                    1                    1                    0                    1
                    1                    2                    1                    0
                    1                    5                    1                    0
                    1                    5                    0                    1
                    1                    6                    1                    0
                    1                    9                    1                    0
                    1                   11                    1                    0
                    1                   11                    0                    1
                    1                   12                    1                    0
                    1                   15                    1                    0
                    1                   15                    0                    1
                    1                   16                    0                    1
                    1                   17                    1                    0
                    1                   20                    0                    1
                    2                    2                    1                    0
                    2                    5                    0                    1
                    2                    6                    1                    0
                    2                    6                    0                    1
                    2                    7                    1                    0
                    2                    9                    0                    1
                    2                   10                    1                    0
                    2                   11                    0                    1
                    2                   14                    1                    0
                    2                   14                    0                    1
                    2                   15                    1                    0
                    2                   15                    0                    1
                    2                   16                    1                    0
                    2                   17                    1                    0
                    3                    2                    0                    1
                    3                    3                    0                    1
                    3                    4                    0                    1
                    3                    5                    0                    1
                    3                    7                    0                    1
                    3                    8                    0                    1
                    3                    9                    1                    0
                    3                   10                    0                    1
                    3                   11                    1                    0
                    3                   14                    0                    1
                    3                   16                    0                    1
                    4                    9                    1                    0
                    4                   10                    1                    0
                    4                   10                    0                    1
                    5                    9                    0                    1
                    6                   14                    1                    0
                    6                   14                    0                    1
                    6                   15                    1                    0
                    6                   17                    1                    0
                    6                   17                    0                    1
                    6                   18                    0                    1
                    6                   19                    1                    0
                    7                    2                    1                    0
                    7                    2                    0                    1
                    7                    3                    0                    1
                    7                    4                    1                    0
                    7                    9                    1                    0
                    7                    9                    0                    1
                    7                   10                    0                    1
                    7                   11                    1                    0
                    7                   12                    1                    0
                    7                   12                    0                    1
                    7                   13                    0                    1
                    7                   15                    1                    0
                    7                   17                    0                    1
                    7                   18                    0                    1
                    8                    2                    1                    0
                    8                    4                    0                    1
                    8                    5                    1                    0
                    8                    6                    1                    0
                    8                    6                    0                    1
                    8                    7                    1                    0
                    8                    8                    1                    0
                    8                    8                    0                    1
                    8                   11                    0                    1
                    8                   14                    1                    0
                    8                   14                    0                    1
                    8                   18                    1                    0
                    8                   18                    0                    1
                    9                    1                    1                    0
                    9                    2                    0                    1
                    9                    3                    1                    0
                    9                    5                    0                    1
                    9                    7                    0                    1
                    9                   13                    1                    0
                    9                   13                    0                    1
                    9                   18                    0                    1
                    9                   19                    0                    1
                    9                   20                    0                    1
                   10                    1                    0                    1
                   10                    2                    0                    1
                   10                   13                    1                    0
                   11                    5                    1                    0
                   11                    5                    0                    1
                   11                    6                    1                    0
                   11                   13                    0                    1
                   11                   14                    1                    0
                   12                    5                    1                    0
                   12                    6                    1                    0
                   12                   13                    1                    0
                   12                   13                    0                    1
                   13                    2                    1                    0
                   13                    2                    0                    1
                   13                    3                    1                    0
                   13                    4                    1                    0
                   13                    4                    0                    1
                   13                    5                    1                    0
                   13                    5                    0                    1
                   13                    8                    1                    0
                   13                    8                    0                    1
                   13                    9                    0                    1
                   13                   10                    0                    1
                   13                   11                    1                    0
                   13                   13                    1                    0
                   13                   16                    1                    0
                   13                   16                    0                    1
                   13                   17                    1                    0
                   14                    2                    0                    1
                   14                    3                    1                    0
                   14                    3                    0                    1
                   14                    5                    0                    1
                   14                    6                    0                    1
                   14                    7                    0                    1
                   14                    8                    0                    1
                   14                    9                    1                    0
                   14                   11                    1                    0
                   14                   12                    1                    0
                   14                   12                    0                    1
                   14                   15                    1                    0
                   14                   16                    0                    1
                   14                   18                    1                    0
                   14                   18                    0                    1
                   14                   19                    1                    0
                   15                    3                    1                    0
                   15                    9                    0                    1
                   15                   10                    1                    0
                   15                   11                    1                    0
                   15                   12                    1                    0
                   15                   13                    1                    0
                   15                   13                    0                    1
                   15                   14                    0                    1
                   15                   18                    1                    0
                   15                   19                    1                    0
                   16                    1                    1                    0
                   16                    3                    0                    1
                   16                    4                    0                    1
                   16                    5                    1                    0
                   16                   10                    0                    1
                   16                   11                    1                    0
                   16                   11                    0                    1
                   16                   13                    1                    0
                   16                   18                    0                    1
                   16                   20                    1                    0
                   16                   20                    0                    1
                   17                    2                    1                    0
                   17                    2                    0                    1
                   17                    3                    1                    0
                   17                    5                    1                    0
                   17                   11                    1                    0
                   17                   13                    1                    0
                   17                   20                    0                    1
                   18                    1                    0                    1
                   18                    3                    0                    1
                   18                    4                    1                    0
                   18                    5                    1                    0
                   18                   11                    0                    1
                   18                   12                    0                    1
                   18                   20                    1                    0
                   18                   20                    0                    1
                   19                    4                    0                    1
                   19                   20                    1                    0
                   20                   20                    1                    0
                   14                   15
                    8                   19
