                   20                   18                    1                    0
                   19                   18                   -1                    0
                   15                   17                    1                    0
                   15                   18                    0                    1
                   15                   19                    0                    1
                   20                   18                    1                    0
                   20                   17                    0                   -1
                   20                   16                    0                   -1
                   20                   17                    0                    1
                   15                   20                    0                    1
                   14                   20                   -1                    0
                   13                   20                   -1                    0
                   20                   18                    0                    1
                   13                   19                    0                   -1
                   19                   18                   -1                    0
                   20                   18                    1                    0
                   20                   19                    0                    1
                   14                   19                    1                    0
                   15                   19                    1                    0
                   15                   20                    0                    1
                   15                   19                    0                   -1
                   20                   18                    0                   -1
                   20                   17                    0                   -1
                   16                   19                    1                    0
                   20                   16                    0                   -1
                   20                   15                    0                   -1
                   20                   16                    0                    1
                   16                   18                    0                   -1
                   20                   17                    0                    1
                    1                   17                    0                    0
                    2                   17                    1                    0
                    1                   17                   -1                    0
                    2                   17                    1                    0
                    2                   18                    0                    1
                    2                   17                    0                   -1
                    2                   18                    0                    1
                    3                   18                    1                    0
                   16                   17                    0                   -1
                    3                   17                    0                   -1
                   15                   17                   -1                    0
                   14                   17                   -1                    0
                   14                   16                    0                   -1
                   14                   15                    0                   -1
                    3                   18                    0                    1
                    2                   18                   -1                    0
                    2                   17                    0                   -1
                    1                   17                   -1                    0
                    2                   17                    1                    0
                    3                   17                    1                    0
                    3                   16                    0                   -1
                    2                   16                   -1                    0
                    3                   16                    1                    0
                    4                   16                    1                    0
                    5                   16                    1                    0
                   14                   14                    0                   -1
                   14                   13                    0                   -1
                   14                   14                    0                    1
                    4                   16                   -1                    0
                    4                   17                    0                    1
                    5                   17                    1                    0
                    6                   17                    1                    0
                    6                   16                    0                   -1
                    5                   16                   -1                    0
                    5                   15                    0                   -1
                    5                   14                    0                   -1
                    6                   14                    1                    0
                    6                   15                    0                    1
                   14                   13                    0                   -1
                   13                   13                   -1                    0
                   12                   13                   -1                    0
                   12                   14                    0                    1
                    6                   14                    0                   -1
                   12                   13                    0                   -1
                    7                   14                    1                    0
                   12                   14                    0                    1
                   13                   14                    1                    0
                    6                   14                   -1                    0
                   13                   15                    0                    1
                    5                   14                   -1                    0
                    5                   13                    0                   -1
                    4                   13                   -1                    0
                    4                   14                    0                    1
                   13                   14                    0                   -1
                    3                   14                   -1                    0
                    4                   14                    1                    0
                    3                   14                   -1                    0
                    3                   13                    0                   -1
                    2                   13                   -1                    0
                   12                   14                   -1                    0
                    2                   14                    0                    1
                    2                   15                    0                    1
                    2                   14                    0                   -1
                   12                   13                    0                   -1
                   12                   14                    0                    1
                   12                   13                    0                   -1
                    2                   15                    0                    1
                   13                   13                    1                    0
                   14                   13                    1                    0
                    1                   15                   -1                    0
                    1                   14                    0                   -1
                   14                   14                    0                    1
                   13                   14                   -1                    0
                   20                   14                    0                    0
                   13                   15                    0                    1
                   20                   15                    0                    1
                   19                   15                   -1                    0
                   20                   15                    1                    0
                   12                   15                   -1                    0
                   12                   14                    0                   -1
                   12                   15                    0                    1
                   12                   14                    0                   -1
                   12                   15                    0                    1
                   20                   14                    0                   -1
                   12                   14                    0                   -1
                   13                   14                    1                    0
                   14                   14                    1                    0
                    1                   14                    0                    0
                   14                   13                    0                   -1
                   14                   12                    0                   -1
                    1                   13                    0                   -1
                    1                   12                    0                   -1
                    1                   13                    0                    1
                    2                   13                    1                    0
                    1                   13                   -1                    0
                   13                   12                   -1                    0
                    1                   14                    0                    1
                   13                   13                    0                    1
                   13                   14                    0                    1
                   13                   15                    0                    1
                   14                   15                    1                    0
                    1                   15                    0                    1
                   14                   16                    0                    1
                   15                   16                    1                    0
                   14                   16                   -1                    0
                   15                   16                    1                    0
                    1                   14                    0                   -1
                    1                   15                    0                    1
                   20                   15                    0                    0
                   19                   15                   -1                    0
                   20                   15                    1                    0
                   15                   15                    0                   -1
                   16                   15                    1                    0
                   20                   14                    0                   -1
                   15                   15                   -1                    0
                   19                   14                   -1                    0
                   19                   15                    0                    1
                   14                   15                   -1                    0
                   14                   16                    0                    1
                   13                   16                   -1                    0
                   13                   15                    0                   -1
                   13                   16                    0                    1
                   12                   16                   -1                    0
                   13                   16                    1                    0
                   20                   15                    1                    0
                   14                   16                    1                    0
                   14                   15                    0                   -1
                   15                   15                    1                    0
                   14                   15                   -1                    0
                    1                   15                    0                    0
                   15                   15                    1                    0
                    1                   14                    0                   -1
                   16                   15                    1                    0
                   16                   14                    0                   -1
