                    3                    8                    1                    0
                    3                    8                    0                    1
                    4                    7                    0                    1
                    6                    9                    0                    1
                    6                   10                    0                    1
                    6                   11                    0                    1
                    6                   12                    1                    0
                    7                   12                    1                    0
                   12                   16                    1                    0
                   12                   16                    0                    1
                   12                   17                    1                    0
                   13                   16                    0                    1
                    8                   12
                    3                    9
