                    1                    5                    1                    0
                    1                   16                    0                    1
                    2                    5                    1                    0
                    3                    4                    1                    0
                    3                    5                    1                    0
                    3                   20                    0                    1
                    4                    4                    0                    1
                    4                   16                    1                    0
                    4                   16                    0                    1
                    4                   17                    1                    0
                    5                    4                    1                    0
                    5                    4                    0                    1
                    5                    5                    1                    0
                    5                   16                    0                    1
                    6                    4                    0                    1
                    6                    7                    1                    0
                    6                    7                    0                    1
                    6                    8                    1                    0
                    7                    6                    1                    0
                    7                    6                    0                    1
                    7                    7                    1                    0
                    7                    7                    0                    1
                    8                    6                    0                    1
                    9                    4                    1                    0
                    9                    4                    0                    1
                    9                    5                    0                    1
                    9                    6                    1                    0
                   10                    4                    1                    0
                   10                    6                    1                    0
                   11                    4                    0                    1
                   11                    5                    0                    1
                   19                   16                    1                    0
                   19                   16                    0                    1
                   19                   17                    1                    0
                   20                    5                    1                    0
                   20                    5                    0                    1
                   20                   16                    1                    0
                   20                   17                    1                    0
                   20                    6
                    3                   20
