                   20                    5                    1                    0
                   20                    4                    0                   -1
                   20                    5                    0                    1
                   20                    4                    0                   -1
                    1                    4                    0                    0
                   20                    4                    0                    0
                    1                    4                    0                    0
                    2                    4                    1                    0
                    1                    4                   -1                    0
                   20                    4                    0                    0
                    9                    6                    0                   -1
                   20                    5                    0                    1
                    1                    5                    0                    0
                    1                    4                    0                   -1
                    9                    7                    0                    1
                   20                    4                    0                    0
                   10                    7                    1                    0
                    9                    7                   -1                    0
                   20                    3                    0                   -1
                   19                    3                   -1                    0
                   19                    2                    0                   -1
                    9                    8                    0                    1
                    8                    8                   -1                    0
                    9                    8                    1                    0
                    9                    9                    0                    1
                   19                    1                    0                   -1
                    9                    8                    0                   -1
                   19                    2                    0                    1
                    9                    7                    0                   -1
                   19                    1                    0                   -1
                    9                    8                    0                    1
                   19                    2                    0                    1
                    9                    7                    0                   -1
                   19                    1                    0                   -1
                   19                    2                    0                    1
                    9                    8                    0                    1
                    9                    9                    0                    1
                   10                    9                    1                    0
                    9                    9                   -1                    0
                   19                    3                    0                    1
                   20                    3                    1                    0
                    9                   10                    0                    1
                    9                    9                    0                   -1
                   20                    2                    0                   -1
                   19                    2                   -1                    0
                   20                    2                    1                    0
                    9                    8                    0                   -1
                    9                    7                    0                   -1
                   20                    3                    0                    1
                   20                    4                    0                    1
                   19                    4                   -1                    0
                   20                    4                    1                    0
                    9                    6                    0                   -1
                    9                    7                    0                    1
                   20                    5                    0                    1
                   19                    5                   -1                    0
                   19                    6                    0                    1
                    9                    6                    0                   -1
                   19                    5                    0                   -1
                   10                    6                    1                    0
                   20                    5                    1                    0
                   19                    5                   -1                    0
                    9                    6                   -1                    0
                    9                    7                    0                    1
                   19                    4                    0                   -1
                   10                    7                    1                    0
                   19                    5                    0                    1
                    9                    7                   -1                    0
                   19                    4                    0                   -1
                   19                    5                    0                    1
                   19                    6                    0                    1
                   20                    6                    1                    0
                   19                    6                   -1                    0
