                    1                   17                    0                    1
                    4                   12                    1                    0
                    5                   12                    1                    0
                    6                   12                    0                    1
                    6                   13                    0                    1
                    6                   14                    0                    1
                    6                   15                    0                    1
                    8                    1                    1                    0
                    8                    1                    0                    1
                    8                    2                    0                    1
                    8                    3                    1                    0
                    9                    1                    0                    1
                    9                    2                    0                    1
                   18                   19                    1                    0
                   18                   19                    0                    1
                   18                   20                    1                    0
                   19                   19                    0                    1
                   20                   17                    1                    0
                   20                   17                    0                    1
                   20                   18                    1                    0
                    6                   16
                    4                   12
