                    1                    1                    0                    1
                    6                   11                    1                    0
                    6                   11                    0                    1
                    6                   12                    1                    0
                    7                   11                    1                    0
                    7                   12                    0                    1
                    7                   13                    0                    1
                    8                   11                    1                    0
                   11                    6                    0                    1
                   11                    7                    1                    0
                   12                    7                    0                    1
                   15                   16                    1                    0
                   15                   16                    0                    1
                   15                   17                    0                    1
                   15                   18                    1                    0
                   16                   16                    0                    1
                   16                   17                    0                    1
                   20                    1                    1                    0
                   20                    1                    0                    1
                   20                    2                    1                    0
                   12                    8
                   11                    6
