                   15                   17                    1                    0
                   16                   17                    1                    0
                   15                   17                   -1                    0
                   18                    6                    0                    1
                   18                    5                    0                   -1
                   17                    5                   -1                    0
                   14                   17                   -1                    0
                   18                    5                    1                    0
                   14                   16                    0                   -1
                   14                   15                    0                   -1
                   15                   15                    1                    0
                   19                    5                    1                    0
                   20                    5                    1                    0
                    1                    5                    0                    0
                   20                    5                    0                    0
                   14                   15                   -1                    0
                   14                   16                    0                    1
                   14                   17                    0                    1
                   14                   18                    0                    1
                   14                   17                    0                   -1
                   20                    6                    0                    1
                   14                   16                    0                   -1
                   20                    7                    0                    1
                   20                    6                    0                   -1
                   19                    6                   -1                    0
                   20                    6                    1                    0
                    1                    6                    0                    0
                   15                   16                    1                    0
                   15                   17                    0                    1
                   20                    6                    0                    0
                    1                    6                    0                    0
                   20                    6                    0                    0
                   19                    6                   -1                    0
                   15                   16                    0                   -1
                   14                   16                   -1                    0
                   14                   17                    0                    1
                   14                   18                    0                    1
                   13                   18                   -1                    0
                   14                   18                    1                    0
                   20                    6                    1                    0
                   13                   18                   -1                    0
                   14                   18                    1                    0
                   19                    6                   -1                    0
                   20                    6                    1                    0
                   20                    5                    0                   -1
                   20                    4                    0                   -1
                   14                   19                    0                    1
                   19                    4                   -1                    0
                   20                    4                    1                    0
                   20                    5                    0                    1
                   19                    5                   -1                    0
                   14                   18                    0                   -1
                   14                   17                    0                   -1
                   15                   17                    1                    0
                   16                   17                    1                    0
                   16                   18                    0                    1
                   19                    4                    0                   -1
                   15                   18                   -1                    0
                   19                    5                    0                    1
                   16                   18                    1                    0
                   18                    5                   -1                    0
                   16                   17                    0                   -1
                   19                    5                    1                    0
                   18                    5                   -1                    0
                   17                   17                    1                    0
                   19                    5                    1                    0
                   16                   17                   -1                    0
                   15                   17                   -1                    0
                   14                   17                   -1                    0
                   14                   16                    0                   -1
                   19                    4                    0                   -1
                   18                    4                   -1                    0
                   14                   17                    0                    1
                   18                    3                    0                   -1
                   18                    4                    0                    1
                   14                   16                    0                   -1
                   15                   16                    1                    0
                   18                    5                    0                    1
                   19                    5                    1                    0
                   19                    4                    0                   -1
                   15                   17                    0                    1
                   18                    4                   -1                    0
                   17                    4                   -1                    0
                   18                    4                    1                    0
                   17                    4                   -1                    0
                   18                    4                    1                    0
                   18                    3                    0                   -1
                   15                   16                    0                   -1
                   14                   16                   -1                    0
