                   10                    8                    1                    0
                   10                    8                    0                    1
                   11                   11                    1                    0
                   11                   11                    0                    1
                   11                   12                    1                    0
                   12                   11                    0                    1
                   19                    8                    1                    0
                   19                    8                    0                    1
                   19                    9                    1                    0
                   20                    8                    0                    1
                   16                   15
                   10                    9
