                    1                    3                    0                    1
                    1                    9                    0                    1
                    1                   11                    1                    0
                    1                   11                    0                    1
                    1                   12                    0                    1
                    2                   11                    1                    0
                    2                   15                    1                    0
                    2                   15                    0                    1
                    2                   16                    1                    0
                    3                   11                    1                    0
                    3                   15                    0                    1
                    4                    9                    1                    0
                    4                    9                    0                    1
                    4                   10                    0                    1
                    5                    9                    1                    0
                    6                    8                    1                    0
                    6                    8                    0                    1
                    7                    1                    0                    1
                    7                    2                    1                    0
                    7                    8                    1                    0
                    7                   20                    1                    0
                    7                   20                    0                    1
                    8                    2                    1                    0
                    8                    7                    1                    0
                    8                    7                    0                    1
                    8                   11                    1                    0
                    8                   11                    0                    1
                    8                   12                    0                    1
                    8                   13                    1                    0
                    8                   20                    1                    0
                    9                    2                    1                    0
                    9                    6                    1                    0
                    9                    6                    0                    1
                    9                    7                    1                    0
                    9                    7                    0                    1
                    9                    8                    0                    1
                    9                    9                    0                    1
                    9                   10                    0                    1
                    9                   20                    1                    0
                   10                    1                    1                    0
                   10                    1                    0                    1
                   10                    6                    0                    1
                   10                   20                    1                    0
                   11                    3                    1                    0
                   11                    3                    0                    1
                   11                    4                    1                    0
                   11                   20                    0                    1
                   12                    1                    0                    1
                   12                    2                    1                    0
                   12                    3                    0                    1
                   12                   20                    1                    0
                   12                   20                    0                    1
                   13                    2                    0                    1
                   13                    3                    0                    1
                   13                    4                    1                    0
                   13                   16                    1                    0
                   13                   16                    0                    1
                   13                   17                    0                    1
                   13                   20                    0                    1
                   14                    4                    1                    0
                   14                    5                    1                    0
                   14                    5                    0                    1
                   14                    6                    1                    0
                   14                   15                    1                    0
                   14                   15                    0                    1
                   15                    4                    1                    0
                   15                    5                    0                    1
                   15                    7                    1                    0
                   15                    7                    0                    1
                   15                    8                    1                    0
                   15                   12                    1                    0
                   15                   12                    0                    1
                   15                   13                    0                    1
                   15                   14                    0                    1
                   16                    4                    1                    0
                   16                    7                    0                    1
                   16                   12                    1                    0
                   17                    1                    1                    0
                   17                    1                    0                    1
                   17                    2                    0                    1
                   17                    3                    0                    1
                   17                    5                    1                    0
                   17                    5                    0                    1
                   17                    6                    0                    1
                   17                    7                    1                    0
                   17                   12                    0                    1
                   17                   13                    0                    1
                   17                   14                    1                    0
                   18                    1                    1                    0
                   18                    5                    0                    1
                   18                    6                    0                    1
                   18                    9                    1                    0
                   18                    9                    0                    1
                   18                   10                    1                    0
                   18                   13                    1                    0
                   18                   13                    0                    1
                   19                    9                    0                    1
                   19                   13                    1                    0
                   19                   18                    1                    0
                   19                   18                    0                    1
                   19                   19                    0                    1
                   19                   20                    0                    1
                   20                    3                    1                    0
                   20                    3                    0                    1
                   20                    4                    1                    0
                   20                    9                    1                    0
                   20                    9                    0                    1
                   20                   10                    1                    0
                   20                   13                    1                    0
                   20                   18                    1                    0
                    1                   18
                   13                   18
