                   18                    7                    0                    1
                   17                    7                   -1                    0
                   17                    8                    0                    1
                   20                   19                    0                   -1
                   20                   20                    0                    1
                    1                   20                    0                    0
                   20                   20                    0                    0
                   20                   19                    0                   -1
                   20                   20                    0                    1
                   20                    1                    0                    0
                   17                    7                    0                   -1
                   18                    7                    1                    0
                   20                   20                    0                    0
                   18                    6                    0                   -1
                   20                    1                    0                    0
                   20                   20                    0                    0
                   19                   20                   -1                    0
                   20                   20                    1                    0
                   17                    6                   -1                    0
                   20                   19                    0                   -1
                   18                    6                    1                    0
                   20                   20                    0                    1
                   20                    1                    0                    0
                   20                   20                    0                    0
                   19                   20                   -1                    0
                   20                   20                    1                    0
                   18                    7                    0                    1
                   18                    8                    0                    1
                   18                    7                    0                   -1
                    1                   20                    0                    0
                   18                    6                    0                   -1
                    2                   20                    1                    0
                    1                   20                   -1                    0
                    2                   20                    1                    0
                    1                   20                   -1                    0
                   18                    5                    0                   -1
                   17                    5                   -1                    0
                   18                    5                    1                    0
                   18                    6                    0                    1
                   20                   20                    0                    0
                   17                    6                   -1                    0
                   20                    1                    0                    0
                   18                    6                    1                    0
                   19                    6                    1                    0
                   20                    2                    0                    1
                    1                    2                    0                    0
                   18                    6                   -1                    0
                   18                    5                    0                   -1
                   18                    6                    0                    1
                   18                    5                    0                   -1
                   20                    2                    0                    0
                    1                    2                    0                    0
                   18                    4                    0                   -1
                    1                    1                    0                   -1
                   18                    5                    0                    1
                   18                    6                    0                    1
                   17                    6                   -1                    0
                   18                    6                    1                    0
                   17                    6                   -1                    0
                    1                    2                    0                    1
                    1                    1                    0                   -1
                   18                    6                    1                    0
                    2                    1                    1                    0
                    1                    1                   -1                    0
                    1                    2                    0                    1
                   19                    6                    1                    0
                   18                    6                   -1                    0
                    1                    1                    0                   -1
                   18                    7                    0                    1
                    1                    2                    0                    1
                   19                    7                    1                    0
                   20                    2                    0                    0
                   20                    1                    0                   -1
                   20                   20                    0                    0
                   18                    7                   -1                    0
                   18                    8                    0                    1
                   18                    7                    0                   -1
                   17                    7                   -1                    0
                   20                    1                    0                    0
                   16                    7                   -1                    0
                   15                    7                   -1                    0
                   15                    8                    0                    1
                   16                    8                    1                    0
                   15                    8                   -1                    0
