                    6                   20                    0                    0
                    5                   20                   -1                    0
                    4                   20                   -1                    0
                    6                   11                    0                    1
                    5                   20                    1                    0
                    6                   20                    1                    0
                    6                   10                    0                   -1
                    6                   11                    0                    1
                    6                   10                    0                   -1
                    6                    1                    0                    0
                    5                    1                   -1                    0
                    4                    1                   -1                    0
                    5                   10                   -1                    0
                    3                    1                   -1                    0
                    3                   20                    0                    0
                    4                   10                   -1                    0
                    5                   10                    1                    0
                    4                   10                   -1                    0
                    3                   19                    0                   -1
                    5                   10                    1                    0
                    6                   10                    1                    0
                    6                    9                    0                   -1
                    6                   10                    0                    1
                    3                   18                    0                   -1
                    3                   19                    0                    1
                    2                   19                   -1                    0
                    3                   19                    1                    0
                    5                   10                   -1                    0
                    4                   19                    1                    0
                    6                   10                    1                    0
                    3                   19                   -1                    0
                    3                   18                    0                   -1
                    6                    9                    0                   -1
                    5                    9                   -1                    0
                    3                   19                    0                    1
                    3                   20                    0                    1
                    5                   10                    0                    1
                    3                    1                    0                    0
                    5                    9                    0                   -1
                    2                    1                   -1                    0
                    6                    9                    1                    0
                    1                    1                   -1                    0
                    6                   10                    0                    1
                    2                    1                    1                    0
                    2                    2                    0                    1
                    1                    2                   -1                    0
                    7                   10                    1                    0
                    6                   10                   -1                    0
                    7                   10                    1                    0
                   20                    2                    0                    0
                    1                    2                    0                    0
                    1                    1                    0                   -1
                    1                   20                    0                    0
                    6                   10                   -1                    0
                    1                    1                    0                    0
                    6                   11                    0                    1
                   20                    1                    0                    0
                    6                   12                    0                    1
                    5                   12                   -1                    0
                    6                   12                    1                    0
                    1                    1                    0                    0
                    6                   11                    0                   -1
                    5                   11                   -1                    0
                    6                   11                    1                    0
                    6                   10                    0                   -1
                    1                    2                    0                    1
                    2                    2                    1                    0
                    6                    9                    0                   -1
                    2                    3                    0                    1
                    1                    3                   -1                    0
                   20                    3                    0                    0
                   20                    2                    0                   -1
                   20                    3                    0                    1
                    5                    9                   -1                    0
                    1                    3                    0                    0
                    5                    8                    0                   -1
                    1                    2                    0                   -1
                    5                    7                    0                   -1
                    5                    8                    0                    1
                    6                    8                    1                    0
                    6                    9                    0                    1
                    7                    9                    1                    0
