                    1                    1                    0                    1
                    1                    3                    1                    0
                    1                    4                    1                    0
                    1                    6                    1                    0
                    1                    6                    0                    1
                    1                    7                    1                    0
                    1                    8                    0                    1
                    1                    9                    1                    0
                    1                   10                    1                    0
                    1                   11                    0                    1
                    1                   14                    1                    0
                    1                   14                    0                    1
                    1                   15                    1                    0
                    1                   15                    0                    1
                    1                   18                    1                    0
                    1                   19                    1                    0
                    1                   19                    0                    1
                    1                   20                    1                    0
                    1                   20                    0                    1
                    2                    3                    1                    0
                    2                    4                    1                    0
                    2                    5                    1                    0
                    2                    5                    0                    1
                    2                    7                    0                    1
                    2                    8                    1                    0
                    2                    9                    1                    0
                    2                   10                    0                    1
                    2                   11                    0                    1
                    2                   12                    1                    0
                    2                   13                    1                    0
                    2                   13                    0                    1
                    2                   15                    1                    0
                    2                   16                    1                    0
                    2                   16                    0                    1
                    2                   17                    1                    0
                    2                   18                    1                    0
                    2                   19                    1                    0
                    2                   20                    1                    0
                    3                    1                    0                    1
                    3                    2                    1                    0
                    3                    3                    1                    0
                    3                    4                    0                    1
                    3                    6                    1                    0
                    3                    6                    0                    1
                    3                    7                    0                    1
                    3                    9                    1                    0
                    3                   10                    1                    0
                    3                   10                    0                    1
                    3                   11                    1                    0
                    3                   12                    1                    0
                    3                   13                    1                    0
                    3                   15                    1                    0
                    3                   16                    1                    0
                    3                   17                    0                    1
                    3                   19                    0                    1
                    3                   20                    1                    0
                    3                   20                    0                    1
                    4                    1                    1                    0
                    4                    2                    1                    0
                    4                    3                    0                    1
                    4                    4                    1                    0
                    4                    6                    1                    0
                    4                    8                    1                    0
                    4                    8                    0                    1
                    4                    9                    1                    0
                    4                    9                    0                    1
                    4                   11                    1                    0
                    4                   12                    1                    0
                    4                   13                    1                    0
                    4                   14                    1                    0
                    4                   14                    0                    1
                    4                   15                    1                    0
                    4                   15                    0                    1
                    4                   17                    1                    0
                    4                   17                    0                    1
                    4                   18                    1                    0
                    4                   20                    0                    1
                    5                    2                    1                    0
                    5                    3                    1                    0
                    5                    3                    0                    1
                    5                    5                    0                    1
                    5                    6                    1                    0
                    5                    6                    0                    1
                    5                    7                    1                    0
                    5                    8                    0                    1
                    5                   10                    1                    0
                    5                   10                    0                    1
                    5                   11                    1                    0
                    5                   11                    0                    1
                    5                   12                    1                    0
                    5                   12                    0                    1
                    5                   13                    1                    0
                    5                   13                    0                    1
                    5                   15                    1                    0
                    5                   17                    1                    0
                    5                   18                    0                    1
                    5                   19                    1                    0
                    5                   20                    1                    0
                    5                   20                    0                    1
                    6                    2                    1                    0
                    6                    3                    0                    1
                    6                    4                    1                    0
                    6                    6                    0                    1
                    6                    8                    1                    0
                    6                    8                    0                    1
                    6                    9                    0                    1
                    6                   10                    1                    0
                    6                   10                    0                    1
                    6                   11                    1                    0
                    6                   11                    0                    1
                    6                   13                    1                    0
                    6                   14                    1                    0
                    6                   14                    0                    1
                    6                   17                    0                    1
                    6                   18                    0                    1
                    6                   19                    1                    0
                    6                   19                    0                    1
                    7                    1                    0                    1
                    7                    2                    1                    0
                    7                    2                    0                    1
                    7                    3                    0                    1
                    7                    4                    1                    0
                    7                    4                    0                    1
                    7                    5                    1                    0
                    7                    6                    1                    0
                    7                    6                    0                    1
                    7                    7                    0                    1
                    7                    8                    1                    0
                    7                    8                    0                    1
                    7                    9                    1                    0
                    7                   10                    0                    1
                    7                   13                    1                    0
                    7                   14                    0                    1
                    7                   15                    0                    1
                    7                   16                    1                    0
                    7                   19                    0                    1
                    7                   20                    0                    1
                    8                    1                    1                    0
                    8                    1                    0                    1
                    8                    4                    0                    1
                    8                    6                    1                    0
                    8                    7                    1                    0
                    8                    7                    0                    1
                    8                    9                    0                    1
                    8                   10                    0                    1
                    8                   11                    1                    0
                    8                   12                    1                    0
                    8                   12                    0                    1
                    8                   15                    1                    0
                    8                   15                    0                    1
                    8                   17                    1                    0
                    8                   17                    0                    1
                    8                   18                    1                    0
                    8                   19                    1                    0
                    8                   19                    0                    1
                    8                   20                    1                    0
                    9                    1                    0                    1
                    9                    2                    1                    0
                    9                    6                    0                    1
                    9                    7                    1                    0
                    9                    7                    0                    1
                    9                    8                    0                    1
                    9                    9                    1                    0
                    9                   11                    0                    1
                    9                   13                    1                    0
                    9                   13                    0                    1
                    9                   14                    0                    1
                    9                   15                    1                    0
                    9                   15                    0                    1
                    9                   16                    0                    1
                    9                   17                    1                    0
                    9                   17                    0                    1
                    9                   19                    0                    1
                   10                    2                    1                    0
                   10                    3                    1                    0
                   10                    3                    0                    1
                   10                    4                    1                    0
                   10                    5                    1                    0
                   10                    5                    0                    1
                   10                    6                    1                    0
                   10                    7                    1                    0
                   10                    9                    0                    1
                   10                   10                    1                    0
                   10                   11                    1                    0
                   10                   11                    0                    1
                   10                   12                    0                    1
                   10                   15                    1                    0
                   10                   16                    1                    0
                   10                   16                    0                    1
                   10                   17                    1                    0
                   10                   17                    0                    1
                   10                   18                    1                    0
                   11                    2                    1                    0
                   11                    3                    0                    1
                   11                    4                    1                    0
                   11                    4                    0                    1
                   11                    6                    1                    0
                   11                    7                    1                    0
                   11                   10                    0                    1
                   11                   11                    1                    0
                   11                   11                    0                    1
                   11                   12                    1                    0
                   11                   13                    1                    0
                   11                   13                    0                    1
                   11                   14                    1                    0
                   11                   14                    0                    1
                   11                   16                    1                    0
                   11                   17                    1                    0
                   11                   18                    1                    0
                   11                   19                    1                    0
                   11                   19                    0                    1
                   11                   20                    1                    0
                   12                    2                    0                    1
                   12                    3                    0                    1
                   12                    5                    1                    0
                   12                    5                    0                    1
                   12                    7                    0                    1
                   12                    8                    0                    1
                   12                    9                    0                    1
                   12                   10                    1                    0
                   12                   11                    0                    1
                   12                   13                    1                    0
                   12                   14                    0                    1
                   12                   15                    0                    1
                   12                   16                    1                    0
                   12                   16                    0                    1
                   12                   18                    0                    1
                   12                   20                    1                    0
                   13                    1                    0                    1
                   13                    2                    1                    0
                   13                    3                    1                    0
                   13                    3                    0                    1
                   13                    4                    0                    1
                   13                    6                    1                    0
                   13                    6                    0                    1
                   13                    7                    0                    1
                   13                    8                    1                    0
                   13                   10                    0                    1
                   13                   11                    0                    1
                   13                   12                    0                    1
                   13                   15                    1                    0
                   13                   15                    0                    1
                   13                   19                    1                    0
                   13                   19                    0                    1
                   13                   20                    1                    0
                   13                   20                    0                    1
                   14                    1                    1                    0
                   14                    1                    0                    1
                   14                    3                    1                    0
                   14                    4                    1                    0
                   14                    4                    0                    1
                   14                    5                    0                    1
                   14                    7                    1                    0
                   14                    7                    0                    1
                   14                   13                    1                    0
                   14                   13                    0                    1
                   14                   14                    1                    0
                   14                   15                    1                    0
                   14                   16                    1                    0
                   14                   16                    0                    1
                   14                   17                    1                    0
                   14                   19                    1                    0
                   14                   20                    1                    0
                   15                    1                    1                    0
                   15                    3                    1                    0
                   15                    4                    1                    0
                   15                    5                    1                    0
                   15                    5                    0                    1
                   15                    6                    0                    1
                   15                   10                    1                    0
                   15                   10                    0                    1
                   15                   11                    1                    0
                   15                   13                    0                    1
                   15                   14                    1                    0
                   15                   14                    0                    1
                   15                   16                    1                    0
                   15                   17                    1                    0
                   15                   18                    1                    0
                   15                   18                    0                    1
                   15                   19                    1                    0
                   15                   19                    0                    1
                   16                    1                    0                    1
                   16                    2                    0                    1
                   16                    4                    0                    1
                   16                    5                    1                    0
                   16                    5                    0                    1
                   16                    6                    1                    0
                   16                    9                    1                    0
                   16                    9                    0                    1
                   16                   11                    1                    0
                   16                   12                    1                    0
                   16                   12                    0                    1
                   16                   13                    1                    0
                   16                   14                    0                    1
                   16                   15                    1                    0
                   16                   16                    0                    1
                   16                   18                    1                    0
                   16                   19                    0                    1
                   16                   20                    1                    0
                   17                    2                    1                    0
                   17                    2                    0                    1
                   17                    3                    1                    0
                   17                    5                    1                    0
                   17                    6                    0                    1
                   17                    7                    1                    0
                   17                    8                    1                    0
                   17                    8                    0                    1
                   17                   10                    1                    0
                   17                   10                    0                    1
                   17                   12                    1                    0
                   17                   13                    1                    0
                   17                   15                    0                    1
                   17                   16                    0                    1
                   17                   17                    0                    1
                   17                   18                    1                    0
                   17                   18                    0                    1
                   17                   19                    0                    1
                   18                    1                    0                    1
                   18                    2                    1                    0
                   18                    2                    0                    1
                   18                    5                    1                    0
                   18                    7                    0                    1
                   18                    8                    1                    0
                   18                    8                    0                    1
                   18                    9                    1                    0
                   18                    9                    0                    1
                   18                   12                    1                    0
                   18                   13                    1                    0
                   18                   16                    1                    0
                   18                   16                    0                    1
                   18                   17                    1                    0
                   18                   18                    1                    0
                   18                   20                    1                    0
                   18                   20                    0                    1
                   19                    1                    0                    1
                   19                    4                    1                    0
                   19                    4                    0                    1
                   19                    5                    1                    0
                   19                    5                    0                    1
                   19                    6                    0                    1
                   19                    7                    0                    1
                   19                    9                    1                    0
                   19                   12                    0                    1
                   19                   13                    1                    0
                   19                   13                    0                    1
                   19                   14                    1                    0
                   19                   16                    0                    1
                   19                   18                    1                    0
                   19                   20                    0                    1
                   20                    2                    1                    0
                   20                    2                    0                    1
                   20                    3                    1                    0
                   20                    4                    1                    0
                   20                    5                    0                    1
                   20                    6                    0                    1
                   20                    7                    0                    1
                   20                    8                    1                    0
                   20                    9                    0                    1
                   20                   10                    1                    0
                   20                   11                    1                    0
                   20                   11                    0                    1
                   20                   12                    0                    1
                   20                   14                    0                    1
                   20                   15                    1                    0
                   20                   16                    1                    0
                   20                   16                    0                    1
                   20                   17                    0                    1
                   20                   18                    1                    0
                   20                   18                    0                    1
                   20                   19                    0                    1
                   20                   20                    1                    0
                   11                   14
                    5                    5
