                    2                   17                    1                    0
                    1                    1                    0                    0
                    2                    1                    1                    0
                    1                    1                   -1                    0
                    1                   17                   -1                    0
                    2                   17                    1                    0
                    1                    2                    0                    1
                    1                    1                    0                   -1
                    1                    2                    0                    1
                    1                    1                    0                   -1
                    2                   18                    0                    1
                    2                    1                    1                    0
                    1                    1                   -1                    0
                    2                    1                    1                    0
                    1                   18                   -1                    0
                    1                    1                   -1                    0
                   20                   18                    0                    0
                   20                   19                    0                    1
                   20                   18                    0                   -1
                    1                    2                    0                    1
                    1                    1                    0                   -1
                    2                    1                    1                    0
                    1                    1                   -1                    0
                   20                    1                    0                    0
                   20                   20                    0                    0
                    1                   20                    0                    0
                   19                   18                   -1                    0
                   19                   17                    0                   -1
                   19                   18                    0                    1
                   20                   18                    1                    0
                   20                   20                    0                    0
                   19                   20                   -1                    0
                   20                   20                    1                    0
                   20                   19                    0                   -1
                   19                   18                   -1                    0
                   20                   20                    0                    1
                   20                    1                    0                    0
                   19                   17                    0                   -1
                   19                   18                    0                    1
                   19                   17                    0                   -1
                   19                   18                    0                    1
                   19                   17                    0                   -1
                   20                    2                    0                    1
                    1                    2                    0                    0
                   20                    2                    0                    0
                   18                   17                   -1                    0
                   19                   17                    1                    0
                   19                   18                    0                    1
                   20                    1                    0                   -1
                   19                    1                   -1                    0
                   20                   18                    1                    0
                   18                    1                   -1                    0
                   20                   19                    0                    1
                   18                   20                    0                    0
                   19                   19                   -1                    0
                   19                   18                    0                   -1
                   18                    1                    0                    0
                   19                   17                    0                   -1
                   19                   18                    0                    1
                   18                    2                    0                    1
                   19                   19                    0                    1
                   18                    3                    0                    1
                   19                    3                    1                    0
                   19                   20                    0                    1
                   18                    3                   -1                    0
                   20                   20                    1                    0
                   18                    2                    0                   -1
                   19                   20                   -1                    0
                   19                   19                    0                   -1
                   19                   20                    0                    1
                   20                   20                    1                    0
                    1                   20                    0                    0
                   18                    1                    0                   -1
                   19                    1                    1                    0
                   20                    1                    1                    0
                   20                   20                    0                    0
                    1                    1                    0                    0
                   20                    1                    0                    0
                   20                    2                    0                    1
                   20                    1                    0                   -1
                    1                    2                    0                    1
                    2                    2                    1                    0
                    2                    3                    0                    1
                   19                    1                   -1                    0
                    1                    3                   -1                    0
                   20                    1                    1                    0
                   20                    3                    0                    0
                   20                    2                    0                   -1
                    1                    1                    0                    0
                   20                    1                    0                   -1
                    1                   20                    0                    0
                   20                    2                    0                    1
                    1                   19                    0                   -1
                    1                   20                    0                    1
                    1                   19                    0                   -1
                   20                    3                    0                    1
                   20                    4                    0                    1
                    1                    4                    0                    0
                   20                    4                    0                    0
                    1                   20                    0                    1
                    1                   19                    0                   -1
                    1                   18                    0                   -1
                   20                    3                    0                   -1
                    1                    3                    0                    0
                   20                   18                    0                    0
                    1                    2                    0                   -1
                    1                    3                    0                    1
                   20                    3                    0                    0
