                    4                    6                    1                    0
                    3                    6                   -1                    0
                    4                    6                    1                    0
                    8                    7                    0                    1
                    3                    6                   -1                    0
                    8                    6                    0                   -1
                    3                    7                    0                    1
                    8                    5                    0                   -1
                    8                    6                    0                    1
                    8                    5                    0                   -1
                    2                    7                   -1                    0
                    8                    6                    0                    1
                    3                    7                    1                    0
                    8                    5                    0                   -1
                    3                    6                    0                   -1
                    8                    6                    0                    1
                    9                    6                    1                    0
                    4                    6                    1                    0
                    8                    6                   -1                    0
                    9                    6                    1                    0
                    4                    5                    0                   -1
                    3                    5                   -1                    0
                    4                    5                    1                    0
                    4                    6                    0                    1
                    5                    6                    1                    0
                    9                    5                    0                   -1
                    5                    5                    0                   -1
                    5                    6                    0                    1
                    4                    6                   -1                    0
                    3                    6                   -1                    0
                    9                    6                    0                    1
                    8                    6                   -1                    0
                    9                    6                    1                    0
                    2                    6                   -1                    0
                    8                    6                   -1                    0
                    3                    6                    1                    0
                    3                    7                    0                    1
                    8                    5                    0                   -1
                    3                    8                    0                    1
                    3                    7                    0                   -1
                    8                    6                    0                    1
                    2                    7                   -1                    0
                    8                    7                    0                    1
                    9                    7                    1                    0
                    1                    7                   -1                    0
                    8                    7                   -1                    0
                    8                    6                    0                   -1
                    2                    7                    1                    0
                    8                    5                    0                   -1
                    2                    6                    0                   -1
                    8                    6                    0                    1
                    2                    7                    0                    1
                    1                    7                   -1                    0
                    7                    6                   -1                    0
                    6                    6                   -1                    0
                    2                    7                    1                    0
                    7                    6                    1                    0
