                    1                   15                    0                    1
                    7                    4                    1                    0
                    7                    4                    0                    1
                    7                    5                    1                    0
                    7                   15                    1                    0
                    7                   15                    0                    1
                    7                   16                    1                    0
                    8                    4                    0                    1
                    8                   15                    0                    1
                   10                    9                    0                    1
                   16                   15                    0                    1
                   16                   16                    0                    1
                   20                   15                    1                    0
                   20                   15                    0                    1
                   20                   16                    1                    0
                   16                   17
                   10                   10
