                    1                   10                    0                    1
                    1                   11                    1                    0
                    2                   10                    0                    1
                    3                    1                    1                    0
                    6                    1                    1                    0
                    6                    1                    0                    1
                    6                    2                    1                    0
                    7                    2                    1                    0
                    7                   20                    1                    0
                    7                   20                    0                    1
                    8                    1                    1                    0
                    8                    1                    0                    1
                    8                    3                    1                    0
                    8                    3                    0                    1
                    8                    4                    0                    1
                    8                    5                    0                    1
                    8                    6                    1                    0
                    8                   20                    1                    0
                    9                    3                    0                    1
                    9                    4                    0                    1
                    9                    5                    0                    1
                    9                   20                    0                    1
                   13                   15                    1                    0
                   13                   15                    0                    1
                   13                   16                    1                    0
                   14                    1                    1                    0
                   14                    1                    0                    1
                   14                    2                    0                    1
                   14                    3                    1                    0
                   14                   15                    0                    1
                   15                    1                    0                    1
                   15                    2                    0                    1
                   18                    2                    1                    0
                   18                    2                    0                    1
                   18                    3                    1                    0
                   19                    2                    0                    1
                   19                   10                    1                    0
                   19                   10                    0                    1
                   20                   10                    1                    0
                    4                    1
                    3                    1
