                   15                   17                    0                    1
                   20                    8                    0                    0
                    1                    8                    0                    0
                   15                   16                    0                   -1
                   15                   15                    0                   -1
                   14                   15                   -1                    0
                   14                   14                    0                   -1
                    1                    7                    0                   -1
                    1                    8                    0                    1
                    1                    9                    0                    1
                   14                   15                    0                    1
                    2                    9                    1                    0
                   14                   14                    0                   -1
                   15                   14                    1                    0
                   16                   14                    1                    0
                   16                   15                    0                    1
                    1                    9                   -1                    0
                    1                    8                    0                   -1
                   16                   14                    0                   -1
                   16                   13                    0                   -1
                    1                    7                    0                   -1
                   17                   13                    1                    0
                    2                    7                    1                    0
                    3                    7                    1                    0
                   16                   13                   -1                    0
                   16                   14                    0                    1
                    2                    7                   -1                    0
                   15                   14                   -1                    0
                   14                   14                   -1                    0
                   14                   15                    0                    1
                   15                   15                    1                    0
                    1                    7                   -1                    0
                   16                   15                    1                    0
                    1                    8                    0                    1
                   16                   16                    0                    1
                   16                   15                    0                   -1
                   16                   16                    0                    1
                   16                   15                    0                   -1
                    2                    8                    1                    0
                   15                   15                   -1                    0
                   15                   16                    0                    1
                    1                    8                   -1                    0
                   14                   16                   -1                    0
                    1                    9                    0                    1
                   13                   16                   -1                    0
                    1                    8                    0                   -1
                    2                    8                    1                    0
                   13                   15                    0                   -1
                    2                    7                    0                   -1
                    2                    6                    0                   -1
                   13                   16                    0                    1
                   13                   17                    0                    1
                   14                   17                    1                    0
                    3                    6                    1                    0
                   13                   17                   -1                    0
                    2                    6                   -1                    0
                    2                    5                    0                   -1
                   12                   17                   -1                    0
                    3                    5                    1                    0
                    2                    5                   -1                    0
                   12                   16                    0                   -1
                   12                   17                    0                    1
                   12                   18                    0                    1
                    2                    6                    0                    1
                    2                    5                    0                   -1
                   13                   18                    1                    0
                    2                    6                    0                    1
                   13                   17                    0                   -1
                    2                    5                    0                   -1
                   14                   17                    1                    0
                    2                    6                    0                    1
                   13                   17                   -1                    0
                   12                   17                   -1                    0
                   12                   18                    0                    1
                   13                   18                    1                    0
                    3                    6                    1                    0
                    3                    7                    0                    1
                   13                   19                    0                    1
                   13                   18                    0                   -1
                    4                    7                    1                    0
                    3                    7                   -1                    0
                    2                    7                   -1                    0
                   13                   17                    0                   -1
                    2                    6                    0                   -1
                    3                    6                    1                    0
                    3                    5                    0                   -1
                   14                   17                    1                    0
                    4                    5                    1                    0
                    3                    5                   -1                    0
                    3                    4                    0                   -1
                   15                   17                    1                    0
                   15                   18                    0                    1
                    4                    4                    1                    0
                   14                   18                   -1                    0
                   14                   17                    0                   -1
                   14                   18                    0                    1
                    4                    3                    0                   -1
                   14                   19                    0                    1
                   14                   20                    0                    1
                    4                    2                    0                   -1
                    4                    3                    0                    1
                   13                   20                   -1                    0
                    5                    3                    1                    0
                    5                    2                    0                   -1
                   14                   20                    1                    0
                   13                   20                   -1                    0
                   14                   20                    1                    0
                    5                    3                    0                    1
                   13                   20                   -1                    0
                    4                    3                   -1                    0
                    5                    3                    1                    0
                   14                   20                    1                    0
                    6                    3                    1                    0
                    5                    3                   -1                    0
                    4                    3                   -1                    0
                   14                    1                    0                    0
                    4                    4                    0                    1
                   15                    1                    1                    0
                   14                    1                   -1                    0
                   13                    1                   -1                    0
                    5                    4                    1                    0
                   12                    1                   -1                    0
                   12                   20                    0                    0
                   12                    1                    0                    0
                    5                    5                    0                    1
                   13                    1                    1                    0
