                    9                    8                    0                    1
                   10                    8                    1                    0
                    9                    8                   -1                    0
                    8                    8                   -1                    0
                    7                    8                   -1                    0
                   19                    5                    0                   -1
                    7                    7                    0                   -1
                    7                    8                    0                    1
                   19                    6                    0                    1
                    8                    8                    1                    0
                   19                    5                    0                   -1
                    9                    8                    1                    0
                   19                    6                    0                    1
                   10                    8                    1                    0
                   10                    7                    0                   -1
                   10                    8                    0                    1
                   11                    8                    1                    0
                   10                    8                   -1                    0
                   10                    7                    0                   -1
                   11                    7                    1                    0
                   10                    7                   -1                    0
                   19                    7                    0                    1
                   19                    6                    0                   -1
                   19                    5                    0                   -1
                   10                    6                    0                   -1
                   10                    7                    0                    1
                   10                    8                    0                    1
                   20                    5                    1                    0
                    1                    5                    0                    0
                   10                    9                    0                    1
                   11                    9                    1                    0
                    2                    5                    1                    0
                    1                    5                   -1                    0
                   10                    9                   -1                    0
                   10                    8                    0                   -1
                    9                    8                   -1                    0
                    9                    7                    0                   -1
                   20                    5                    0                    0
                   19                    5                   -1                    0
                   19                    6                    0                    1
                   18                    6                   -1                    0
                   19                    6                    1                    0
                   10                    7                    1                    0
                    9                    7                   -1                    0
                    9                    8                    0                    1
                    9                    9                    0                    1
                   10                    9                    1                    0
                   11                    9                    1                    0
                   11                   10                    0                    1
                   11                   11                    0                    1
                   20                    6                    1                    0
                   12                   11                    1                    0
                   19                    6                   -1                    0
                   19                    5                    0                   -1
                   19                    4                    0                   -1
                   11                   11                   -1                    0
                   11                   10                    0                   -1
                   19                    5                    0                    1
                   20                    5                    1                    0
                    1                    5                    0                    0
                   11                    9                    0                   -1
                   10                    9                   -1                    0
                    9                    9                   -1                    0
                    9                   10                    0                    1
                    1                    6                    0                    1
                    8                   10                   -1                    0
                    1                    5                    0                   -1
                    9                   10                    1                    0
                    1                    6                    0                    1
                   10                   10                    1                    0
                    1                    5                    0                   -1
                    9                   10                   -1                    0
