                    8                   20                    1                    0
                    4                    3                   -1                    0
                    4                    4                    0                    1
                    7                   20                   -1                    0
                    4                    3                    0                   -1
                    4                    4                    0                    1
                    5                    4                    1                    0
                    7                    1                    0                    0
                    4                    4                   -1                    0
                    4                    5                    0                    1
                    5                    5                    1                    0
                    7                   20                    0                    0
                    5                    6                    0                    1
                    7                    1                    0                    0
                    5                    5                    0                   -1
                    4                    5                   -1                    0
                    4                    4                    0                   -1
                    7                    2                    0                    1
                    7                    1                    0                   -1
                    6                    1                   -1                    0
                    4                    3                    0                   -1
                    3                    3                   -1                    0
                    6                   20                    0                    0
                    3                    4                    0                    1
                    2                    4                   -1                    0
                    1                    4                   -1                    0
                    6                    1                    0                    0
                    2                    4                    1                    0
                    6                   20                    0                    0
                    2                    3                    0                   -1
                    6                    1                    0                    0
                    2                    4                    0                    1
                    2                    5                    0                    1
                    2                    4                    0                   -1
                    7                    1                    1                    0
                    3                    4                    1                    0
                    4                    4                    1                    0
                    3                    4                   -1                    0
                    7                   20                    0                    0
                    3                    3                    0                   -1
                    6                   20                   -1                    0
                    3                    4                    0                    1
                    3                    3                    0                   -1
                    2                    3                   -1                    0
                    3                    3                    1                    0
                    7                   20                    1                    0
                    4                    3                    1                    0
                    3                    3                   -1                    0
                    8                   20                    1                    0
                    4                    3                    1                    0
                    7                   20                   -1                    0
                    5                    3                    1                    0
                    6                    3                    1                    0
                    6                   20                   -1                    0
                    7                    3                    1                    0
                    7                   20                    1                    0
                    6                   20                   -1                    0
                    6                    3                   -1                    0
                    6                   19                    0                   -1
                    6                   20                    0                    1
                    5                    3                   -1                    0
                    6                   19                    0                   -1
                    4                    3                   -1                    0
                    5                    3                    1                    0
                    5                   19                   -1                    0
                    4                   19                   -1                    0
                    3                   19                   -1                    0
                    4                   19                    1                    0
                    5                   19                    1                    0
                    6                   19                    1                    0
                    5                    2                    0                   -1
                    5                    3                    0                    1
                    6                   20                    0                    1
                    6                    1                    0                    0
                    6                   20                    0                    0
                    6                    3                    1                    0
                    7                   20                    1                    0
                    5                    3                   -1                    0
                    8                   20                    1                    0
                    8                   19                    0                   -1
                    8                   20                    0                    1
                    5                    4                    0                    1
                    6                    4                    1                    0
                    8                   19                    0                   -1
                    5                    4                   -1                    0
                    6                    4                    1                    0
                    5                    4                   -1                    0
                    8                   18                    0                   -1
                    8                   19                    0                    1
                    8                   20                    0                    1
                    9                   20                    1                    0
                    5                    5                    0                    1
                    9                   19                    0                   -1
                    9                   20                    0                    1
                    8                   20                   -1                    0
