                   18                   16                   -1                    0
                    5                    4                    0                   -1
                    5                    5                    0                    1
                   19                   16                    1                    0
                   19                   17                    0                    1
                   19                   16                    0                   -1
                   18                   16                   -1                    0
                    5                    4                    0                   -1
                   18                   15                    0                   -1
                   18                   16                    0                    1
                    4                    4                   -1                    0
                    4                    5                    0                    1
                    3                    5                   -1                    0
                    3                    6                    0                    1
                    3                    7                    0                    1
                   19                   16                    1                    0
                    2                    7                   -1                    0
                   20                   16                    1                    0
                    2                    8                    0                    1
                    1                    8                   -1                    0
                   20                   17                    0                    1
                   19                   17                   -1                    0
                   18                   17                   -1                    0
                    1                    7                    0                   -1
                   18                   16                    0                   -1
                   19                   16                    1                    0
                   20                   16                    1                    0
                   20                    7                    0                    0
                   20                   17                    0                    1
                   20                   16                    0                   -1
                   20                   17                    0                    1
                   20                    6                    0                   -1
                    1                   17                    0                    0
                    1                   18                    0                    1
                   20                    7                    0                    1
                    2                   18                    1                    0
                    1                    7                    0                    0
                    2                    7                    1                    0
                    2                    8                    0                    1
                    2                    9                    0                    1
                    1                   18                   -1                    0
                    2                   10                    0                    1
                    2                   18                    1                    0
                    1                   18                   -1                    0
                   20                   18                    0                    0
                   20                   17                    0                   -1
                    1                   17                    0                    0
                   20                   17                    0                    0
                   20                   18                    0                    1
                   20                   19                    0                    1
                    2                   11                    0                    1
                    2                   10                    0                   -1
                    3                   10                    1                    0
                    3                    9                    0                   -1
                    3                   10                    0                    1
                    3                   11                    0                    1
                   20                   18                    0                   -1
                   20                   19                    0                    1
                    4                   11                    1                    0
                   20                   20                    0                    1
                   19                   20                   -1                    0
                   19                    1                    0                    0
                    3                   11                   -1                    0
                    3                   10                    0                   -1
                    3                    9                    0                   -1
                   19                   20                    0                    0
                   18                   20                   -1                    0
                    2                    9                   -1                    0
                   18                   19                    0                   -1
                    2                    8                    0                   -1
                    2                    7                    0                   -1
                   18                   20                    0                    1
                    3                    7                    1                    0
                    3                    8                    0                    1
                   19                   20                    1                    0
                    3                    7                    0                   -1
                   19                   19                    0                   -1
                   19                   20                    0                    1
                    3                    6                    0                   -1
                    3                    5                    0                   -1
                   19                    1                    0                    0
                   18                    1                   -1                    0
                    4                    5                    1                    0
                    4                    4                    0                   -1
                   19                    1                    1                    0
                   19                   20                    0                    0
                    4                    5                    0                    1
                   18                   20                   -1                    0
                    4                    6                    0                    1
                   18                   19                    0                   -1
                    4                    5                    0                   -1
                    4                    6                    0                    1
                   18                   20                    0                    1
                   17                   20                   -1                    0
                    3                    6                   -1                    0
                   17                    1                    0                    0
                   16                    1                   -1                    0
                   15                    1                   -1                    0
                   14                    1                   -1                    0
                   14                    2                    0                    1
                    3                    7                    0                    1
                    3                    6                    0                   -1
                   15                    2                    1                    0
                   14                    2                   -1                    0
                    3                    7                    0                    1
                    3                    8                    0                    1
                    3                    7                    0                   -1
                    3                    6                    0                   -1
                    3                    7                    0                    1
                    3                    6                    0                   -1
                    3                    7                    0                    1
                   15                    2                    1                    0
                    2                    7                   -1                    0
                   16                    2                    1                    0
                   16                    3                    0                    1
                   16                    2                    0                   -1
                   15                    2                   -1                    0
                   15                    1                    0                   -1
                   16                    1                    1                    0
                    2                    8                    0                    1
                   16                   20                    0                    0
                    1                    8                   -1                    0
                   16                    1                    0                    0
                    2                    8                    1                    0
                    1                    8                   -1                    0
                    1                    7                    0                   -1
                   15                    1                   -1                    0
                   16                    1                    1                    0
                   16                    2                    0                    1
                    1                    6                    0                   -1
