                    2                   20                    1                    0
                    1                   20                   -1                    0
                   20                    5                    1                    0
                   20                    6                    0                    1
                    1                   19                    0                   -1
                   20                    5                    0                   -1
                    1                   20                    0                    1
                    1                    5                    0                    0
                   20                    5                    0                    0
                    1                    5                    0                    0
                   20                    5                    0                    0
                    1                   19                    0                   -1
                   20                    4                    0                   -1
                   20                    5                    0                    1
                   19                    5                   -1                    0
                   19                    6                    0                    1
                   19                    5                    0                   -1
                   19                    4                    0                   -1
                    2                   19                    1                    0
                   19                    5                    0                    1
                    1                   19                   -1                    0
                    1                   20                    0                    1
                    2                   20                    1                    0
                   19                    4                    0                   -1
                    3                   20                    1                    0
                    3                   19                    0                   -1
                    3                   20                    0                    1
                    4                   20                    1                    0
                    4                    1                    0                    0
                   19                    3                    0                   -1
                   19                    4                    0                    1
                    4                   20                    0                    0
                   19                    3                    0                   -1
                    3                   20                   -1                    0
                   19                    4                    0                    1
                    3                   19                    0                   -1
                   19                    5                    0                    1
                    3                   20                    0                    1
                   18                    5                   -1                    0
                    2                   20                   -1                    0
                   18                    6                    0                    1
                    1                   20                   -1                    0
                   18                    5                    0                   -1
                   19                    5                    1                    0
                   20                   20                    0                    0
                   20                    5                    1                    0
                   20                   19                    0                   -1
                   19                   19                   -1                    0
                    1                    5                    0                    0
                    2                    5                    1                    0
                   20                   19                    1                    0
                    1                    5                   -1                    0
                   20                    5                    0                    0
                   19                   19                   -1                    0
                   19                    5                   -1                    0
                   20                   19                    1                    0
                   20                   20                    0                    1
                   18                    5                   -1                    0
                   19                    5                    1                    0
                    1                   20                    0                    0
                   20                   20                    0                    0
                   19                   20                   -1                    0
                   20                   20                    1                    0
                    1                   20                    0                    0
                   19                    4                    0                   -1
                   20                   20                    0                    0
                    1                   20                    0                    0
                   19                    5                    0                    1
                    1                    1                    0                    0
                    1                    2                    0                    1
                    1                    1                    0                   -1
                    1                   20                    0                    0
                   20                   20                    0                    0
                   20                    1                    0                    0
                   20                   20                    0                    0
                   19                    6                    0                    1
                   19                   20                   -1                    0
                   20                    6                    1                    0
                   18                   20                   -1                    0
                   18                    1                    0                    0
                   18                   20                    0                    0
                   20                    7                    0                    1
                   19                   20                    1                    0
                   20                    6                    0                   -1
                   19                    6                   -1                    0
                   20                    6                    1                    0
