                    8                   19                    0                    1
                    5                   16                   -1                    0
                    4                   16                   -1                    0
                    3                   16                   -1                    0
                    2                   16                   -1                    0
                    7                   19                   -1                    0
                    3                   16                    1                    0
                    4                   16                    1                    0
                    4                   17                    0                    1
                    8                   19                    1                    0
                    5                   17                    1                    0
                    5                   18                    0                    1
                    8                   18                    0                   -1
                    8                   19                    0                    1
                    8                   20                    0                    1
                    7                   20                   -1                    0
                    6                   18                    1                    0
                    8                   20                    1                    0
                    8                    1                    0                    0
                    9                    1                    1                    0
                    7                   18                    1                    0
                    9                   20                    0                    0
                    9                    1                    0                    0
                    8                   18                    1                    0
                    8                   19                    0                    1
                    8                   18                    0                   -1
                    8                   17                    0                   -1
                    9                   17                    1                    0
                    9                   20                    0                    0
                    8                   20                   -1                    0
                    9                   16                    0                   -1
                    9                   17                    0                    1
                    8                    1                    0                    0
                    9                    1                    1                    0
                    9                    2                    0                    1
                    8                   17                   -1                    0
                    8                   18                    0                    1
                    8                    2                   -1                    0
                    8                   19                    0                    1
                    9                    2                    1                    0
                    7                   19                   -1                    0
                    6                   19                   -1                    0
                    5                   19                   -1                    0
                   10                    2                    1                    0
                    5                   20                    0                    1
                   10                    1                    0                   -1
                    9                    1                   -1                    0
                    9                   20                    0                    0
                    9                    1                    0                    0
                    9                   20                    0                    0
                    9                   19                    0                   -1
                    5                    1                    0                    0
                   10                   19                    1                    0
                    4                    1                   -1                    0
                    5                    1                    1                    0
                    9                   19                   -1                    0
                    9                   20                    0                    1
                    8                   20                   -1                    0
                    9                   20                    1                    0
                   10                   20                    1                    0
                    5                   20                    0                    0
                    9                   20                   -1                    0
                    9                    1                    0                    0
                    4                   20                   -1                    0
                    5                   20                    1                    0
                    4                   20                   -1                    0
                    5                   20                    1                    0
                    4                   20                   -1                    0
                    4                   19                    0                   -1
                    9                    2                    0                    1
                    3                   19                   -1                    0
                   10                    2                    1                    0
                   10                    1                    0                   -1
                   10                   20                    0                    0
                    3                   20                    0                    1
                   10                    1                    0                    0
                    9                    1                   -1                    0
                    3                    1                    0                    0
                    3                    2                    0                    1
                    3                    1                    0                   -1
                    3                   20                    0                    0
                    3                   19                    0                   -1
                    4                   19                    1                    0
                   10                    1                    1                    0
                    3                   19                   -1                    0
                   10                    2                    0                    1
                   10                    3                    0                    1
                    3                   20                    0                    1
                   11                    3                    1                    0
                    2                   20                   -1                    0
                    2                   19                    0                   -1
                    2                   18                    0                   -1
                   11                    2                    0                   -1
                    3                   18                    1                    0
                    4                   18                    1                    0
                    4                   19                    0                    1
                   12                    2                    1                    0
                   11                    2                   -1                    0
                    4                   20                    0                    1
                   10                    2                   -1                    0
                   10                    3                    0                    1
                   10                    4                    0                    1
                    3                   20                   -1                    0
                    9                    4                   -1                    0
                   10                    4                    1                    0
                    3                    1                    0                    0
                   10                    3                    0                   -1
                    4                    1                    1                    0
                    5                    1                    1                    0
                    5                    2                    0                    1
                    5                    1                    0                   -1
                   10                    2                    0                   -1
                    6                    1                    1                    0
                    9                    2                   -1                    0
                    9                    3                    0                    1
                    5                    1                   -1                    0
                    9                    2                    0                   -1
                    9                    3                    0                    1
                    6                    1                    1                    0
                    6                   20                    0                    0
                    5                   20                   -1                    0
                    9                    4                    0                    1
                    6                   20                    1                    0
                   10                    4                    1                    0
                    5                   20                   -1                    0
                    4                   20                   -1                    0
                    5                   20                    1                    0
                    5                    1                    0                    0
                   11                    4                    1                    0
                    4                    1                   -1                    0
                   11                    3                    0                   -1
                    4                    2                    0                    1
                   11                    4                    0                    1
                    4                    1                    0                   -1
                    5                    1                    1                    0
                    5                    2                    0                    1
                   11                    5                    0                    1
                   10                    5                   -1                    0
                    5                    3                    0                    1
                    5                    4                    0                    1
                    5                    3                    0                   -1
                    4                    3                   -1                    0
                   11                    5                    1                    0
                   12                    5                    1                    0
                   12                    6                    0                    1
                   13                    6                    1                    0
                    5                    3                    1                    0
                    5                    4                    0                    1
                   14                    6                    1                    0
                   15                    6                    1                    0
                    4                    4                   -1                    0
                    4                    3                    0                   -1
                   14                    6                   -1                    0
                   15                    6                    1                    0
                   14                    6                   -1                    0
                    3                    3                   -1                    0
                    4                    3                    1                    0
                   13                    6                   -1                    0
                   13                    5                    0                   -1
                   12                    5                   -1                    0
                   12                    6                    0                    1
                   12                    7                    0                    1
                    5                    3                    1                    0
                    6                    3                    1                    0
                   11                    7                   -1                    0
                   11                    8                    0                    1
