                    3                    6                    1                    0
                    3                    7                    0                    1
                    3                    8                    0                    1
                    3                    7                    0                   -1
                    3                    6                    0                   -1
                   11                   15                   -1                    0
                    2                    6                   -1                    0
                   10                   15                   -1                    0
                   11                   15                    1                    0
                    2                    7                    0                    1
                    3                    7                    1                    0
                    2                    7                   -1                    0
                    2                    6                    0                   -1
                   11                   16                    0                    1
                    2                    5                    0                   -1
                    3                    5                    1                    0
                    4                    5                    1                    0
                    5                    5                    1                    0
                    4                    5                   -1                    0
                    3                    5                   -1                    0
                    4                    5                    1                    0
                   10                   16                   -1                    0
                    5                    5                    1                    0
                    6                    5                    1                    0
                   11                   16                    1                    0
                   11                   15                    0                   -1
                    7                    5                    1                    0
                   10                   15                   -1                    0
                    7                    4                    0                   -1
                   10                   14                    0                   -1
                    7                    5                    0                    1
                   11                   14                    1                    0
                    7                    4                    0                   -1
                    7                    3                    0                   -1
                   11                   15                    0                    1
                   12                   15                    1                    0
                    8                    3                    1                    0
                    8                    2                    0                   -1
                   13                   15                    1                    0
                   14                   15                    1                    0
                   14                   14                    0                   -1
                    7                    2                   -1                    0
                   14                   13                    0                   -1
                   13                   13                   -1                    0
                   13                   14                    0                    1
                   14                   14                    1                    0
                   14                   15                    0                    1
                    7                    1                    0                   -1
                   14                   16                    0                    1
                   13                   16                   -1                    0
                    7                    2                    0                    1
                    8                    2                    1                    0
                    8                    1                    0                   -1
                   14                   16                    1                    0
                   14                   17                    0                    1
                    8                    2                    0                    1
                   14                   16                    0                   -1
                   14                   15                    0                   -1
                    7                    2                   -1                    0
                   14                   16                    0                    1
                   15                   16                    1                    0
                   16                   16                    1                    0
                    6                    2                   -1                    0
                   17                   16                    1                    0
                    7                    2                    1                    0
                    8                    2                    1                    0
                   16                   16                   -1                    0
                    7                    2                   -1                    0
                    7                    1                    0                   -1
                    7                    2                    0                    1
                    7                    1                    0                   -1
                    7                    2                    0                    1
                    6                    2                   -1                    0
                    7                    2                    1                    0
                   17                   16                    1                    0
                    8                    2                    1                    0
                   17                   17                    0                    1
                    7                    2                   -1                    0
                   17                   16                    0                   -1
                    7                    1                    0                   -1
                   16                   16                   -1                    0
                    7                   20                    0                    0
                    7                    1                    0                    0
                    7                    2                    0                    1
                   16                   17                    0                    1
                    7                    1                    0                   -1
                    7                    2                    0                    1
                   15                   17                   -1                    0
                   14                   17                   -1                    0
                   14                   18                    0                    1
                    8                    2                    1                    0
                   14                   17                    0                   -1
                    8                    1                    0                   -1
                   15                   17                    1                    0
                    9                    1                    1                    0
                   15                   18                    0                    1
                    9                   20                    0                    0
                    8                   20                   -1                    0
                   15                   19                    0                    1
                    8                   19                    0                   -1
                   15                   18                    0                   -1
                   15                   17                    0                   -1
                   15                   18                    0                    1
                   15                   17                    0                   -1
                   15                   16                    0                   -1
                   14                   16                   -1                    0
                    7                   19                   -1                    0
                   15                   16                    1                    0
                   14                   16                   -1                    0
                   13                   16                   -1                    0
                   12                   16                   -1                    0
                   11                   16                   -1                    0
                   12                   16                    1                    0
                   13                   16                    1                    0
                    8                   19                    1                    0
                   12                   16                   -1                    0
                    8                   18                    0                   -1
                   12                   15                    0                   -1
                   13                   15                    1                    0
                    8                   17                    0                   -1
                    9                   17                    1                    0
                   13                   14                    0                   -1
                   10                   17                    1                    0
                   14                   14                    1                    0
                   11                   17                    1                    0
                   11                   16                    0                   -1
                   14                   15                    0                    1
                   11                   17                    0                    1
                   15                   15                    1                    0
                   15                   14                    0                   -1
                   11                   16                    0                   -1
                   11                   17                    0                    1
                   15                   15                    0                    1
                   11                   16                    0                   -1
                   14                   15                   -1                    0
                   14                   16                    0                    1
                   11                   15                    0                   -1
                   14                   17                    0                    1
                   10                   15                   -1                    0
                   14                   16                    0                   -1
                   10                   14                    0                   -1
                   15                   16                    1                    0
                   10                   15                    0                    1
                   14                   16                   -1                    0
                   11                   15                    1                    0
                   11                   16                    0                    1
                   12                   16                    1                    0
