                   19                    2                   -1                    0
                   20                    2                    1                    0
                    1                    2                    0                    0
                    2                    2                    1                    0
                   19                   18                    1                    0
                   20                   18                    1                    0
                   20                   19                    0                    1
                    2                    3                    0                    1
                   19                   19                   -1                    0
                    3                    3                    1                    0
                   18                   19                   -1                    0
                   18                   18                    0                   -1
                    3                    4                    0                    1
                    2                    4                   -1                    0
                   19                   18                    1                    0
                   19                   17                    0                   -1
                    2                    5                    0                    1
                   19                   18                    0                    1
                   19                   19                    0                    1
                   18                   19                   -1                    0
                   18                   18                    0                   -1
                    2                    4                    0                   -1
                    3                    4                    1                    0
                   18                   17                    0                   -1
                   19                   17                    1                    0
                   19                   18                    0                    1
                   19                   19                    0                    1
                    4                    4                    1                    0
                   19                   18                    0                   -1
                    4                    3                    0                   -1
                   20                   18                    1                    0
                    3                    3                   -1                    0
                    4                    3                    1                    0
                    4                    4                    0                    1
                    1                   18                    0                    0
                    5                    4                    1                    0
                    4                    4                   -1                    0
                    4                    3                    0                   -1
                    2                   18                    1                    0
                    1                   18                   -1                    0
                    3                    3                   -1                    0
                    1                   17                    0                   -1
                    1                   18                    0                    1
                    3                    4                    0                    1
                    3                    3                    0                   -1
                    3                    4                    0                    1
                    1                   17                    0                   -1
                    1                   18                    0                    1
                    1                   17                    0                   -1
                    3                    5                    0                    1
                    4                    5                    1                    0
                    4                    4                    0                   -1
                    1                   18                    0                    1
                    4                    3                    0                   -1
                    1                   17                    0                   -1
                    4                    2                    0                   -1
                   20                   17                    0                    0
                    1                   17                    0                    0
                    5                    2                    1                    0
                    5                    3                    0                    1
                    5                    4                    0                    1
                    1                   18                    0                    1
                    1                   19                    0                    1
                   20                   19                    0                    0
                    6                    4                    1                    0
                   20                   18                    0                   -1
                    5                    4                   -1                    0
                    1                   18                    0                    0
                   20                   18                    0                    0
                    5                    5                    0                    1
                    6                    5                    1                    0
                    7                    5                    1                    0
                    1                   18                    0                    0
                    7                    6                    0                    1
                    7                    5                    0                   -1
                    1                   17                    0                   -1
                    6                    5                   -1                    0
                    1                   18                    0                    1
                    5                    5                   -1                    0
                    1                   19                    0                    1
                    2                   19                    1                    0
                    5                    4                    0                   -1
                    4                    4                   -1                    0
                    1                   19                   -1                    0
                    3                    4                   -1                    0
                    3                    5                    0                    1
                    1                   20                    0                    1
                    2                    5                   -1                    0
                    1                    5                   -1                    0
                    2                   20                    1                    0
                    1                   20                   -1                    0
                    1                    4                    0                   -1
                   20                    4                    0                    0
                   20                    3                    0                   -1
                    2                   20                    1                    0
                   20                    2                    0                   -1
                    2                   19                    0                   -1
                   20                    1                    0                   -1
                    3                   19                    1                    0
                    3                   18                    0                   -1
                   19                    1                   -1                    0
                   19                   20                    0                    0
                   18                   20                   -1                    0
                    3                   19                    0                    1
                    3                   18                    0                   -1
                   19                   20                    1                    0
                    3                   19                    0                    1
                   19                    1                    0                    0
                   19                   20                    0                    0
                   19                    1                    0                    0
                   20                    1                    1                    0
                    1                    1                    0                    0
                    1                    2                    0                    1
                    2                    2                    1                    0
                    2                   19                   -1                    0
                    2                    1                    0                   -1
                    2                   20                    0                    0
                    1                   19                   -1                    0
                   20                   19                    0                    0
                    2                    1                    0                    0
                    2                   20                    0                    0
                   20                   20                    0                    1
                   20                   19                    0                   -1
                   20                   18                    0                   -1
                   20                   17                    0                   -1
                    1                   20                   -1                    0
                   20                   16                    0                   -1
                    1                   16                    0                    0
                    1                   17                    0                    1
                    1                   16                    0                   -1
                   20                   20                    0                    0
                   20                   16                    0                    0
                   20                   17                    0                    1
                   20                   18                    0                    1
                    1                   18                    0                    0
                   20                   18                    0                    0
                   20                   19                    0                    1
                    1                   19                    0                    0
                   19                   20                   -1                    0
                    2                   19                    1                    0
                   18                   20                   -1                    0
                    2                   18                    0                   -1
                   19                   20                    1                    0
                   20                   20                    1                    0
                   20                   19                    0                   -1
                    2                   19                    0                    1
                   20                   20                    0                    1
                   20                    1                    0                    0
                    3                   19                    1                    0
                    1                    1                    0                    0
                    2                   19                   -1                    0
                    1                   19                   -1                    0
                   20                    1                    0                    0
                   20                   19                    0                    0
                   20                   20                    0                    0
                   20                   19                    0                   -1
                   20                   20                    0                    1
                   20                   20                    0                    1
                   20                    1                    0                    0
                   20                   19                    0                   -1
                   19                   19                   -1                    0
                   20                    2                    0                    1
                   19                   20                    0                    1
                   18                   20                   -1                    0
                   20                    3                    0                    1
                   18                   19                    0                   -1
                   19                   19                    1                    0
                   19                    3                   -1                    0
                   20                   19                    1                    0
                    1                   19                    0                    0
                   18                    3                   -1                    0
                   20                   19                    0                    0
                   19                    3                    1                    0
                   20                   18                    0                   -1
                   20                    3                    1                    0
                   19                   18                   -1                    0
