                    1                    1                    1                    0
                    1                    6                    1                    0
                    1                    6                    0                    1
                    1                    7                    1                    0
                    1                    8                    0                    1
                    1                   10                    1                    0
                    1                   11                    1                    0
                    1                   12                    0                    1
                    1                   13                    1                    0
                    1                   15                    1                    0
                    1                   16                    0                    1
                    1                   17                    0                    1
                    1                   19                    1                    0
                    1                   19                    0                    1
                    1                   20                    1                    0
                    1                   20                    0                    1
                    2                    1                    0                    1
                    2                    2                    0                    1
                    2                    3                    1                    0
                    2                    6                    0                    1
                    2                    7                    1                    0
                    2                    7                    0                    1
                    2                    8                    1                    0
                    2                   10                    1                    0
                    2                   10                    0                    1
                    2                   12                    1                    0
                    2                   13                    1                    0
                    2                   14                    1                    0
                    2                   14                    0                    1
                    2                   18                    1                    0
                    2                   18                    0                    1
                    2                   19                    1                    0
                    2                   19                    0                    1
                    3                    3                    0                    1
                    3                    4                    0                    1
                    3                    5                    1                    0
                    3                    6                    1                    0
                    3                    6                    0                    1
                    3                    8                    1                    0
                    3                   10                    0                    1
                    3                   11                    0                    1
                    3                   13                    1                    0
                    3                   14                    1                    0
                    3                   17                    1                    0
                    3                   17                    0                    1
                    3                   19                    1                    0
                    4                    1                    1                    0
                    4                    1                    0                    1
                    4                    2                    1                    0
                    4                    5                    1                    0
                    4                    6                    1                    0
                    4                    8                    1                    0
                    4                   11                    1                    0
                    4                   11                    0                    1
                    4                   12                    0                    1
                    4                   14                    1                    0
                    4                   16                    1                    0
                    4                   16                    0                    1
                    4                   19                    0                    1
                    4                   20                    1                    0
                    5                    1                    1                    0
                    5                    2                    1                    0
                    5                    3                    1                    0
                    5                    3                    0                    1
                    5                    4                    0                    1
                    5                    6                    0                    1
                    5                    7                    1                    0
                    5                    8                    1                    0
                    5                   11                    1                    0
                    5                   12                    1                    0
                    5                   12                    0                    1
                    5                   13                    1                    0
                    5                   14                    0                    1
                    5                   15                    0                    1
                    5                   18                    1                    0
                    5                   18                    0                    1
                    5                   19                    0                    1
                    6                    2                    0                    1
                    6                    6                    1                    0
                    6                    6                    0                    1
                    6                    8                    0                    1
                    6                    9                    0                    1
                    6                   10                    0                    1
                    6                   12                    0                    1
                    6                   14                    1                    0
                    6                   14                    0                    1
                    6                   15                    1                    0
                    6                   16                    1                    0
                    6                   16                    0                    1
                    6                   17                    0                    1
                    6                   20                    1                    0
                    6                   20                    0                    1
                    7                    1                    1                    0
                    7                    1                    0                    1
                    7                    2                    0                    1
                    7                    3                    0                    1
                    7                    4                    1                    0
                    7                    5                    1                    0
                    7                    5                    0                    1
                    7                    9                    1                    0
                    7                    9                    0                    1
                    7                   10                    1                    0
                    7                   11                    1                    0
                    7                   11                    0                    1
                    7                   12                    1                    0
                    7                   13                    1                    0
                    7                   13                    0                    1
                    7                   14                    1                    0
                    7                   14                    0                    1
                    7                   15                    1                    0
                    7                   15                    0                    1
                    7                   20                    1                    0
                    8                    3                    1                    0
                    8                    3                    0                    1
                    8                    5                    1                    0
                    8                    7                    1                    0
                    8                    7                    0                    1
                    8                    8                    0                    1
                    8                   10                    0                    1
                    8                   12                    1                    0
                    8                   13                    0                    1
                    8                   15                    1                    0
                    8                   20                    0                    1
                    9                    1                    1                    0
                    9                    1                    0                    1
                    9                    2                    0                    1
                    9                    3                    1                    0
                    9                    3                    0                    1
                    9                    4                    1                    0
                    9                    5                    1                    0
                    9                    7                    1                    0
                    9                    8                    1                    0
                    9                    8                    0                    1
                    9                    9                    1                    0
                    9                   11                    1                    0
                    9                   11                    0                    1
                    9                   15                    1                    0
                    9                   16                    1                    0
                    9                   16                    0                    1
                    9                   17                    1                    0
                   10                    1                    0                    1
                   10                    2                    1                    0
                   10                    3                    0                    1
                   10                    5                    1                    0
                   10                    7                    0                    1
                   10                    8                    1                    0
                   10                    8                    0                    1
                   10                    9                    1                    0
                   10                    9                    0                    1
                   10                   10                    0                    1
                   10                   14                    1                    0
                   10                   14                    0                    1
                   10                   16                    0                    1
                   10                   18                    1                    0
                   10                   18                    0                    1
                   10                   19                    1                    0
                   11                    1                    0                    1
                   11                    2                    1                    0
                   11                    2                    0                    1
                   11                    3                    1                    0
                   11                    5                    0                    1
                   11                    6                    0                    1
                   11                    7                    0                    1
                   11                    9                    0                    1
                   11                   10                    0                    1
                   11                   11                    1                    0
                   11                   12                    0                    1
                   11                   13                    1                    0
                   11                   14                    1                    0
                   11                   17                    1                    0
                   11                   17                    0                    1
                   11                   19                    0                    1
                   11                   20                    0                    1
                   12                    2                    1                    0
                   12                    3                    1                    0
                   12                   10                    1                    0
                   12                   10                    0                    1
                   12                   13                    1                    0
                   12                   14                    1                    0
                   12                   15                    1                    0
                   12                   15                    0                    1
                   12                   16                    1                    0
                   12                   17                    1                    0
                   13                    1                    1                    0
                   13                    2                    0                    1
                   13                    3                    1                    0
                   13                    3                    0                    1
                   13                    4                    1                    0
                   13                    9                    1                    0
                   13                    9                    0                    1
                   13                   10                    1                    0
                   13                   10                    0                    1
                   13                   11                    0                    1
                   13                   12                    0                    1
                   13                   14                    1                    0
                   13                   15                    1                    0
                   13                   16                    0                    1
                   13                   18                    1                    0
                   13                   18                    0                    1
                   13                   19                    1                    0
                   13                   20                    1                    0
                   13                   20                    0                    1
                   14                    1                    0                    1
                   14                    2                    0                    1
                   14                    4                    1                    0
                   14                    6                    1                    0
                   14                    6                    0                    1
                   14                    7                    0                    1
                   14                    8                    1                    0
                   14                    9                    0                    1
                   14                   10                    1                    0
                   14                   10                    0                    1
                   14                   11                    0                    1
                   14                   12                    0                    1
                   14                   13                    0                    1
                   14                   15                    0                    1
                   14                   16                    0                    1
                   14                   17                    0                    1
                   14                   19                    0                    1
                   15                    1                    1                    0
                   15                    1                    0                    1
                   15                    2                    0                    1
                   15                    3                    1                    0
                   15                    4                    1                    0
                   15                    6                    1                    0
                   15                    7                    1                    0
                   15                    7                    0                    1
                   15                    9                    1                    0
                   15                    9                    0                    1
                   15                   13                    1                    0
                   15                   13                    0                    1
                   15                   14                    0                    1
                   15                   15                    0                    1
                   15                   16                    0                    1
                   15                   17                    1                    0
                   15                   19                    1                    0
                   15                   19                    0                    1
                   15                   20                    1                    0
                   16                    1                    1                    0
                   16                    2                    1                    0
                   16                    2                    0                    1
                   16                    4                    1                    0
                   16                    6                    0                    1
                   16                    9                    0                    1
                   16                   10                    0                    1
                   16                   11                    1                    0
                   16                   13                    1                    0
                   16                   14                    1                    0
                   16                   14                    0                    1
                   16                   15                    1                    0
                   16                   17                    0                    1
                   16                   18                    0                    1
                   16                   19                    1                    0
                   16                   19                    0                    1
                   17                    2                    0                    1
                   17                    3                    0                    1
                   17                    4                    1                    0
                   17                    4                    0                    1
                   17                    5                    0                    1
                   17                    6                    1                    0
                   17                    9                    1                    0
                   17                    9                    0                    1
                   17                   10                    0                    1
                   17                   12                    1                    0
                   17                   12                    0                    1
                   17                   14                    1                    0
                   17                   15                    0                    1
                   17                   16                    0                    1
                   17                   17                    0                    1
                   17                   18                    0                    1
                   17                   19                    1                    0
                   17                   19                    0                    1
                   17                   20                    0                    1
                   18                    1                    1                    0
                   18                    3                    1                    0
                   18                    3                    0                    1
                   18                    4                    1                    0
                   18                    4                    0                    1
                   18                    5                    0                    1
                   18                    9                    0                    1
                   18                   10                    1                    0
                   18                   12                    1                    0
                   18                   14                    0                    1
                   18                   15                    1                    0
                   18                   17                    1                    0
                   18                   17                    0                    1
                   18                   18                    0                    1
                   18                   20                    1                    0
                   18                   20                    0                    1
                   19                    1                    1                    0
                   19                    2                    1                    0
                   19                    2                    0                    1
                   19                    4                    1                    0
                   19                    6                    1                    0
                   19                    6                    0                    1
                   19                    7                    0                    1
                   19                    8                    1                    0
                   19                   10                    0                    1
                   19                   11                    1                    0
                   19                   12                    0                    1
                   19                   13                    1                    0
                   19                   14                    1                    0
                   19                   14                    0                    1
                   19                   17                    1                    0
                   19                   20                    1                    0
                   20                    1                    0                    1
                   20                    4                    0                    1
                   20                    5                    0                    1
                   20                    8                    1                    0
                   20                    9                    1                    0
                   20                    9                    0                    1
                   20                   10                    1                    0
                   20                   11                    1                    0
                   20                   12                    1                    0
                   20                   12                    0                    1
                   20                   13                    1                    0
                   20                   13                    0                    1
                   20                   15                    1                    0
                   20                   15                    0                    1
                   20                   16                    1                    0
                   20                   17                    0                    1
                   20                   18                    1                    0
                   20                   20                    1                    0
                    2                   10
                    1                   13
