                    4                    3                    0                    1
                    4                    2                    0                   -1
                    5                    2                    1                    0
                    4                    2                   -1                    0
                   15                   16                    0                    1
                   15                   17                    0                    1
                   15                   16                    0                   -1
                    4                    3                    0                    1
                    3                    3                   -1                    0
                    3                    4                    0                    1
                   16                   16                    1                    0
                   15                   16                   -1                    0
                    3                    3                    0                   -1
                   15                   15                    0                   -1
                    4                    3                    1                    0
                    3                    3                   -1                    0
                   15                   16                    0                    1
                   16                   16                    1                    0
                   17                   16                    1                    0
                   18                   16                    1                    0
                   17                   16                   -1                    0
                    3                    2                    0                   -1
                   16                   16                   -1                    0
                   16                   15                    0                   -1
                   15                   15                   -1                    0
                   16                   15                    1                    0
                   17                   15                    1                    0
                    3                    3                    0                    1
                    3                    2                    0                   -1
                    2                    2                   -1                    0
                   16                   15                   -1                    0
                   16                   16                    0                    1
                    2                    3                    0                    1
                   15                   16                   -1                    0
                    2                    2                    0                   -1
                    3                    2                    1                    0
                   15                   15                    0                   -1
                   15                   14                    0                   -1
                    3                    3                    0                    1
                    3                    2                    0                   -1
                   15                   15                    0                    1
                    3                    3                    0                    1
                    2                    3                   -1                    0
                    2                    4                    0                    1
                    2                    5                    0                    1
                    1                    5                   -1                    0
                   14                   15                   -1                    0
                    2                    5                    1                    0
                   14                   16                    0                    1
                    3                    5                    1                    0
                    3                    6                    0                    1
                    4                    6                    1                    0
                    4                    7                    0                    1
                    3                    7                   -1                    0
                    3                    6                    0                   -1
                    4                    6                    1                    0
                    4                    7                    0                    1
                    4                    8                    0                    1
                   14                   17                    0                    1
                   14                   16                    0                   -1
                   13                   16                   -1                    0
                    4                    7                    0                   -1
                   12                   16                   -1                    0
                   13                   16                    1                    0
                   14                   16                    1                    0
                    4                    8                    0                    1
                    4                    7                    0                   -1
                    3                    7                   -1                    0
                   15                   16                    1                    0
                    3                    6                    0                   -1
                   14                   16                   -1                    0
                    4                    6                    1                    0
                    5                    6                    1                    0
                    6                    6                    1                    0
                   13                   16                   -1                    0
                    5                    6                   -1                    0
                    5                    5                    0                   -1
                   14                   16                    1                    0
                   13                   16                   -1                    0
                    5                    4                    0                   -1
                   14                   16                    1                    0
                   14                   15                    0                   -1
                   15                   15                    1                    0
                    5                    5                    0                    1
                    6                    5                    1                    0
                   16                   15                    1                    0
                   16                   16                    0                    1
                   16                   17                    0                    1
                    5                    5                   -1                    0
                   17                   17                    1                    0
                   17                   16                    0                   -1
                    4                    5                   -1                    0
                    5                    5                    1                    0
                   17                   17                    0                    1
                   16                   17                   -1                    0
                    5                    4                    0                   -1
                   16                   16                    0                   -1
                   16                   15                    0                   -1
                   15                   15                   -1                    0
                    5                    5                    0                    1
                    4                    5                   -1                    0
                    5                    5                    1                    0
