                   13                    4                    0                   -1
                   13                    3                    0                   -1
                   10                   19                    0                   -1
                   13                    4                    0                    1
                   13                    5                    0                    1
                   10                   18                    0                   -1
                   10                   19                    0                    1
                   12                    5                   -1                    0
                   13                    5                    1                    0
                    9                   19                   -1                    0
                   13                    4                    0                   -1
                    9                   20                    0                    1
                    8                   20                   -1                    0
                    8                    1                    0                    0
                    8                    2                    0                    1
                    9                    2                    1                    0
                    8                    2                   -1                    0
                   13                    5                    0                    1
                   13                    4                    0                   -1
                   14                    4                    1                    0
                    9                    2                    1                    0
                    8                    2                   -1                    0
                   13                    4                   -1                    0
                    9                    2                    1                    0
                    9                    3                    0                    1
                    9                    4                    0                    1
                    9                    3                    0                   -1
                    8                    3                   -1                    0
                    9                    3                    1                    0
                    9                    2                    0                   -1
                    9                    1                    0                   -1
                    9                    2                    0                    1
                   13                    3                    0                   -1
                    8                    2                   -1                    0
                   14                    3                    1                    0
                    7                    2                   -1                    0
                    8                    2                    1                    0
                   14                    2                    0                   -1
                    8                    3                    0                    1
                    8                    4                    0                    1
                    8                    3                    0                   -1
                    8                    4                    0                    1
                    8                    5                    0                    1
                   14                    3                    0                    1
                    9                    5                    1                    0
                   15                    3                    1                    0
                    8                    5                   -1                    0
                    8                    4                    0                   -1
                    8                    3                    0                   -1
                   16                    3                    1                    0
                   15                    3                   -1                    0
                    7                    3                   -1                    0
                    7                    4                    0                    1
                   14                    3                   -1                    0
                   15                    3                    1                    0
                   16                    3                    1                    0
                   17                    3                    1                    0
                   16                    3                   -1                    0
                   17                    3                    1                    0
                    7                    5                    0                    1
                    7                    4                    0                   -1
                    7                    5                    0                    1
                   16                    3                   -1                    0
                    7                    4                    0                   -1
                   16                    4                    0                    1
                    7                    3                    0                   -1
                    8                    3                    1                    0
                   16                    5                    0                    1
                    9                    3                    1                    0
                   17                    5                    1                    0
                   18                    5                    1                    0
                    9                    2                    0                   -1
                   10                    2                    1                    0
                   18                    6                    0                    1
                   10                    1                    0                   -1
                    9                    1                   -1                    0
                   18                    7                    0                    1
                    9                   20                    0                    0
                   19                    7                    1                    0
                    8                   20                   -1                    0
                   20                    7                    1                    0
                   20                    8                    0                    1
                   19                    8                   -1                    0
                    8                    1                    0                    0
                    7                    1                   -1                    0
                   19                    7                    0                   -1
                    7                   20                    0                    0
                    7                    1                    0                    0
                   19                    8                    0                    1
                   19                    9                    0                    1
                   20                    9                    1                    0
                   19                    9                   -1                    0
                   19                    8                    0                   -1
                   20                    8                    1                    0
                    7                    2                    0                    1
                    8                    2                    1                    0
                    7                    2                   -1                    0
                   20                    9                    0                    1
                   20                    8                    0                   -1
                   20                    7                    0                   -1
                    8                    2                    1                    0
                    8                    1                    0                   -1
                    7                    1                   -1                    0
                   19                    7                   -1                    0
                   20                    7                    1                    0
                    8                    1                    1                    0
                   20                    8                    0                    1
                   20                    7                    0                   -1
                    8                   20                    0                    0
                   20                    6                    0                   -1
                   20                    5                    0                   -1
                   19                    5                   -1                    0
                    8                    1                    0                    0
                    9                    1                    1                    0
                    8                    1                   -1                    0
                    9                    1                    1                    0
                    9                   20                    0                    0
                    9                   19                    0                   -1
                   18                    5                   -1                    0
                    8                   19                   -1                    0
                    8                   18                    0                   -1
                   18                    4                    0                   -1
                    8                   19                    0                    1
                   18                    5                    0                    1
                   18                    4                    0                   -1
                   19                    4                    1                    0
                    7                   19                   -1                    0
                    7                   18                    0                   -1
                   19                    3                    0                   -1
                   19                    4                    0                    1
                    7                   19                    0                    1
                    8                   19                    1                    0
                   20                    4                    1                    0
                   19                    4                   -1                    0
                   20                    4                    1                    0
                    7                   19                   -1                    0
                    6                   19                   -1                    0
                    6                   18                    0                   -1
                   19                    4                   -1                    0
                   20                    4                    1                    0
                   20                    5                    0                    1
                    6                   17                    0                   -1
                    1                    5                    0                    0
                    7                   17                    1                    0
