                    4                   18                    1                    0
                    4                   18                    0                    1
                    4                   19                    1                    0
                    5                   18                    1                    0
                    5                   19                    1                    0
                    6                   18                    0                    1
                    8                    3                    1                    0
                    8                    3                    0                    1
                    8                    4                    1                    0
                    9                    3                    0                    1
                    9                   11                    0                    1
                   10                   17
                    9                   11
