                   16                    6                    1                    0
                   16                    5                    0                   -1
                   16                    4                    0                   -1
                   16                    6                    1                    0
                   16                    3                    0                   -1
                   16                    4                    0                    1
                   16                    7                    0                    1
                   16                    6                    0                   -1
                   16                    5                    0                   -1
                   17                    4                    1                    0
                   18                    4                    1                    0
                   17                    4                   -1                    0
                   15                    5                   -1                    0
                   16                    4                   -1                    0
                   16                    5                    0                    1
                   16                    5                    1                    0
                   13                   10                   -1                    0
                   12                   10                   -1                    0
                   12                   11                    0                    1
                   13                   10                   -1                    0
                   13                    9                    0                   -1
                   12                   10                    0                   -1
                   12                    9                   -1                    0
                   12                    9                    0                   -1
                   12                   10                    0                    1
                   13                    9                    1                    0
                   13                   10                    0                    1
                   14                   10                    1                    0
                   13                   10                    1                    0
                   14                   10                    1                    0
                    7                    2                    1                    0
                    7                    2                    1                    0
                    5                    7                    0                    1
                    5                    6                    0                   -1
                    6                    6                    1                    0
                    5                    6                   -1                    0
                    2                   15                    0                   -1
                    2                   16                    0                    1
                   12                    6                   -1                    0
                   13                    6                    1                    0
                   13                    7                    0                    1
                   13                    7                    0                    1
                    8                   19                   -1                    0
                    8                   19                   -1                    0
                    8                    3                    0                    1
                    8                    3                    0                    1
                    6                    4                   -1                    0
                    8                    4                    1                    0
                    7                    4                    1                    0
                    9                    4                    1                    0
                    9                    5                    0                    1
                    8                    5                   -1                    0
                    9                    5                    1                    0
                    9                    4                    0                   -1
                    8                    4                   -1                    0
                    8                    5                    0                    1
                    8                    4                    1                    0
                    8                    4                    0                   -1
                   18                   16                    0                   -1
                   17                   17                   -1                    0
                   18                   17                    1                    0
                   18                   16                    0                   -1
