                   18                    7                    1                    0
                   17                    7                   -1                    0
                   13                    2                    1                    0
                   13                    1                    0                   -1
                   13                    2                    0                    1
                   12                    2                   -1                    0
                   17                    6                    0                   -1
                   13                    2                    1                    0
                   13                    3                    0                    1
                   16                    6                   -1                    0
                   13                    2                    0                   -1
                   16                    7                    0                    1
                   13                    1                    0                   -1
                   13                   20                    0                    0
                   16                    6                    0                   -1
                   13                   19                    0                   -1
                   13                   18                    0                   -1
                   14                   18                    1                    0
                   13                   18                   -1                    0
                   12                   18                   -1                    0
                   15                    6                   -1                    0
                   12                   19                    0                    1
                   11                   19                   -1                    0
                   16                    6                    1                    0
                   12                   19                    1                    0
                   17                    6                    1                    0
                   17                    7                    0                    1
                   17                    6                    0                   -1
                   17                    7                    0                    1
                   12                   20                    0                    1
                   12                    1                    0                    0
                   12                   20                    0                    0
                   12                   19                    0                   -1
                   12                   18                    0                   -1
                   13                   18                    1                    0
                   13                   19                    0                    1
                   16                    7                   -1                    0
                   16                    8                    0                    1
                   13                   20                    0                    1
                   13                    1                    0                    0
                   16                    7                    0                   -1
                   17                    7                    1                    0
                   16                    7                   -1                    0
                   14                    1                    1                    0
                   15                    7                   -1                    0
                   16                    7                    1                    0
                   13                    1                   -1                    0
                   15                    7                   -1                    0
                   13                    2                    0                    1
                   12                    2                   -1                    0
                   11                    2                   -1                    0
                   15                    8                    0                    1
                   12                    2                    1                    0
                   12                    1                    0                   -1
                   15                    7                    0                   -1
                   11                    1                   -1                    0
                   16                    7                    1                    0
                   12                    1                    1                    0
                   11                    1                   -1                    0
                   16                    6                    0                   -1
                   12                    1                    1                    0
                   12                   20                    0                    0
                   12                   19                    0                   -1
                   15                    6                   -1                    0
                   12                   20                    0                    1
                   11                   20                   -1                    0
                   11                    1                    0                    0
                   14                    6                   -1                    0
