                    1                    1                    1                    0
                    1                    2                    1                    0
                    1                    3                    0                    1
                    1                    4                    1                    0
                    1                    5                    1                    0
                    1                    5                    0                    1
                    1                    7                    1                    0
                    1                    8                    0                    1
                    1                    9                    1                    0
                    1                    9                    0                    1
                    1                   12                    1                    0
                    1                   12                    0                    1
                    1                   13                    1                    0
                    1                   13                    0                    1
                    1                   14                    0                    1
                    1                   15                    0                    1
                    1                   16                    1                    0
                    1                   17                    1                    0
                    1                   18                    1                    0
                    1                   18                    0                    1
                    1                   19                    0                    1
                    2                    1                    1                    0
                    2                    2                    0                    1
                    2                    3                    1                    0
                    2                    4                    0                    1
                    2                    5                    1                    0
                    2                    5                    0                    1
                    2                    6                    0                    1
                    2                    7                    1                    0
                    2                    7                    0                    1
                    2                    8                    0                    1
                    2                   10                    1                    0
                    2                   10                    0                    1
                    2                   11                    0                    1
                    2                   13                    1                    0
                    2                   15                    1                    0
                    2                   15                    0                    1
                    2                   17                    1                    0
                    2                   18                    0                    1
                    2                   19                    1                    0
                    3                    3                    0                    1
                    3                    4                    0                    1
                    3                    6                    1                    0
                    3                    6                    0                    1
                    3                    7                    1                    0
                    3                    7                    0                    1
                    3                    8                    1                    0
                    3                   10                    1                    0
                    3                   13                    1                    0
                    3                   15                    0                    1
                    3                   16                    1                    0
                    3                   17                    1                    0
                    3                   18                    1                    0
                    3                   18                    0                    1
                    3                   19                    1                    0
                    3                   19                    0                    1
                    3                   20                    0                    1
                    4                    1                    1                    0
                    4                    1                    0                    1
                    4                    2                    1                    0
                    4                    5                    1                    0
                    4                    5                    0                    1
                    4                    7                    0                    1
                    4                    9                    1                    0
                    4                    9                    0                    1
                    4                   12                    1                    0
                    4                   12                    0                    1
                    4                   16                    0                    1
                    4                   17                    1                    0
                    4                   17                    0                    1
                    4                   19                    0                    1
                    4                   20                    1                    0
                    5                    1                    1                    0
                    5                    2                    0                    1
                    5                    3                    1                    0
                    5                    5                    0                    1
                    5                    6                    1                    0
                    5                    9                    0                    1
                    5                   10                    0                    1
                    5                   11                    1                    0
                    5                   12                    0                    1
                    5                   13                    1                    0
                    5                   16                    1                    0
                    5                   16                    0                    1
                    5                   18                    1                    0
                    5                   18                    0                    1
                    5                   19                    0                    1
                    6                    1                    0                    1
                    6                    2                    0                    1
                    6                    3                    1                    0
                    6                    3                    0                    1
                    6                    4                    1                    0
                    6                    5                    1                    0
                    6                    5                    0                    1
                    6                    8                    1                    0
                    6                    8                    0                    1
                    6                    9                    1                    0
                    6                   11                    1                    0
                    6                   13                    0                    1
                    6                   14                    0                    1
                    6                   15                    0                    1
                    6                   16                    1                    0
                    6                   16                    0                    1
                    6                   17                    0                    1
                    6                   19                    1                    0
                    6                   19                    0                    1
                    6                   20                    1                    0
                    7                    1                    1                    0
                    7                    2                    1                    0
                    7                    2                    0                    1
                    7                    3                    1                    0
                    7                    3                    0                    1
                    7                    5                    0                    1
                    7                    6                    1                    0
                    7                    8                    0                    1
                    7                   11                    0                    1
                    7                   12                    1                    0
                    7                   15                    1                    0
                    7                   15                    0                    1
                    7                   18                    1                    0
                    7                   18                    0                    1
                    7                   19                    1                    0
                    7                   19                    0                    1
                    7                   20                    1                    0
                    7                   20                    0                    1
                    8                    1                    1                    0
                    8                    2                    1                    0
                    8                    3                    1                    0
                    8                    4                    1                    0
                    8                    4                    0                    1
                    8                    5                    0                    1
                    8                    8                    1                    0
                    8                    8                    0                    1
                    8                   10                    1                    0
                    8                   10                    0                    1
                    8                   11                    0                    1
                    8                   13                    1                    0
                    8                   13                    0                    1
                    8                   14                    0                    1
                    8                   15                    1                    0
                    8                   15                    0                    1
                    8                   16                    1                    0
                    8                   17                    1                    0
                    8                   17                    0                    1
                    8                   19                    0                    1
                    9                    2                    1                    0
                    9                    3                    1                    0
                    9                    5                    1                    0
                    9                    5                    0                    1
                    9                    6                    0                    1
                    9                    7                    1                    0
                    9                    8                    1                    0
                    9                   10                    1                    0
                    9                   13                    1                    0
                    9                   14                    1                    0
                    9                   14                    0                    1
                    9                   15                    1                    0
                    9                   15                    0                    1
                    9                   17                    1                    0
                    9                   19                    1                    0
                    9                   19                    0                    1
                    9                   20                    0                    1
                   10                    2                    1                    0
                   10                    3                    1                    0
                   10                    4                    1                    0
                   10                    4                    0                    1
                   10                    5                    1                    0
                   10                    5                    0                    1
                   10                    6                    1                    0
                   10                    7                    0                    1
                   10                    8                    1                    0
                   10                    8                    0                    1
                   10                    9                    1                    0
                   10                   10                    1                    0
                   10                   13                    1                    0
                   10                   14                    0                    1
                   10                   17                    1                    0
                   10                   18                    1                    0
                   10                   18                    0                    1
                   11                    2                    1                    0
                   11                    3                    0                    1
                   11                    5                    1                    0
                   11                    6                    1                    0
                   11                    8                    0                    1
                   11                   10                    0                    1
                   11                   11                    1                    0
                   11                   13                    0                    1
                   11                   14                    1                    0
                   11                   15                    1                    0
                   11                   15                    0                    1
                   11                   16                    0                    1
                   11                   18                    0                    1
                   11                   19                    1                    0
                   12                    2                    1                    0
                   12                    5                    1                    0
                   12                    6                    1                    0
                   12                   11                    0                    1
                   12                   12                    1                    0
                   12                   13                    1                    0
                   12                   13                    0                    1
                   12                   14                    1                    0
                   12                   14                    0                    1
                   12                   15                    1                    0
                   12                   15                    0                    1
                   12                   16                    0                    1
                   12                   17                    0                    1
                   12                   18                    0                    1
                   13                    2                    1                    0
                   13                    3                    1                    0
                   13                    3                    0                    1
                   13                    4                    0                    1
                   13                    5                    1                    0
                   13                    5                    0                    1
                   13                    6                    1                    0
                   13                    6                    0                    1
                   13                    7                    1                    0
                   13                   10                    1                    0
                   13                   10                    0                    1
                   13                   11                    1                    0
                   13                   12                    1                    0
                   13                   13                    0                    1
                   13                   14                    1                    0
                   13                   14                    0                    1
                   13                   16                    0                    1
                   13                   17                    0                    1
                   13                   18                    0                    1
                   13                   19                    0                    1
                   13                   20                    1                    0
                   14                    1                    0                    1
                   14                    2                    1                    0
                   14                    2                    0                    1
                   14                    5                    0                    1
                   14                    7                    0                    1
                   14                    8                    1                    0
                   14                   10                    0                    1
                   14                   12                    0                    1
                   14                   13                    1                    0
                   14                   14                    1                    0
                   14                   15                    1                    0
                   14                   15                    0                    1
                   14                   16                    1                    0
                   14                   20                    1                    0
                   15                    1                    1                    0
                   15                    2                    1                    0
                   15                    3                    1                    0
                   15                    3                    0                    1
                   15                    4                    0                    1
                   15                    5                    0                    1
                   15                    6                    0                    1
                   15                    7                    0                    1
                   15                    8                    1                    0
                   15                    8                    0                    1
                   15                    9                    1                    0
                   15                   11                    1                    0
                   15                   11                    0                    1
                   15                   12                    1                    0
                   15                   13                    0                    1
                   15                   15                    0                    1
                   15                   19                    1                    0
                   15                   19                    0                    1
                   15                   20                    1                    0
                   15                   20                    0                    1
                   16                    1                    0                    1
                   16                    2                    1                    0
                   16                    2                    0                    1
                   16                    4                    1                    0
                   16                    4                    0                    1
                   16                    5                    1                    0
                   16                    8                    0                    1
                   16                   10                    1                    0
                   16                   10                    0                    1
                   16                   11                    1                    0
                   16                   11                    0                    1
                   16                   12                    1                    0
                   16                   12                    0                    1
                   16                   13                    1                    0
                   16                   14                    1                    0
                   16                   14                    0                    1
                   16                   15                    0                    1
                   16                   16                    0                    1
                   16                   17                    0                    1
                   16                   18                    0                    1
                   16                   19                    1                    0
                   16                   19                    0                    1
                   17                    1                    0                    1
                   17                    4                    1                    0
                   17                    5                    1                    0
                   17                    8                    1                    0
                   17                    8                    0                    1
                   17                    9                    0                    1
                   17                   11                    0                    1
                   17                   13                    0                    1
                   17                   14                    1                    0
                   17                   14                    0                    1
                   17                   15                    1                    0
                   17                   18                    1                    0
                   17                   18                    0                    1
                   17                   20                    1                    0
                   17                   20                    0                    1
                   18                    1                    1                    0
                   18                    2                    1                    0
                   18                    2                    0                    1
                   18                    3                    0                    1
                   18                    5                    1                    0
                   18                    6                    1                    0
                   18                    6                    0                    1
                   18                    7                    1                    0
                   18                    8                    0                    1
                   18                    9                    0                    1
                   18                   10                    1                    0
                   18                   12                    1                    0
                   18                   12                    0                    1
                   18                   13                    1                    0
                   18                   14                    1                    0
                   18                   15                    0                    1
                   18                   16                    0                    1
                   18                   17                    1                    0
                   18                   18                    1                    0
                   18                   19                    1                    0
                   18                   19                    0                    1
                   18                   20                    1                    0
                   18                   20                    0                    1
                   19                    1                    0                    1
                   19                    5                    1                    0
                   19                    6                    0                    1
                   19                    8                    1                    0
                   19                    8                    0                    1
                   19                    9                    0                    1
                   19                   10                    1                    0
                   19                   10                    0                    1
                   19                   11                    1                    0
                   19                   12                    1                    0
                   19                   13                    1                    0
                   19                   14                    1                    0
                   19                   17                    1                    0
                   19                   18                    1                    0
                   19                   19                    1                    0
                   19                   20                    1                    0
                   20                    1                    1                    0
                   20                    2                    1                    0
                   20                    2                    0                    1
                   20                    3                    1                    0
                   20                    5                    0                    1
                   20                    6                    1                    0
                   20                    7                    1                    0
                   20                    7                    0                    1
                   20                    8                    1                    0
                   20                    8                    0                    1
                   20                    9                    1                    0
                   20                   10                    1                    0
                   20                   11                    0                    1
                   20                   13                    1                    0
                   20                   14                    0                    1
                   20                   15                    0                    1
                   20                   16                    0                    1
                   20                   17                    1                    0
                   20                   17                    0                    1
                   20                   19                    0                    1
                   20                   20                    1                    0
                   20                   20                    0                    1
                    9                    4
                   13                   16
