                    3                   10                    0                   -1
                    3                    9                    0                   -1
                    3                   10                    0                    1
                    2                   10                   -1                    0
                    2                   11                    0                    1
                    3                   11                    1                    0
                    3                   10                    0                   -1
                    2                   10                   -1                    0
                   19                   12                   -1                    0
                    2                   11                    0                    1
                   20                   12                    1                    0
                    3                   11                    1                    0
                    4                   11                    1                    0
                    3                   11                   -1                    0
                    2                   11                   -1                    0
                   19                   12                   -1                    0
                   19                   13                    0                    1
                    3                   11                    1                    0
                    4                   11                    1                    0
                    3                   11                   -1                    0
                   19                   12                    0                   -1
                   19                   11                    0                   -1
                   19                   12                    0                    1
                   18                   12                   -1                    0
                   19                   12                    1                    0
                   20                   12                    1                    0
                    4                   11                    1                    0
                    3                   11                   -1                    0
                   19                   12                   -1                    0
                   18                   12                   -1                    0
                   17                   12                   -1                    0
                   17                   11                    0                   -1
                    2                   11                   -1                    0
                    1                   11                   -1                    0
                    2                   11                    1                    0
                   18                   11                    1                    0
                   17                   11                   -1                    0
                    3                   11                    1                    0
                   17                   12                    0                    1
                    2                   11                   -1                    0
                    2                   10                    0                   -1
                   18                   12                    1                    0
                    2                   11                    0                    1
                    3                   11                    1                    0
                    3                   12                    0                    1
                    3                   11                    0                   -1
                   19                   12                    1                    0
                   19                   11                    0                   -1
                   19                   12                    0                    1
                   20                   12                    1                    0
                    1                   12                    0                    0
                   20                   12                    0                    0
                    1                   12                    0                    0
                    1                   13                    0                    1
                    4                   11                    1                    0
                    3                   11                   -1                    0
                    4                   11                    1                    0
                   20                   13                    0                    0
                    1                   13                    0                    0
                    1                   14                    0                    1
                    3                   11                   -1                    0
                    1                   13                    0                   -1
                    1                   12                    0                   -1
                    3                   10                    0                   -1
                    3                    9                    0                   -1
                    3                    8                    0                   -1
                   20                   12                    0                    0
                    4                    8                    1                    0
                    4                    9                    0                    1
                   20                   11                    0                   -1
                   20                   12                    0                    1
                   20                   13                    0                    1
                    4                    8                    0                   -1
                   20                   12                    0                   -1
                    5                    8                    1                    0
                   20                   11                    0                   -1
