                   11                   10                   -1                    0
                   12                   10                    1                    0
                   13                   10                    1                    0
                   14                   10                    1                    0
                   16                   12                    1                    0
                   14                    9                    0                   -1
                   16                   13                    0                    1
                   16                   12                    0                   -1
                   17                   12                    1                    0
                   15                    9                    1                    0
                   15                   10                    0                    1
                   15                    9                    0                   -1
                   14                    9                   -1                    0
                   14                   10                    0                    1
                   16                   12                   -1                    0
                   14                   11                    0                    1
                   16                   11                    0                   -1
                   14                   12                    0                    1
                   14                   11                    0                   -1
                   13                   11                   -1                    0
                   13                   10                    0                   -1
                   16                   10                    0                   -1
                   13                   11                    0                    1
                   15                   10                   -1                    0
                   14                   11                    1                    0
                   13                   11                   -1                    0
                   12                   11                   -1                    0
                   13                   11                    1                    0
                   12                   11                   -1                    0
                   12                   10                    0                   -1
                   13                   10                    1                    0
                   13                    9                    0                   -1
                   16                   10                    1                    0
                   14                    9                    1                    0
                   15                   10                   -1                    0
                   13                    9                   -1                    0
                   16                   10                    1                    0
                   16                    9                    0                   -1
                   16                   10                    0                    1
                   16                   11                    0                    1
                   13                   10                    0                    1
                   14                   10                    1                    0
                   14                   11                    0                    1
                   16                   10                    0                   -1
                   17                   10                    1                    0
                   13                   11                   -1                    0
                   16                   10                   -1                    0
                   16                   11                    0                    1
                   12                   11                   -1                    0
                   11                   11                   -1                    0
                   12                   11                    1                    0
                   12                   12                    0                    1
                   11                   12                   -1                    0
                   16                   12                    0                    1
                   12                   12                    1                    0
                   16                   11                    0                   -1
                   16                   12                    0                    1
                   15                   12                   -1                    0
                   14                   12                   -1                    0
                   11                   12                   -1                    0
                   11                   13                    0                    1
                   15                   12                    1                    0
                   11                   12                    0                   -1
                   12                   12                    1                    0
                   14                   12                   -1                    0
                   15                   12                    1                    0
                   12                   11                    0                   -1
                   12                   12                    0                    1
                   13                   12                    1                    0
                   14                   12                    1                    0
                   15                   13                    0                    1
                   13                   12                   -1                    0
                   15                   12                    0                   -1
                   15                   11                    0                   -1
                   14                   12                    1                    0
                   15                   12                    1                    0
                   15                   11                    0                   -1
                   10                    5                    0                   -1
                   10                    6                    0                    1
                   12                   11                    0                   -1
                   13                   12                    1                    0
                   11                   11                   -1                    0
                   12                   11                    1                    0
                   12                   10                    0                   -1
                   14                   12                    1                    0
                   13                   10                    1                    0
                   15                   12                    1                    0
                   12                   10                   -1                    0
                   14                   12                   -1                    0
                   15                   12                    1                    0
                   14                   12                   -1                    0
                   15                   12                    1                    0
                   16                   12                    1                    0
                   13                   10                    1                    0
                   12                   10                   -1                    0
                   15                   12                   -1                    0
                   12                   11                    0                    1
                   12                   10                    0                   -1
                   14                   12                   -1                    0
                   14                   11                    0                   -1
