                   13                   14                   -1                    0
                   12                    6                    0                    1
                   13                    6                    1                    0
                   13                   13                    0                   -1
                   14                   13                    1                    0
                   13                    7                    0                    1
                   14                    7                    1                    0
                   13                   13                   -1                    0
                   13                   14                    0                    1
                   13                    7                   -1                    0
                   13                    8                    0                    1
                   14                    8                    1                    0
                   14                    7                    0                   -1
                   13                   15                    0                    1
                   13                   14                    0                   -1
                   14                    8                    0                    1
                   13                    8                   -1                    0
                   14                    8                    1                    0
                   13                    8                   -1                    0
                   13                   15                    0                    1
                   13                    9                    0                    1
                   14                    9                    1                    0
                   13                    9                   -1                    0
                   13                    8                    0                   -1
                   12                   15                   -1                    0
                   13                    7                    0                   -1
                   13                    6                    0                   -1
                   13                    5                    0                   -1
                   12                   16                    0                    1
                   12                   17                    0                    1
                   13                    4                    0                   -1
                   12                   18                    0                    1
                   12                   17                    0                   -1
                   14                    4                    1                    0
                   14                    3                    0                   -1
                   14                    4                    0                    1
                   13                    4                   -1                    0
                   13                    5                    0                    1
                   13                    6                    0                    1
                   13                   17                    1                    0
                   12                    6                   -1                    0
                   13                   18                    0                    1
                   13                    6                    1                    0
                   12                    6                   -1                    0
                   14                   18                    1                    0
                   12                    5                    0                   -1
                   12                    6                    0                    1
                   11                    6                   -1                    0
                   10                    6                   -1                    0
                   13                   18                   -1                    0
                   10                    5                    0                   -1
                   10                    6                    0                    1
                    9                    6                   -1                    0
                    9                    5                    0                   -1
                    8                    5                   -1                    0
                   13                   19                    0                    1
                    8                    6                    0                    1
                    8                    5                    0                   -1
                    8                    6                    0                    1
                    8                    5                    0                   -1
                   13                   20                    0                    1
                   12                   20                   -1                    0
                    8                    4                    0                   -1
                   12                    1                    0                    0
                    8                    5                    0                    1
                    8                    6                    0                    1
                    8                    7                    0                    1
                   11                    1                   -1                    0
                    7                    7                   -1                    0
                    6                    7                   -1                    0
                    6                    6                    0                   -1
                    5                    6                   -1                    0
                    6                    6                    1                    0
                    6                    7                    0                    1
                   11                   20                    0                    0
                    7                    7                    1                    0
                   12                   20                    1                    0
                    6                    7                   -1                    0
                    6                    8                    0                    1
                    7                    8                    1                    0
                   13                   20                    1                    0
                   13                   19                    0                   -1
                    8                    8                    1                    0
                   14                   19                    1                    0
                    7                    8                   -1                    0
                    6                    8                   -1                    0
                   13                   19                   -1                    0
                   13                   18                    0                   -1
                   12                   18                   -1                    0
                    7                    8                    1                    0
                   13                   18                    1                    0
                   12                   18                   -1                    0
                   11                   18                   -1                    0
                   12                   18                    1                    0
                   13                   18                    1                    0
                    6                    8                   -1                    0
                   13                   17                    0                   -1
                    7                    8                    1                    0
                   13                   18                    0                    1
                   12                   18                   -1                    0
                   11                   18                   -1                    0
                    7                    7                    0                   -1
                    7                    6                    0                   -1
                   12                   18                    1                    0
                   12                   17                    0                   -1
                   12                   16                    0                   -1
                    6                    6                   -1                    0
                    6                    5                    0                   -1
                   12                   15                    0                   -1
                   11                   15                   -1                    0
                    5                    5                   -1                    0
                   12                   15                    1                    0
                   12                   16                    0                    1
                    5                    4                    0                   -1
                   11                   16                   -1                    0
                    6                    4                    1                    0
                    7                    4                    1                    0
                   12                   16                    1                    0
                    6                    4                   -1                    0
                   12                   17                    0                    1
                    6                    5                    0                    1
                   13                   17                    1                    0
                   13                   18                    0                    1
                   12                   18                   -1                    0
                   13                   18                    1                    0
                   13                   19                    0                    1
                   12                   19                   -1                    0
                   12                   18                    0                   -1
                    6                    4                    0                   -1
                   13                   18                    1                    0
                    6                    3                    0                   -1
                   14                   18                    1                    0
                   15                   18                    1                    0
                    5                    3                   -1                    0
                    6                    3                    1                    0
                   14                   18                   -1                    0
                    7                    3                    1                    0
                    6                    3                   -1                    0
                   14                   17                    0                   -1
                    6                    4                    0                    1
                    6                    5                    0                    1
                   15                   17                    1                    0
                   15                   18                    0                    1
                   14                   18                   -1                    0
                   15                   18                    1                    0
                   15                   17                    0                   -1
                   14                   17                   -1                    0
                    6                    4                    0                   -1
                   14                   16                    0                   -1
                    5                    4                   -1                    0
                    5                    5                    0                    1
                   15                   16                    1                    0
                   15                   15                    0                   -1
                   15                   16                    0                    1
                    6                    5                    1                    0
                    5                    5                   -1                    0
                   15                   17                    0                    1
                    5                    6                    0                    1
                   14                   17                   -1                    0
                   13                   17                   -1                    0
                    4                    6                   -1                    0
