                    1                    1                    0                    1
                    1                    2                    0                    1
                    1                    3                    0                    1
                    1                    4                    1                    0
                    1                    7                    1                    0
                    1                    7                    0                    1
                    1                    9                    1                    0
                    1                   10                    1                    0
                    1                   13                    0                    1
                    1                   14                    1                    0
                    1                   14                    0                    1
                    1                   17                    1                    0
                    2                    1                    1                    0
                    2                    3                    0                    1
                    2                    7                    0                    1
                    2                    8                    0                    1
                    2                   10                    1                    0
                    2                   14                    1                    0
                    2                   17                    1                    0
                    2                   18                    1                    0
                    2                   18                    0                    1
                    2                   19                    0                    1
                    2                   20                    0                    1
                    3                    1                    0                    1
                    3                    2                    1                    0
                    3                    9                    1                    0
                    3                    9                    0                    1
                    3                   12                    1                    0
                    3                   12                    0                    1
                    3                   13                    1                    0
                    3                   14                    1                    0
                    3                   15                    1                    0
                    3                   15                    0                    1
                    3                   16                    0                    1
                    3                   18                    1                    0
                    4                    2                    0                    1
                    4                    3                    1                    0
                    4                    9                    1                    0
                    4                   12                    0                    1
                    4                   14                    0                    1
                    4                   16                    1                    0
                    4                   16                    0                    1
                    4                   17                    0                    1
                    5                    3                    1                    0
                    5                    4                    1                    0
                    5                    4                    0                    1
                    5                    5                    1                    0
                    5                    9                    1                    0
                    5                   13                    1                    0
                    5                   13                    0                    1
                    5                   14                    0                    1
                    5                   15                    0                    1
                    6                    1                    1                    0
                    6                    1                    0                    1
                    6                    2                    0                    1
                    6                    3                    1                    0
                    6                    3                    0                    1
                    6                    5                    1                    0
                    6                    9                    0                    1
                    6                   10                    1                    0
                    6                   13                    0                    1
                    6                   14                    1                    0
                    7                    1                    1                    0
                    7                    3                    0                    1
                    7                    4                    1                    0
                    7                    5                    1                    0
                    7                    8                    1                    0
                    7                    8                    0                    1
                    7                    9                    1                    0
                    7                   10                    0                    1
                    7                   11                    1                    0
                    7                   14                    1                    0
                    8                    1                    0                    1
                    8                    2                    1                    0
                    8                    4                    0                    1
                    8                    6                    1                    0
                    8                    6                    0                    1
                    8                    7                    0                    1
                    8                    9                    1                    0
                    8                   11                    1                    0
                    8                   12                    1                    0
                    8                   12                    0                    1
                    8                   13                    0                    1
                    8                   15                    1                    0
                    8                   15                    0                    1
                    8                   16                    1                    0
                    9                    2                    1                    0
                    9                    5                    1                    0
                    9                    5                    0                    1
                    9                    9                    1                    0
                    9                   11                    1                    0
                    9                   12                    1                    0
                    9                   15                    1                    0
                    9                   16                    1                    0
                   10                    2                    0                    1
                   10                    3                    1                    0
                   10                    5                    0                    1
                   10                    6                    0                    1
                   10                    7                    0                    1
                   10                    8                    1                    0
                   10                    9                    0                    1
                   10                   10                    1                    0
                   10                   11                    1                    0
                   10                   12                    1                    0
                   10                   15                    1                    0
                   10                   16                    0                    1
                   10                   17                    1                    0
                   11                    1                    1                    0
                   11                    1                    0                    1
                   11                    2                    0                    1
                   11                    5                    1                    0
                   11                    5                    0                    1
                   11                    6                    1                    0
                   11                    8                    0                    1
                   11                    9                    0                    1
                   11                   11                    0                    1
                   11                   15                    0                    1
                   11                   16                    0                    1
                   12                    1                    0                    1
                   12                    2                    1                    0
                   12                    5                    0                    1
                   12                    8                    1                    0
                   12                    8                    0                    1
                   12                    9                    1                    0
                   12                   17                    1                    0
                   12                   17                    0                    1
                   12                   18                    1                    0
                   12                   19                    1                    0
                   12                   19                    0                    1
                   12                   20                    1                    0
                   13                    2                    1                    0
                   13                    3                    1                    0
                   13                    3                    0                    1
                   13                    4                    1                    0
                   13                    7                    1                    0
                   13                    7                    0                    1
                   13                    9                    0                    1
                   13                   10                    0                    1
                   13                   11                    1                    0
                   13                   12                    1                    0
                   13                   12                    0                    1
                   13                   13                    1                    0
                   13                   17                    0                    1
                   13                   19                    0                    1
                   14                    1                    0                    1
                   14                    2                    1                    0
                   14                    2                    0                    1
                   14                    4                    1                    0
                   14                    5                    1                    0
                   14                    5                    0                    1
                   14                    6                    0                    1
                   14                   11                    0                    1
                   14                   13                    1                    0
                   14                   18                    1                    0
                   14                   18                    0                    1
                   14                   19                    1                    0
                   14                   20                    1                    0
                   14                   20                    0                    1
                   15                    1                    1                    0
                   15                    2                    1                    0
                   15                    4                    0                    1
                   15                   10                    1                    0
                   15                   10                    0                    1
                   15                   11                    1                    0
                   15                   12                    1                    0
                   15                   12                    0                    1
                   15                   18                    0                    1
                   15                   20                    0                    1
                   16                    1                    1                    0
                   16                    2                    1                    0
                   16                    3                    1                    0
                   16                    3                    0                    1
                   16                    4                    1                    0
                   16                    9                    0                    1
                   16                   11                    0                    1
                   17                    2                    0                    1
                   17                    4                    1                    0
                   17                   13                    1                    0
                   17                   13                    0                    1
                   17                   14                    1                    0
                   17                   20                    1                    0
                   17                   20                    0                    1
                   18                    3                    1                    0
                   18                    3                    0                    1
                   18                    7                    1                    0
                   18                    7                    0                    1
                   18                    8                    1                    0
                   18                   10                    1                    0
                   18                   10                    0                    1
                   18                   11                    0                    1
                   18                   12                    0                    1
                   18                   14                    1                    0
                   18                   16                    1                    0
                   18                   16                    0                    1
                   18                   17                    1                    0
                   18                   20                    1                    0
                   19                    3                    0                    1
                   19                    4                    1                    0
                   19                    7                    0                    1
                   19                   10                    1                    0
                   19                   12                    1                    0
                   19                   12                    0                    1
                   19                   13                    1                    0
                   19                   14                    1                    0
                   19                   16                    0                    1
                   19                   18                    1                    0
                   19                   18                    0                    1
                   19                   19                    0                    1
                   20                    1                    1                    0
                   20                    4                    0                    1
                   20                    5                    0                    1
                   20                    6                    0                    1
                   20                    8                    1                    0
                   20                    8                    0                    1
                   20                    9                    1                    0
                   20                   10                    1                    0
                   20                   12                    0                    1
                   20                   13                    1                    0
                   20                   13                    0                    1
                   20                   14                    1                    0
                   20                   14                    0                    1
                   20                   15                    1                    0
                   20                   17                    1                    0
                   20                   17                    0                    1
                   16                    9
                   20                    1
