                   19                   15                    0                   -1
                    4                   13                   -1                    0
                   20                   15                    1                    0
                   19                   15                   -1                    0
                   19                   16                    0                    1
                    3                   13                   -1                    0
                   19                   15                    0                   -1
                    4                   13                    1                    0
                    5                   13                    1                    0
                    6                   13                    1                    0
                    5                   13                   -1                    0
                    4                   13                   -1                    0
                    5                   13                    1                    0
                   20                   15                    1                    0
                    5                   14                    0                    1
                   19                   15                   -1                    0
                    5                   15                    0                    1
                   19                   16                    0                    1
                   18                   16                   -1                    0
                   19                   16                    1                    0
                    5                   14                    0                   -1
                    5                   13                    0                   -1
                   19                   17                    0                    1
                    5                   12                    0                   -1
                    5                   13                    0                    1
                    4                   13                   -1                    0
                   19                   18                    0                    1
                    4                   14                    0                    1
                   19                   17                    0                   -1
                   19                   16                    0                   -1
                    5                   14                    1                    0
                   20                   16                    1                    0
                    1                   16                    0                    0
                    2                   16                    1                    0
                    4                   14                   -1                    0
                    4                   13                    0                   -1
                    3                   13                   -1                    0
                    1                   16                   -1                    0
                    3                   14                    0                    1
                   20                   16                    0                    0
                    4                   14                    1                    0
                    3                   14                   -1                    0
                    3                   15                    0                    1
                   19                   16                   -1                    0
                   20                   16                    1                    0
                    4                   15                    1                    0
                    5                   15                    1                    0
                    1                   16                    0                    0
                    4                   15                   -1                    0
                    4                   16                    0                    1
                    3                   16                   -1                    0
                    2                   16                   -1                    0
                   20                   16                    0                    0
                    1                   16                   -1                    0
                   19                   16                   -1                    0
                    2                   16                    1                    0
                    3                   16                    1                    0
                   19                   15                    0                   -1
                   19                   16                    0                    1
                    4                   16                    1                    0
                    4                   17                    0                    1
                   20                   16                    1                    0
                    5                   17                    1                    0
                   20                   15                    0                   -1
                   20                   16                    0                    1
                    4                   17                   -1                    0
                    1                   16                    0                    0
                    4                   16                    0                   -1
                    4                   17                    0                    1
                   20                   16                    0                    0
                    5                   17                    1                    0
                    5                   16                    0                   -1
                    5                   17                    0                    1
                    4                   17                   -1                    0
                    4                   16                    0                   -1
                    4                   15                    0                   -1
                    3                   15                   -1                    0
                    3                   14                    0                   -1
                   19                   16                   -1                    0
                    3                   13                    0                   -1
                   19                   15                    0                   -1
                   18                   15                   -1                    0
                   18                   16                    0                    1
                    4                   13                    1                    0
                    5                   13                    1                    0
                   18                   15                    0                   -1
                   17                   15                   -1                    0
                    5                   14                    0                    1
                   16                   15                   -1                    0
                   15                   15                   -1                    0
                   16                   15                    1                    0
                    5                   13                    0                   -1
                   16                   14                    0                   -1
