                    8                   17                    0                    1
                   16                    1                    0                    0
                   16                   20                    0                    0
                    8                   18                    0                    1
                   17                   20                    1                    0
                   16                   20                   -1                    0
                   17                   20                    1                    0
                    7                   18                   -1                    0
                    6                   18                   -1                    0
                    7                   18                    1                    0
                   18                   20                    1                    0
                    7                   19                    0                    1
                    6                   19                   -1                    0
                   18                    1                    0                    0
                   19                    1                    1                    0
                   19                    2                    0                    1
                    7                   19                    1                    0
                   18                    2                   -1                    0
                    7                   18                    0                   -1
                   18                    3                    0                    1
                    6                   18                   -1                    0
                   18                    4                    0                    1
                    6                   19                    0                    1
                    7                   19                    1                    0
                   18                    3                    0                   -1
                   18                    4                    0                    1
                   19                    4                    1                    0
                    6                   19                   -1                    0
                    6                   20                    0                    1
                    6                   19                    0                   -1
                   18                    4                   -1                    0
                   19                    4                    1                    0
                   19                    5                    0                    1
                    6                   18                    0                   -1
                    5                   18                   -1                    0
                   18                    5                   -1                    0
                    5                   17                    0                   -1
                    5                   16                    0                   -1
                   18                    4                    0                   -1
                   19                    4                    1                    0
                    4                   16                   -1                    0
                    3                   16                   -1                    0
                    3                   17                    0                    1
                    3                   16                    0                   -1
                   20                    4                    1                    0
                    4                   16                    1                    0
                    5                   16                    1                    0
                    5                   17                    0                    1
                    5                   16                    0                   -1
                    4                   16                   -1                    0
                    3                   16                   -1                    0
                    1                    4                    0                    0
                    3                   17                    0                    1
                    2                   17                   -1                    0
                    1                    3                    0                   -1
                    1                    4                    0                    1
                    1                    3                    0                   -1
                    2                   18                    0                    1
                   20                    3                    0                    0
                    2                   17                    0                   -1
                    1                   17                   -1                    0
                    1                   16                    0                   -1
                   20                   16                    0                    0
                   20                   15                    0                   -1
                   19                    3                   -1                    0
                   20                   16                    0                    1
                   20                   17                    0                    1
                   19                    4                    0                    1
                   20                   16                    0                   -1
                   20                   15                    0                   -1
                   20                   16                    0                    1
                   19                   16                   -1                    0
                   19                    5                    0                    1
                   18                    5                   -1                    0
                   18                    4                    0                   -1
                   18                   16                   -1                    0
                   18                    5                    0                    1
                   18                   17                    0                    1
                   19                   17                    1                    0
                   20                   17                    1                    0
                   19                    5                    1                    0
                   19                    4                    0                   -1
                   20                   16                    0                   -1
                    1                   16                    0                    0
                   20                   16                    0                    0
                   20                   17                    0                    1
                   18                    4                   -1                    0
                   20                   16                    0                   -1
                   19                    4                    1                    0
                   20                    4                    1                    0
                   20                    5                    0                    1
                   19                   16                   -1                    0
                    1                    5                    0                    0
                    2                    5                    1                    0
                   18                   16                   -1                    0
                   18                   17                    0                    1
                   19                   17                    1                    0
                    2                    6                    0                    1
                   20                   17                    1                    0
                   19                   17                   -1                    0
                   20                   17                    1                    0
                    2                    5                    0                   -1
                   20                   16                    0                   -1
                   20                   17                    0                    1
                    3                    5                    1                    0
                    4                    5                    1                    0
                   20                   18                    0                    1
                   19                   18                   -1                    0
                    3                    5                   -1                    0
                    2                    5                   -1                    0
                   18                   18                   -1                    0
                   18                   19                    0                    1
                   18                   20                    0                    1
                   17                   20                   -1                    0
                   16                   20                   -1                    0
                   17                   20                    1                    0
                   17                    1                    0                    0
                   17                    2                    0                    1
                    3                    5                    1                    0
                    2                    5                   -1                    0
                    3                    5                    1                    0
                    4                    5                    1                    0
                   17                    1                    0                   -1
                   17                   20                    0                    0
                   17                    1                    0                    0
                   16                    1                   -1                    0
                    4                    6                    0                    1
                    4                    5                    0                   -1
                    4                    4                    0                   -1
                   17                    1                    1                    0
                   17                   20                    0                    0
                   17                    1                    0                    0
                    3                    4                   -1                    0
                    4                    4                    1                    0
