                   13                   16                    1                    0
                   13                   16                    0                    1
                   13                   17                    1                    0
                   13                   19                    1                    0
                   14                   16                    0                    1
                   14                   19                    1                    0
                   14                   19                    0                    1
                   14                   20                    1                    0
                   15                   19                    0                    1
                   17                    4                    1                    0
                   17                    4                    0                    1
                   17                    5                    1                    0
                   17                    9                    1                    0
                   17                    9                    0                    1
                   17                   10                    1                    0
                   18                    4                    0                    1
                   18                    9                    1                    0
                   18                   10                    1                    0
                   19                    9                    0                    1
                    7                   14
                    7                   14
