                    2                   10                    1                    0
                    2                   10                    0                    1
                    2                   11                    1                    0
                    3                   10                    0                    1
                    5                   10                    1                    0
                    5                   10                    0                    1
                    5                   11                    1                    0
                    6                    1                    1                    0
                    6                   10                    0                    1
                    7                    1                    0                    1
                   10                   14                    1                    0
                   10                   14                    0                    1
                   10                   15                    1                    0
                   11                   14                    0                    1
                   14                    3                    1                    0
                   14                    3                    0                    1
                   14                    4                    1                    0
                   15                    3                    0                    1
                   19                   14                    1                    0
                    7                    2
                   19                   14
