                   15                   14                   -1                    0
                    1                   15                    0                    1
                    2                   15                    1                    0
                    2                   16                    0                    1
                    2                   17                    0                    1
                    2                   16                    0                   -1
                    2                   17                    0                    1
                    1                   17                   -1                    0
                   20                   17                    0                    0
                   14                   14                   -1                    0
                   13                   14                   -1                    0
                    1                   17                    0                    0
                   20                   17                    0                    0
                   12                   14                   -1                    0
                   19                   17                   -1                    0
                   19                   16                    0                   -1
                   13                   14                    1                    0
                   13                   13                    0                   -1
                   19                   15                    0                   -1
                   14                   13                    1                    0
                   15                   13                    1                    0
                   15                   12                    0                   -1
                   14                   12                   -1                    0
                   14                   13                    0                    1
                   13                   13                   -1                    0
                   12                   13                   -1                    0
                   12                   12                    0                   -1
                   19                   16                    0                    1
                   12                   13                    0                    1
                   11                   13                   -1                    0
                   11                   12                    0                   -1
                   18                   16                   -1                    0
                   11                   11                    0                   -1
                   10                   11                   -1                    0
                   11                   11                    1                    0
                   11                   10                    0                   -1
                   12                   10                    1                    0
                   11                   10                   -1                    0
                   17                   16                   -1                    0
                   17                   15                    0                   -1
                   17                   14                    0                   -1
                   11                   11                    0                    1
                   17                   13                    0                   -1
                   17                   12                    0                   -1
                   16                   12                   -1                    0
                   16                   13                    0                    1
                   11                   12                    0                    1
                   17                   13                    1                    0
                   11                   13                    0                    1
                   11                   14                    0                    1
                   17                   14                    0                    1
                   17                   15                    0                    1
                   18                   15                    1                    0
                   19                   15                    1                    0
                   20                   15                    1                    0
                   11                   15                    0                    1
                   19                   15                   -1                    0
                   18                   15                   -1                    0
                   17                   15                   -1                    0
                   18                   15                    1                    0
                   12                   15                    1                    0
                   11                   15                   -1                    0
                   11                   14                    0                   -1
                   12                   14                    1                    0
                   17                   15                   -1                    0
                   18                   15                    1                    0
                   11                   14                   -1                    0
                   10                   14                   -1                    0
                   18                   14                    0                   -1
                   11                   14                    1                    0
                   17                   14                   -1                    0
                   16                   14                   -1                    0
                   16                   15                    0                    1
                   15                   15                   -1                    0
                   16                   15                    1                    0
                   11                   15                    0                    1
                   10                   15                   -1                    0
                   17                   15                    1                    0
                   17                   14                    0                   -1
                   18                   14                    1                    0
                   18                   15                    0                    1
                   17                   15                   -1                    0
                   18                   15                    1                    0
                    9                   15                   -1                    0
                   18                   16                    0                    1
                   19                   16                    1                    0
                   18                   16                   -1                    0
                    8                   15                   -1                    0
                   18                   15                    0                   -1
                   18                   16                    0                    1
                   17                   16                   -1                    0
                   17                   15                    0                   -1
                    7                   15                   -1                    0
                    8                   15                    1                    0
                    9                   15                    1                    0
                   16                   15                   -1                    0
                   16                   14                    0                   -1
                    8                   15                   -1                    0
                    8                   16                    0                    1
                    8                   15                    0                   -1
                   17                   14                    1                    0
                    7                   15                   -1                    0
                    6                   15                   -1                    0
                    6                   14                    0                   -1
                   16                   14                   -1                    0
                    7                   14                    1                    0
                   15                   14                   -1                    0
                    6                   14                   -1                    0
                   14                   14                   -1                    0
                    6                   13                    0                   -1
                   14                   13                    0                   -1
                   15                   13                    1                    0
                   15                   14                    0                    1
                   14                   14                   -1                    0
                   14                   15                    0                    1
                   14                   16                    0                    1
                    5                   13                   -1                    0
                   13                   16                   -1                    0
                    5                   14                    0                    1
                    5                   13                    0                   -1
                    6                   13                    1                    0
                   13                   17                    0                    1
                   12                   17                   -1                    0
                    5                   13                   -1                    0
                    6                   13                    1                    0
                    5                   13                   -1                    0
                    6                   13                    1                    0
                    6                   14                    0                    1
                   13                   17                    1                    0
                    6                   13                    0                   -1
                    6                   14                    0                    1
                    7                   14                    1                    0
                    7                   15                    0                    1
                    7                   14                    0                   -1
                    8                   14                    1                    0
                   14                   17                    1                    0
                   14                   16                    0                   -1
                    7                   14                   -1                    0
                    7                   13                    0                   -1
                    7                   12                    0                   -1
                   13                   16                   -1                    0
                    7                   13                    0                    1
                   13                   17                    0                    1
                    6                   13                   -1                    0
                   12                   17                   -1                    0
                   12                   18                    0                    1
                    5                   13                   -1                    0
                   11                   18                   -1                    0
                   12                   18                    1                    0
                   12                   19                    0                    1
                   12                   18                    0                   -1
                   12                   19                    0                    1
                    4                   13                   -1                    0
                    5                   13                    1                    0
                    6                   13                    1                    0
                    7                   13                    1                    0
                    7                   14                    0                    1
                    7                   15                    0                    1
                   12                   20                    0                    1
                    7                   16                    0                    1
                    7                   17                    0                    1
                    7                   16                    0                   -1
                    7                   15                    0                   -1
                   12                    1                    0                    0
                    8                   15                    1                    0
                    8                   16                    0                    1
                    8                   15                    0                   -1
                   13                    1                    1                    0
                   13                   20                    0                    0
                    8                   16                    0                    1
                   12                   20                   -1                    0
                   11                   20                   -1                    0
                    7                   16                   -1                    0
                    7                   15                    0                   -1
                   11                   19                    0                   -1
                    7                   16                    0                    1
