                   13                   16                   -1                    0
                   10                   13                   -1                    0
                   14                   16                    1                    0
                   11                   13                    1                    0
                   14                   15                    0                   -1
                   14                   16                    0                    1
                   13                   16                   -1                    0
                   10                   13                   -1                    0
                   11                   13                    1                    0
                   13                   15                    0                   -1
                   13                   16                    0                    1
                   13                   15                    0                   -1
                   11                   14                    0                    1
                   10                   14                   -1                    0
                   11                   14                    1                    0
                   12                   15                   -1                    0
                   11                   15                    0                    1
                   13                   15                    1                    0
                   13                   16                    0                    1
                   13                   15                    0                   -1
                   12                   15                    1                    0
                   11                   15                   -1                    0
                   11                   14                    0                   -1
                   13                   16                    0                    1
                   12                   14                    1                    0
                   11                   14                   -1                    0
                   13                   15                    0                   -1
                   13                   14                    0                   -1
                   13                   15                    0                    1
                   10                   14                   -1                    0
                   10                   13                    0                   -1
                   10                   14                    0                    1
                   13                   16                    0                    1
                   14                   16                    1                    0
                   11                   14                    1                    0
                   11                   13                    0                   -1
                   11                   12                    0                   -1
                   13                   16                   -1                    0
                   11                   13                    0                    1
                   14                   16                    1                    0
                   10                   13                   -1                    0
                   13                   16                   -1                    0
                   11                   13                    1                    0
                   13                   15                    0                   -1
                   13                   16                    0                    1
                   11                   12                    0                   -1
                   12                   12                    1                    0
                   13                   17                    0                    1
                   12                   11                    0                   -1
                   13                   16                    0                   -1
                   14                   16                    1                    0
                   11                   11                   -1                    0
                   12                   11                    1                    0
                   14                   17                    0                    1
                   11                   11                   -1                    0
                   12                   11                    1                    0
                   14                   16                    0                   -1
                   13                   16                   -1                    0
                   14                   16                    1                    0
                   14                   17                    0                    1
                   13                   17                   -1                    0
                   14                   17                    1                    0
                   12                   12                    0                    1
                   14                   18                    0                    1
                   11                   12                   -1                    0
                   10                   12                   -1                    0
                   14                   19                    0                    1
                   14                   18                    0                   -1
                   14                   17                    0                   -1
                   13                   17                   -1                    0
                   14                   17                    1                    0
                   11                   12                    1                    0
                   14                   18                    0                    1
                   12                   12                    1                    0
                   11                   12                   -1                    0
                   11                   11                    0                   -1
                   11                   12                    0                    1
                   11                   13                    0                    1
                   10                   13                   -1                    0
                   15                   18                    1                    0
                   16                   18                    1                    0
                   10                   14                    0                    1
                   10                   13                    0                   -1
