                   19                   16                    1                    0
                   12                    2                   -1                    0
                   18                   16                   -1                    0
                   13                    2                    1                    0
                   13                    1                    0                   -1
                   17                   16                   -1                    0
                   18                   16                    1                    0
                   18                   17                    0                    1
                   14                    1                    1                    0
                   13                    1                   -1                    0
                   12                    1                   -1                    0
                   18                   16                    0                   -1
                   11                    1                   -1                    0
                   18                   15                    0                   -1
                   12                    1                    1                    0
                   13                    1                    1                    0
                   19                   15                    1                    0
                   18                   15                   -1                    0
                   18                   16                    0                    1
                   13                    2                    0                    1
                   12                    2                   -1                    0
                   17                   16                   -1                    0
                   12                    1                    0                   -1
                   17                   15                    0                   -1
                   13                    1                    1                    0
                   16                   15                   -1                    0
                   14                    1                    1                    0
                   17                   15                    1                    0
                   14                   20                    0                    0
                   14                    1                    0                    0
                   15                    1                    1                    0
                   14                    1                   -1                    0
                   14                    2                    0                    1
                   17                   16                    0                    1
                   14                    1                    0                   -1
                   18                   16                    1                    0
                   13                    1                   -1                    0
                   13                   20                    0                    0
                   18                   17                    0                    1
                   13                    1                    0                    0
                   17                   17                   -1                    0
                   18                   17                    1                    0
                   12                    1                   -1                    0
                   18                   16                    0                   -1
                   18                   17                    0                    1
                   12                    2                    0                    1
                   17                   17                   -1                    0
                   12                    1                    0                   -1
                   16                   17                   -1                    0
                   17                   17                    1                    0
                   12                    2                    0                    1
                   17                   16                    0                   -1
                   13                    2                    1                    0
                   17                   17                    0                    1
                   13                    3                    0                    1
                   18                   17                    1                    0
                   18                   16                    0                   -1
                   13                    4                    0                    1
                   19                   16                    1                    0
                   18                   16                   -1                    0
                   17                   16                   -1                    0
                   18                   16                    1                    0
