                   14                    4                    0                    1
                   15                    4                    1                    0
                   18                   17                    1                    0
                   17                   17                   -1                    0
                   18                   17                    1                    0
                   17                   17                   -1                    0
                   14                    4                   -1                    0
                   17                   16                    0                   -1
                   17                   17                    0                    1
                   14                    3                    0                   -1
                   16                   17                   -1                    0
                   17                   17                    1                    0
                   14                    4                    0                    1
                   15                    4                    1                    0
                   14                    4                   -1                    0
                   18                   17                    1                    0
                   13                    4                   -1                    0
                   13                    3                    0                   -1
                   18                   16                    0                   -1
                   18                   17                    0                    1
                   17                   17                   -1                    0
                   18                   17                    1                    0
                   13                    2                    0                   -1
                   13                    3                    0                    1
                   17                   17                   -1                    0
                   13                    4                    0                    1
                   13                    5                    0                    1
                   13                    4                    0                   -1
                   14                    4                    1                    0
                   15                    4                    1                    0
                   17                   16                    0                   -1
                   17                   17                    0                    1
                   15                    3                    0                   -1
                   17                   16                    0                   -1
                   15                    4                    0                    1
                   17                   17                    0                    1
                   16                    4                    1                    0
                   16                   17                   -1                    0
                   16                    3                    0                   -1
                   16                   18                    0                    1
                   17                   18                    1                    0
                   16                   18                   -1                    0
                   16                    4                    0                    1
                   16                    3                    0                   -1
                   16                   17                    0                   -1
                   17                   17                    1                    0
                   17                    3                    1                    0
                   16                    3                   -1                    0
                   16                    4                    0                    1
                   15                    4                   -1                    0
                   14                    4                   -1                    0
                   13                    4                   -1                    0
                   17                   18                    0                    1
                   17                   17                    0                   -1
                   17                   16                    0                   -1
                   14                    4                    1                    0
                   14                    3                    0                   -1
                   14                    2                    0                   -1
                   17                   17                    0                    1
                   14                    3                    0                    1
                   15                    3                    1                    0
                   14                    3                   -1                    0
