                    2                   17                    1                    0
                    2                   17                    0                    1
                    2                   18                    1                    0
                    3                   17                    0                    1
                   11                    3                    1                    0
                   11                    3                    0                    1
                   11                    4                    1                    0
                   12                    3                    0                    1
                   15                   13                    1                    0
                   15                   17                    1                    0
                   15                   17                    0                    1
                   15                   18                    1                    0
                   16                   17                    0                    1
                   18                   19                    1                    0
                   18                   19                    0                    1
                   18                   20                    1                    0
                   19                   19                    0                    1
                   15                   13
                    6                    9
