                   11                   18                    0                    1
                   20                    9                    0                    1
                   11                   19                    0                    1
                   20                    8                    0                   -1
                   20                    7                    0                   -1
                   12                   19                    1                    0
                    1                    7                    0                    0
                   11                   19                   -1                    0
                    2                    7                    1                    0
                    2                    6                    0                   -1
                    1                    6                   -1                    0
                    1                    7                    0                    1
                    2                    7                    1                    0
                    2                    8                    0                    1
                   10                   19                   -1                    0
                    2                    9                    0                    1
                    2                    8                    0                   -1
                    2                    9                    0                    1
                    2                   10                    0                    1
                    3                   10                    1                    0
                   10                   20                    0                    1
                    2                   10                   -1                    0
                    3                   10                    1                    0
                   11                   20                    1                    0
                   12                   20                    1                    0
                    3                    9                    0                   -1
                   12                   19                    0                   -1
                   13                   19                    1                    0
                   14                   19                    1                    0
                    3                    8                    0                   -1
                   13                   19                   -1                    0
                    3                    9                    0                    1
                    3                   10                    0                    1
                   13                   20                    0                    1
                   13                    1                    0                    0
                    3                   11                    0                    1
                    2                   11                   -1                    0
                    1                   11                   -1                    0
                   20                   11                    0                    0
                   13                    2                    0                    1
                   13                    1                    0                   -1
                   13                    2                    0                    1
                   14                    2                    1                    0
                   20                   12                    0                    1
                   14                    3                    0                    1
                   14                    4                    0                    1
                   15                    4                    1                    0
                    1                   12                    0                    0
                   16                    4                    1                    0
                   20                   12                    0                    0
                   20                   11                    0                   -1
                   20                   12                    0                    1
                   20                   13                    0                    1
                   20                   12                    0                   -1
                   17                    4                    1                    0
                   16                    4                   -1                    0
                   20                   11                    0                   -1
                   17                    4                    1                    0
                   19                   11                   -1                    0
                   18                   11                   -1                    0
                   19                   11                    1                    0
                   19                   12                    0                    1
                   18                    4                    1                    0
                   17                    4                   -1                    0
                   17                    3                    0                   -1
                   20                   12                    1                    0
                   20                   11                    0                   -1
                   18                    3                    1                    0
                   18                    2                    0                   -1
                   18                    3                    0                    1
                   20                   12                    0                    1
                   20                   13                    0                    1
                   20                   14                    0                    1
                   17                    3                   -1                    0
                   17                    4                    0                    1
                   18                    4                    1                    0
                   18                    3                    0                   -1
                   20                   13                    0                   -1
                   19                   13                   -1                    0
                   19                    3                    1                    0
                   19                   12                    0                   -1
                   19                    4                    0                    1
                   20                    4                    1                    0
                   19                   11                    0                   -1
                   19                   12                    0                    1
                    1                    4                    0                    0
                   19                   11                    0                   -1
                    1                    3                    0                   -1
                   19                   10                    0                   -1
                    2                    3                    1                    0
                   19                    9                    0                   -1
                   19                   10                    0                    1
                   19                    9                    0                   -1
                    2                    4                    0                    1
                    2                    3                    0                   -1
                    3                    3                    1                    0
                   20                    9                    1                    0
                   19                    9                   -1                    0
                   19                   10                    0                    1
                   19                   11                    0                    1
                    4                    3                    1                    0
                   20                   11                    1                    0
                    4                    4                    0                    1
                    5                    4                    1                    0
                    4                    4                   -1                    0
                    5                    4                    1                    0
                   20                   12                    0                    1
                   20                   11                    0                   -1
                   20                   10                    0                   -1
                    1                   10                    0                    0
                    5                    5                    0                    1
                    1                   11                    0                    1
                   20                   11                    0                    0
                    6                    5                    1                    0
                    6                    6                    0                    1
                   20                   12                    0                    1
                    7                    6                    1                    0
                    7                    7                    0                    1
                   20                   13                    0                    1
                   20                   12                    0                   -1
                   20                   11                    0                   -1
                    8                    7                    1                    0
                    1                   11                    0                    0
                    9                    7                    1                    0
                    2                   11                    1                    0
                   10                    7                    1                    0
                    9                    7                   -1                    0
                    9                    6                    0                   -1
                    2                   10                    0                   -1
                    9                    7                    0                    1
                    8                    7                   -1                    0
                    3                   10                    1                    0
                    8                    6                    0                   -1
                    2                   10                   -1                    0
                    9                    6                    1                    0
                    2                    9                    0                   -1
                    9                    7                    0                    1
                    9                    6                    0                   -1
                    8                    6                   -1                    0
                    8                    7                    0                    1
                    8                    8                    0                    1
                    9                    8                    1                    0
                    8                    8                   -1                    0
                    3                    9                    1                    0
                    3                    8                    0                   -1
                    3                    7                    0                   -1
                    7                    8                   -1                    0
                    7                    7                    0                   -1
                    4                    7                    1                    0
                    4                    8                    0                    1
                    5                    8                    1                    0
                    4                    8                   -1                    0
                    8                    7                    1                    0
                    4                    9                    0                    1
                    7                    7                   -1                    0
                    6                    7                   -1                    0
                    6                    6                    0                   -1
                    4                   10                    0                    1
                    7                    6                    1                    0
                    8                    6                    1                    0
                    4                    9                    0                   -1
                    8                    5                    0                   -1
                    7                    5                   -1                    0
                    7                    6                    0                    1
                    4                    8                    0                   -1
                    7                    7                    0                    1
                    3                    8                   -1                    0
                    8                    7                    1                    0
                    7                    7                   -1                    0
                    7                    8                    0                    1
                    7                    7                    0                   -1
                    7                    6                    0                   -1
                    3                    9                    0                    1
                    3                   10                    0                    1
                    7                    7                    0                    1
                    3                   11                    0                    1
                    3                   12                    0                    1
                    3                   11                    0                   -1
                    2                   11                   -1                    0
                    1                   11                   -1                    0
                    8                    7                    1                    0
                    8                    6                    0                   -1
                    1                   12                    0                    1
                    7                    6                   -1                    0
                    1                   11                    0                   -1
                    8                    6                    1                    0
                    8                    7                    0                    1
                    8                    6                    0                   -1
                    1                   10                    0                   -1
                    8                    5                    0                   -1
                    7                    5                   -1                    0
                    2                   10                    1                    0
                    3                   10                    1                    0
                    3                   11                    0                    1
                    7                    6                    0                    1
                    2                   11                   -1                    0
                    2                   12                    0                    1
                    2                   11                    0                   -1
                    2                   12                    0                    1
                    7                    7                    0                    1
