                    1                    4                    1                    0
                    1                    4                    0                    1
                    1                    5                    1                    0
                    1                   16                    0                    1
                    1                   17                    0                    1
                    1                   18                    1                    0
                    2                    4                    0                    1
                    2                   17                    1                    0
                    2                   17                    0                    1
                    3                   10                    1                    0
                    3                   10                    0                    1
                    3                   11                    1                    0
                    3                   15                    0                    1
                    3                   16                    0                    1
                    4                   10                    1                    0
                    4                   11                    1                    0
                    5                   10                    0                    1
                   13                    2                    1                    0
                   13                    2                    0                    1
                   13                    3                    1                    0
                   14                    2                    1                    0
                   14                    3                    1                    0
                   14                   18                    1                    0
                   14                   18                    0                    1
                   14                   19                    1                    0
                   15                    2                    0                    1
                   15                   18                    0                    1
                   15                   19                    1                    0
                   15                   19                    0                    1
                   16                   19                    1                    0
                   17                   11                    0                    1
                   17                   12                    0                    1
                   17                   13                    1                    0
                   17                   19                    1                    0
                   18                    5                    1                    0
                   18                    5                    0                    1
                   18                    6                    1                    0
                   18                   13                    0                    1
                   18                   14                    1                    0
                   18                   17                    1                    0
                   18                   17                    0                    1
                   18                   18                    0                    1
                   19                    5                    1                    0
                   19                    6                    0                    1
                   19                    7                    1                    0
                   19                   14                    1                    0
                   19                   16                    1                    0
                   19                   16                    0                    1
                   20                    5                    0                    1
                   20                    6                    0                    1
                   20                   14                    0                    1
                   20                   15                    1                    0
                   20                   16                    1                    0
                    3                   15
                    1                   15
