                    4                   19                    0                    1
                    6                   20                   -1                    0
                    7                   20                    1                    0
                    5                   19                    1                    0
                    8                   20                    1                    0
                    4                   19                   -1                    0
                    8                    1                    0                    0
                    9                    1                    1                    0
                    4                   18                    0                   -1
                    4                   19                    0                    1
                    4                   18                    0                   -1
                    8                    1                   -1                    0
                    8                    2                    0                    1
                    7                    2                   -1                    0
                    8                    2                    1                    0
                    4                   19                    0                    1
                    8                    1                    0                   -1
                    4                   18                    0                   -1
                    8                    2                    0                    1
                    9                    2                    1                    0
                    8                    2                   -1                    0
                    8                    1                    0                   -1
                    4                   19                    0                    1
                    8                   20                    0                    0
                    4                   20                    0                    1
                    7                   20                   -1                    0
                    7                    1                    0                    0
                    6                    1                   -1                    0
                    5                    1                   -1                    0
                    3                   20                   -1                    0
                    4                   20                    1                    0
                    5                   20                    1                    0
                    4                   20                   -1                    0
                    5                   20                    1                    0
                    4                    1                   -1                    0
                    4                   20                   -1                    0
                    4                   20                    0                    0
                   14                   11                   -1                    0
                   14                   11                   -1                    0
                    4                    6                    1                    0
                    3                    6                   -1                    0
                   12                    5                    0                    1
                   12                    5                    0                    1
                   18                   12                   -1                    0
                   19                   12                    1                    0
                   10                   10                   -1                    0
                   10                   10                   -1                    0
                   10                   11                    0                    1
                   10                   10                    0                   -1
                    9                   10                   -1                    0
                   10                   11                    0                    1
                    9                   11                   -1                    0
                   10                   10                    1                    0
                   10                   11                    1                    0
                   10                   11                    0                    1
                   10                   12                    0                    1
                   10                   11                    0                   -1
                   12                   16                   -1                    0
                   13                   16                    1                    0
                   16                    9                    0                   -1
                   17                   10                    1                    0
                   17                    9                    0                   -1
                   16                   10                    0                    1
                   17                   10                    1                    0
                   16                   10                   -1                    0
                   17                   10                    0                    1
                   18                   10                    1                    0
                   17                   10                   -1                    0
                   16                    9                    0                   -1
                   18                   10                    1                    0
