                   18                   16                    0                    1
                   19                   16                    1                    0
                   15                    9                    1                    0
                   16                    9                    1                    0
                   19                   15                    0                   -1
                   19                   16                    0                    1
                   15                    9                   -1                    0
                   19                   17                    0                    1
                   16                    9                    1                    0
                   16                    8                    0                   -1
                   18                   17                   -1                    0
                   16                    7                    0                   -1
                   17                   17                   -1                    0
                   16                    6                    0                   -1
                   17                   16                    0                   -1
                   17                    6                    1                    0
                   18                   16                    1                    0
                   19                   16                    1                    0
                   17                    5                    0                   -1
                   20                   16                    1                    0
                   17                    6                    0                    1
                   16                    6                   -1                    0
                    1                   16                    0                    0
                   20                   16                    0                    0
                   20                   15                    0                   -1
                   16                    5                    0                   -1
                   17                    5                    1                    0
                   16                    5                   -1                    0
                   15                    5                   -1                    0
                   20                   14                    0                   -1
                   15                    6                    0                    1
                   20                   15                    0                    1
                    1                   15                    0                    0
                   20                   15                    0                    0
                    1                   15                    0                    0
                   20                   15                    0                    0
                   20                   16                    0                    1
                   19                   16                   -1                    0
                   19                   15                    0                   -1
                   15                    5                    0                   -1
                   15                    6                    0                    1
                   19                   16                    0                    1
                   15                    5                    0                   -1
                   15                    6                    0                    1
                   14                    6                   -1                    0
                   19                   15                    0                   -1
                   15                    6                    1                    0
                   19                   16                    0                    1
                   15                    7                    0                    1
                   15                    6                    0                   -1
                   19                   17                    0                    1
                   18                   17                   -1                    0
                   14                    6                   -1                    0
                   14                    7                    0                    1
                   18                   18                    0                    1
                   17                   18                   -1                    0
                   14                    6                    0                   -1
                   17                   19                    0                    1
                   17                   18                    0                   -1
                   14                    5                    0                   -1
                   14                    6                    0                    1
                   18                   18                    1                    0
                   15                    6                    1                    0
                   15                    5                    0                   -1
                   16                    5                    1                    0
                   17                   18                   -1                    0
                   18                   18                    1                    0
                   18                   17                    0                   -1
                   16                    6                    0                    1
                   15                    6                   -1                    0
                   15                    5                    0                   -1
                   18                   18                    0                    1
                   18                   17                    0                   -1
                   16                    5                    1                    0
                   16                    6                    0                    1
                   15                    6                   -1                    0
                   17                   17                   -1                    0
                   16                   17                   -1                    0
                   15                    7                    0                    1
                   17                   17                    1                    0
                   17                   16                    0                   -1
                   14                    7                   -1                    0
                   17                   17                    0                    1
                   16                   17                   -1                    0
                   15                    7                    1                    0
                   17                   17                    1                    0
                   14                    7                   -1                    0
                   17                   16                    0                   -1
                   18                   16                    1                    0
                   14                    8                    0                    1
                   14                    7                    0                   -1
                   14                    8                    0                    1
                   14                    7                    0                   -1
                   13                    7                   -1                    0
                   14                    7                    1                    0
                   15                    7                    1                    0
                   17                   16                   -1                    0
                   16                    7                    1                    0
                   15                    7                   -1                    0
                   14                    7                   -1                    0
                   18                   16                    1                    0
                   14                    8                    0                    1
                   18                   15                    0                   -1
                   19                   15                    1                    0
                   18                   15                   -1                    0
                   15                    8                    1                    0
                   14                    8                   -1                    0
                   13                    8                   -1                    0
                   19                   15                    1                    0
                   18                   15                   -1                    0
                   14                    8                    1                    0
                   18                   14                    0                   -1
                   19                   14                    1                    0
                   14                    9                    0                    1
                   15                    9                    1                    0
