                   20                   14                    0                    0
                   18                    4                   -1                    0
                   20                   13                    0                   -1
                   20                   14                    0                    1
                    1                   14                    0                    0
                   20                   14                    0                    0
                    1                   14                    0                    0
                    1                   13                    0                   -1
                   18                    5                    0                    1
                   18                    4                    0                   -1
                   20                   13                    0                    0
                   18                    3                    0                   -1
                   20                   14                    0                    1
                   17                    3                   -1                    0
                   18                    3                    1                    0
                   18                    4                    0                    1
                   19                    4                    1                    0
                   19                    3                    0                   -1
                   19                   14                   -1                    0
                   18                   14                   -1                    0
                   19                    4                    0                    1
                   18                    4                   -1                    0
                   19                   14                    1                    0
                   18                    3                    0                   -1
                   17                    3                   -1                    0
                   16                    3                   -1                    0
                   17                    3                    1                    0
                   20                   14                    1                    0
                   18                    3                    1                    0
                   20                   13                    0                   -1
                    1                   13                    0                    0
                    1                   14                    0                    1
                    2                   14                    1                    0
                    2                   15                    0                    1
                    2                   16                    0                    1
                    2                   17                    0                    1
                    2                   18                    0                    1
                    2                   17                    0                   -1
                   18                    4                    0                    1
                    2                   16                    0                   -1
                   18                    5                    0                    1
                    2                   15                    0                   -1
                   18                    6                    0                    1
                    2                   16                    0                    1
                    2                   17                    0                    1
                   18                    5                    0                   -1
                   18                    4                    0                   -1
                   19                    4                    1                    0
                   19                    3                    0                   -1
                    2                   18                    0                    1
                    2                   17                    0                   -1
                   20                    3                    1                    0
                    2                   16                    0                   -1
                   20                    2                    0                   -1
                    3                   16                    1                    0
                   20                    1                    0                   -1
                    3                   17                    0                    1
                    2                   17                   -1                    0
                    2                   16                    0                   -1
                    1                    1                    0                    0
                   20                    1                    0                    0
                   20                    2                    0                    1
                    2                   17                    0                    1
                   20                    1                    0                   -1
                   20                    2                    0                    1
                   19                    2                   -1                    0
                   19                    3                    0                    1
                   18                    3                   -1                    0
                    2                   18                    0                    1
                   19                    3                    1                    0
                    1                   18                   -1                    0
                   20                   18                    0                    0
                   20                   17                    0                   -1
                   19                    2                    0                   -1
                   20                   18                    0                    1
                    1                   18                    0                    0
                   20                   18                    0                    0
                   19                    3                    0                    1
                   20                    3                    1                    0
                   19                    3                   -1                    0
                   19                    2                    0                   -1
                   19                    1                    0                   -1
                   19                   20                    0                    0
                   20                   17                    0                   -1
                   18                   20                   -1                    0
                   17                   20                   -1                    0
                   16                   20                   -1                    0
                   17                   20                    1                    0
                    1                   17                    0                    0
                   20                   17                    0                    0
                   17                    1                    0                    0
                   17                   20                    0                    0
                   20                   16                    0                   -1
                   20                   15                    0                   -1
                   20                   16                    0                    1
                   18                   20                    1                    0
                   19                   20                    1                    0
                   19                   19                    0                   -1
                   20                   17                    0                    1
                   20                   19                    1                    0
                   19                   17                   -1                    0
                    1                   19                    0                    0
                   20                   17                    1                    0
                    1                   17                    0                    0
                    1                   20                    0                    1
                    1                    1                    0                    0
                    1                   20                    0                    0
                    1                   16                    0                   -1
                    1                   15                    0                   -1
                    1                   16                    0                    1
                    1                   19                    0                   -1
                    1                   17                    0                    1
                   20                   19                    0                    0
                    1                   18                    0                    1
                   20                   20                    0                    1
                   20                    1                    0                    0
                    1                   17                    0                   -1
                   19                    1                   -1                    0
                   20                    1                    1                    0
