                    1                    8                    0                    1
                    1                   11                    1                    0
                    1                   11                    0                    1
                    1                   12                    1                    0
                    2                    9                    1                    0
                    2                    9                    0                    1
                    2                   10                    1                    0
                    2                   11                    1                    0
                    2                   12                    1                    0
                    2                   17                    1                    0
                    2                   17                    0                    1
                    2                   18                    1                    0
                    3                    9                    1                    0
                    3                   11                    0                    1
                    3                   15                    1                    0
                    3                   15                    0                    1
                    3                   16                    1                    0
                    3                   17                    0                    1
                    4                    4                    1                    0
                    4                    4                    0                    1
                    4                    5                    0                    1
                    4                    6                    0                    1
                    4                    7                    0                    1
                    4                    8                    0                    1
                    4                   12                    1                    0
                    4                   12                    0                    1
                    4                   13                    1                    0
                    4                   15                    0                    1
                    5                    4                    1                    0
                    5                   12                    0                    1
                    6                    4                    1                    0
                    7                    4                    0                    1
                    7                    5                    1                    0
                    8                    5                    1                    0
                    9                    1                    0                    1
                    9                    2                    1                    0
                    9                    5                    1                    0
                    9                   20                    1                    0
                    9                   20                    0                    1
                   10                    1                    0                    1
                   10                    5                    0                    1
                   10                    6                    1                    0
                   10                   18                    1                    0
                   10                   18                    0                    1
                   10                   19                    1                    0
                   10                   20                    0                    1
                   11                    4                    1                    0
                   11                    4                    0                    1
                   11                    5                    0                    1
                   11                   18                    0                    1
                   12                    4                    1                    0
                   13                    3                    1                    0
                   13                    3                    0                    1
                   14                    1                    0                    1
                   14                    2                    1                    0
                   14                    3                    1                    0
                   14                   19                    1                    0
                   14                   19                    0                    1
                   14                   20                    0                    1
                   15                    2                    1                    0
                   15                    3                    0                    1
                   15                   19                    0                    1
                   15                   20                    1                    0
                   16                    1                    0                    1
                   16                    8                    1                    0
                   16                    8                    0                    1
                   16                    9                    0                    1
                   16                   10                    1                    0
                   16                   20                    0                    1
                   17                    8                    1                    0
                   17                    9                    1                    0
                   17                    9                    0                    1
                   18                    8                    0                    1
                   18                    9                    1                    0
                   18                    9                    0                    1
                   18                   10                    0                    1
                   18                   11                    0                    1
                   18                   12                    0                    1
                   19                    9                    1                    0
                   20                    9                    1                    0
                    1                    8
                   18                   13
