                    2                    1                    1                    0
                    2                    1                    0                    1
                    2                    2                    0                    1
                    2                    3                    1                    0
                    2                   19                    0                    1
                    2                   20                    1                    0
                    3                    1                    0                    1
                    3                    2                    0                    1
                    4                    1                    1                    0
                    4                   20                    1                    0
                    4                   20                    0                    1
                    5                    7                    1                    0
                    5                    7                    0                    1
                    5                    8                    1                    0
                    5                   20                    0                    1
                    6                    7                    0                    1
                   13                    7                    1                    0
                   13                    7                    0                    1
                   13                    8                    0                    1
                   13                    9                    1                    0
                   14                    7                    0                    1
                   14                    8                    0                    1
                   14                   18                    1                    0
                   14                   18                    0                    1
                   14                   19                    1                    0
                   15                   18                    0                    1
                   16                   12                    1                    0
                   16                   12                    0                    1
                   16                   13                    1                    0
                   17                   12                    0                    1
                   20                    6                    0                    1
                   20                    7
                    2                   19
