                    1                   20                   -1                    0
                    2                   20                    1                    0
                    2                   19                    0                   -1
                    2                   20                    0                    1
                   16                   20                    1                    0
                    2                   19                    0                   -1
                   15                   20                   -1                    0
                    2                   20                    0                    1
                   16                   20                    1                    0
                    3                   20                    1                    0
                    3                   19                    0                   -1
                   17                   20                    1                    0
                    3                   20                    0                    1
                    2                   20                   -1                    0
                    1                   20                   -1                    0
                   17                   19                    0                   -1
                   17                   18                    0                   -1
                   17                   19                    0                    1
                    2                   20                    1                    0
                   18                   19                    1                    0
                    2                    1                    0                    0
                   19                   19                    1                    0
                    3                    1                    1                    0
                    3                    2                    0                    1
                    3                    3                    0                    1
                    3                    4                    0                    1
                   19                   20                    0                    1
                    3                    3                    0                   -1
                    3                    4                    0                    1
                   18                   20                   -1                    0
                   19                   20                    1                    0
                   19                   19                    0                   -1
                   19                   18                    0                   -1
                   19                   17                    0                   -1
                    3                    3                    0                   -1
                    2                    3                   -1                    0
                   19                   18                    0                    1
                    1                    3                   -1                    0
                   19                   19                    0                    1
                   20                   19                    1                    0
                    1                    2                    0                   -1
                   20                   18                    0                   -1
                    1                    1                    0                   -1
                   20                    1                    0                    0
                   20                   20                    0                    0
                   20                   19                    0                    1
                   20                   18                    0                   -1
                   19                   18                   -1                    0
                   19                   19                    0                    1
                   19                   18                    0                   -1
                   19                   17                    0                   -1
                   19                   20                   -1                    0
                   19                   18                    0                    1
                   18                   18                   -1                    0
                   18                   19                    0                    1
                   19                    1                    0                    0
                   19                   20                    0                    0
                   17                   19                   -1                    0
                   18                   19                    1                    0
                   19                   19                    1                    0
                   19                   20                    0                    1
                   19                   19                    0                   -1
                   18                   19                   -1                    0
                   19                    1                    0                    0
                   20                    1                    1                    0
                   20                   20                    0                    0
                   20                    1                    0                    0
                   20                    2                    0                    1
                   20                    3                    0                    1
                   20                    4                    0                    1
                   18                   18                    0                   -1
                    1                    4                    0                    0
                   19                   18                    1                    0
                   20                   18                    1                    0
                   20                    4                    0                    0
                    1                   18                    0                    0
                   20                    5                    0                    1
                    1                    5                    0                    0
                   20                   18                    0                    0
                   20                    5                    0                    0
                    1                    5                    0                    0
                    1                    6                    0                    1
                   19                   18                   -1                    0
                    2                    6                    1                    0
                   20                   18                    1                    0
                    1                   18                    0                    0
                    1                    6                   -1                    0
                    1                   19                    0                    1
                    1                   18                    0                   -1
                   20                   18                    0                    0
                   19                   18                   -1                    0
                    1                    5                    0                   -1
                   19                   17                    0                   -1
                   19                   18                    0                    1
                    1                    6                    0                    1
                   18                   18                   -1                    0
                    1                    7                    0                    1
                   20                    7                    0                    0
                   19                   18                    1                    0
                   19                    7                   -1                    0
                   19                   17                    0                   -1
                   19                   16                    0                   -1
                   19                   15                    0                   -1
                   18                    7                   -1                    0
                   19                   14                    0                   -1
                   19                    7                    1                    0
                   18                   14                   -1                    0
                   19                   14                    1                    0
                   19                   15                    0                    1
                   20                   15                    1                    0
                   20                    7                    1                    0
                   19                   15                   -1                    0
                   19                    7                   -1                    0
                   20                   15                    1                    0
                   20                    7                    1                    0
                   19                   15                   -1                    0
                   20                   15                    1                    0
                    1                   15                    0                    0
                   19                    7                   -1                    0
                    1                   16                    0                    1
                   20                   16                    0                    0
                   20                   15                    0                   -1
                   20                    7                    1                    0
                   20                   16                    0                    1
                    1                   16                    0                    0
                   20                    8                    0                    1
                    1                   17                    0                    1
                    1                    8                    0                    0
                    1                   16                    0                   -1
                    1                   17                    0                    1
                    1                    7                    0                   -1
                    1                   16                    0                   -1
                    2                    7                    1                    0
                    3                    7                    1                    0
                   20                   16                    0                    0
                    2                    7                   -1                    0
                    1                   16                    0                    0
                    1                   17                    0                    1
                    3                    7                    1                    0
                    2                    7                   -1                    0
                    3                    7                    1                    0
                    1                   16                    0                   -1
                   20                   16                    0                    0
                   20                   15                    0                   -1
                    3                    6                    0                   -1
                    1                   15                    0                    0
                    1                   14                    0                   -1
                    4                    6                    1                    0
                    4                    5                    0                   -1
                    3                    5                   -1                    0
                    2                   14                    1                    0
                    3                    4                    0                   -1
                    2                   13                    0                   -1
                    1                   13                   -1                    0
                    1                   14                    0                    1
                    1                   15                    0                    1
                    1                   14                    0                   -1
                    3                    5                    0                    1
                    2                   14                    1                    0
                    4                    5                    1                    0
                    4                    4                    0                   -1
                    4                    5                    0                    1
                    4                    6                    0                    1
                    2                   15                    0                    1
                    3                    6                   -1                    0
                    4                    6                    1                    0
                    3                   15                    1                    0
