                   12                   13                    0                    1
                   13                    9                    1                    0
                   12                   12                    0                   -1
                   14                    9                    1                    0
                   12                   13                    0                    1
                   12                   14                    0                    1
                   15                    9                    1                    0
                   12                   13                    0                   -1
                   11                   13                   -1                    0
                   10                   13                   -1                    0
                    9                   13                   -1                    0
                   16                    9                    1                    0
                   16                   10                    0                    1
                    9                   14                    0                    1
                    9                   13                    0                   -1
                   16                    9                    0                   -1
                    9                   14                    0                    1
                   10                   14                    1                    0
                   16                    8                    0                   -1
                   15                    8                   -1                    0
                   10                   13                    0                   -1
                   10                   12                    0                   -1
                   14                    8                   -1                    0
                   13                    8                   -1                    0
                   10                   13                    0                    1
                   10                   14                    0                    1
                   10                   13                    0                   -1
                    9                   13                   -1                    0
                   14                    8                    1                    0
                   14                    7                    0                   -1
                   13                    7                   -1                    0
                    9                   12                    0                   -1
                   13                    8                    0                    1
                   10                   12                    1                    0
                   10                   11                    0                   -1
                   13                    7                    0                   -1
                   12                    7                   -1                    0
                   12                    8                    0                    1
                   10                   12                    0                    1
                   10                   13                    0                    1
                    9                   13                   -1                    0
                   11                    8                   -1                    0
                   12                    8                    1                    0
                   12                    7                    0                   -1
                   12                    8                    0                    1
                   12                    7                    0                   -1
                    8                   13                   -1                    0
                   12                    8                    0                    1
                   11                    8                   -1                    0
                   12                    8                    1                    0
                   11                    8                   -1                    0
                   11                    7                    0                   -1
                    8                   12                    0                   -1
                    8                   11                    0                   -1
                   12                    7                    1                    0
                    7                   11                   -1                    0
                    7                   10                    0                   -1
                   12                    8                    0                    1
                   12                    9                    0                    1
                    6                   10                   -1                    0
                   11                    9                   -1                    0
                   12                    9                    1                    0
                   12                    8                    0                   -1
                   11                    8                   -1                    0
                    5                   10                   -1                    0
                    5                    9                    0                   -1
                   12                    8                    1                    0
                    4                    9                   -1                    0
                    5                    9                    1                    0
                   12                    9                    0                    1
                   12                    8                    0                   -1
                    6                    9                    1                    0
                   11                    8                   -1                    0
                    6                   10                    0                    1
                   11                    7                    0                   -1
                    7                   10                    1                    0
                   11                    6                    0                   -1
                   11                    7                    0                    1
                    7                   11                    0                    1
                   11                    8                    0                    1
                    8                   11                    1                    0
                   11                    9                    0                    1
                    8                   12                    0                    1
                   11                    8                    0                   -1
                    8                   13                    0                    1
                    9                   13                    1                    0
                   11                    9                    0                    1
                    9                   12                    0                   -1
                   12                    9                    1                    0
                   12                    8                    0                   -1
                    8                   12                   -1                    0
                   12                    7                    0                   -1
                   11                    7                   -1                    0
                   12                    7                    1                    0
                    9                   12                    1                    0
                   12                    8                    0                    1
                   12                    9                    0                    1
                   12                   10                    0                    1
                   10                   12                    1                    0
                   10                   11                    0                   -1
                   12                    9                    0                   -1
                   10                   12                    0                    1
                   10                   13                    0                    1
                   13                    9                    1                    0
                   14                    9                    1                    0
                   14                   10                    0                    1
                   15                   10                    1                    0
                   14                   10                   -1                    0
                   15                   10                    1                    0
                    9                   13                   -1                    0
                    9                   14                    0                    1
                    9                   15                    0                    1
                   10                   15                    1                    0
                   16                   10                    1                    0
                    9                   15                   -1                    0
                    9                   16                    0                    1
                   15                   10                   -1                    0
                   15                   11                    0                    1
                    9                   15                    0                   -1
                   16                   11                    1                    0
                   15                   11                   -1                    0
                   10                   15                    1                    0
                   15                   10                    0                   -1
                   11                   15                    1                    0
                   14                   10                   -1                    0
                   12                   15                    1                    0
                   15                   10                    1                    0
                   15                   11                    0                    1
                   14                   11                   -1                    0
                   12                   16                    0                    1
                   14                   12                    0                    1
                   12                   15                    0                   -1
                   13                   15                    1                    0
                   15                   12                    1                    0
                   14                   15                    1                    0
                   14                   14                    0                   -1
                   14                   15                    0                    1
                   14                   16                    0                    1
                   15                   16                    1                    0
                   15                   11                    0                   -1
                   14                   11                   -1                    0
                   13                   11                   -1                    0
                   14                   16                   -1                    0
                   13                   12                    0                    1
                   13                   13                    0                    1
                   13                   14                    0                    1
                   14                   15                    0                   -1
                   13                   13                    0                   -1
                   15                   15                    1                    0
                   15                   14                    0                   -1
                   14                   14                   -1                    0
                   13                   14                    0                    1
                   13                   15                    0                    1
                   13                   16                    0                    1
