                    1                   11                    0                    0
                    1                   10                    0                   -1
                    1                   11                    0                    1
                    5                    7                    0                   -1
                    6                    7                    1                    0
                    1                   12                    0                    1
                    1                   13                    0                    1
                    1                   14                    0                    1
                    5                    7                   -1                    0
                    4                    7                   -1                    0
                    1                   13                    0                   -1
                    1                   12                    0                   -1
                    4                    6                    0                   -1
                    4                    7                    0                    1
                   20                   12                    0                    0
                    4                    6                    0                   -1
                    5                    6                    1                    0
                    5                    7                    0                    1
                    5                    8                    0                    1
                    5                    7                    0                   -1
                    4                    7                   -1                    0
                   19                   12                   -1                    0
                   18                   12                   -1                    0
                    5                    7                    1                    0
                    6                    7                    1                    0
                   17                   12                   -1                    0
                   18                   12                    1                    0
                    5                    7                   -1                    0
                   18                   13                    0                    1
                   19                   13                    1                    0
                    5                    8                    0                    1
                   18                   13                   -1                    0
                   18                   14                    0                    1
                   19                   14                    1                    0
                   18                   14                   -1                    0
                   18                   15                    0                    1
                    5                    9                    0                    1
                   18                   14                    0                   -1
                    4                    9                   -1                    0
                   18                   15                    0                    1
                   18                   16                    0                    1
                    4                   10                    0                    1
                    3                   10                   -1                    0
                    2                   10                   -1                    0
                   17                   16                   -1                    0
                    2                    9                    0                   -1
                   18                   16                    1                    0
                    2                   10                    0                    1
                   17                   16                   -1                    0
                    3                   10                    1                    0
                   18                   16                    1                    0
                    2                   10                   -1                    0
                   18                   17                    0                    1
                   18                   18                    0                    1
                    2                   11                    0                    1
                   19                   18                    1                    0
                    3                   11                    1                    0
                    4                   11                    1                    0
                    4                   12                    0                    1
                    5                   12                    1                    0
                    5                   11                    0                   -1
                   18                   18                   -1                    0
                   18                   17                    0                   -1
                    5                   12                    0                    1
                    6                   12                    1                    0
                    7                   12                    1                    0
                   18                   16                    0                   -1
                    8                   12                    1                    0
                   19                   16                    1                    0
                   18                   16                   -1                    0
                   18                   17                    0                    1
                    7                   12                   -1                    0
                   18                   16                    0                   -1
                    6                   12                   -1                    0
                    6                   13                    0                    1
                   18                   15                    0                   -1
                    6                   12                    0                   -1
                   17                   15                   -1                    0
                   17                   14                    0                   -1
                   16                   14                   -1                    0
                   17                   14                    1                    0
                    7                   12                    1                    0
                    7                   11                    0                   -1
                    8                   11                    1                    0
                   17                   13                    0                   -1
                    7                   11                   -1                    0
                   17                   12                    0                   -1
                   17                   11                    0                   -1
                    7                   12                    0                    1
                    6                   12                   -1                    0
                    6                   11                    0                   -1
                   17                   12                    0                    1
                    6                   12                    0                    1
                    6                   11                    0                   -1
                    5                   11                   -1                    0
                   17                   13                    0                    1
                    6                   11                    1                    0
                    6                   12                    0                    1
                    5                   12                   -1                    0
                   17                   14                    0                    1
                    4                   12                   -1                    0
                   16                   14                   -1                    0
                    4                   11                    0                   -1
                   17                   14                    1                    0
                    3                   11                   -1                    0
                   17                   15                    0                    1
                   18                   15                    1                    0
                   18                   14                    0                   -1
                    4                   11                    1                    0
