                    1                    1                    0                    1
                    1                    3                    1                    0
                    1                    3                    0                    1
                    1                    4                    0                    1
                    1                    6                    1                    0
                    1                    7                    1                    0
                    1                    7                    0                    1
                    1                   11                    1                    0
                    1                   11                    0                    1
                    1                   13                    0                    1
                    1                   17                    0                    1
                    1                   19                    0                    1
                    1                   20                    1                    0
                    1                   20                    0                    1
                    2                    1                    1                    0
                    2                    2                    1                    0
                    2                    2                    0                    1
                    2                    3                    0                    1
                    2                    4                    1                    0
                    2                    5                    1                    0
                    2                    5                    0                    1
                    2                    6                    1                    0
                    2                    6                    0                    1
                    2                   11                    1                    0
                    2                   16                    1                    0
                    2                   16                    0                    1
                    2                   17                    1                    0
                    2                   18                    1                    0
                    2                   18                    0                    1
                    2                   19                    0                    1
                    2                   20                    1                    0
                    2                   20                    0                    1
                    3                    1                    0                    1
                    3                    4                    0                    1
                    3                    6                    0                    1
                    3                    7                    1                    0
                    3                    8                    1                    0
                    3                    8                    0                    1
                    3                    9                    0                    1
                    3                   10                    0                    1
                    3                   16                    1                    0
                    3                   17                    0                    1
                    3                   19                    1                    0
                    3                   19                    0                    1
                    4                    1                    0                    1
                    4                    2                    0                    1
                    4                    3                    0                    1
                    4                    4                    1                    0
                    4                    7                    0                    1
                    4                    9                    1                    0
                    4                    9                    0                    1
                    4                   10                    0                    1
                    4                   11                    1                    0
                    4                   12                    1                    0
                    4                   12                    0                    1
                    4                   13                    0                    1
                    4                   14                    0                    1
                    4                   15                    1                    0
                    4                   16                    0                    1
                    4                   17                    0                    1
                    4                   18                    0                    1
                    4                   19                    1                    0
                    4                   19                    0                    1
                    4                   20                    0                    1
                    5                    1                    1                    0
                    5                    4                    0                    1
                    5                    5                    1                    0
                    5                    8                    1                    0
                    5                    8                    0                    1
                    5                   11                    0                    1
                    5                   15                    1                    0
                    5                   16                    1                    0
                    5                   16                    0                    1
                    5                   17                    0                    1
                    5                   18                    1                    0
                    5                   19                    1                    0
                    5                   20                    1                    0
                    5                   20                    0                    1
                    6                    1                    1                    0
                    6                    1                    0                    1
                    6                    2                    1                    0
                    6                    5                    1                    0
                    6                    7                    1                    0
                    6                    7                    0                    1
                    6                    9                    1                    0
                    6                    9                    0                    1
                    6                   10                    1                    0
                    6                   13                    1                    0
                    6                   13                    0                    1
                    6                   14                    0                    1
                    6                   15                    1                    0
                    6                   15                    0                    1
                    6                   18                    1                    0
                    6                   19                    0                    1
                    6                   20                    1                    0
                    6                   20                    0                    1
                    7                    1                    0                    1
                    7                    4                    1                    0
                    7                    5                    1                    0
                    7                    7                    0                    1
                    7                    8                    0                    1
                    7                   10                    1                    0
                    7                   11                    1                    0
                    7                   11                    0                    1
                    7                   12                    0                    1
                    7                   15                    0                    1
                    7                   16                    0                    1
                    7                   17                    0                    1
                    7                   19                    1                    0
                    7                   19                    0                    1
                    8                    4                    0                    1
                    8                    8                    1                    0
                    8                    8                    0                    1
                    8                    9                    0                    1
                    8                   11                    0                    1
                    8                   12                    0                    1
                    8                   13                    1                    0
                    8                   16                    1                    0
                    8                   16                    0                    1
                    8                   17                    1                    0
                    8                   19                    0                    1
                    8                   20                    1                    0
                    9                    5                    1                    0
                    9                    5                    0                    1
                    9                    6                    1                    0
                    9                    8                    0                    1
                    9                    9                    0                    1
                    9                   10                    0                    1
                    9                   11                    0                    1
                    9                   12                    1                    0
                    9                   13                    1                    0
                    9                   16                    1                    0
                    9                   17                    1                    0
                    9                   18                    1                    0
                    9                   18                    0                    1
                    9                   19                    1                    0
                    9                   20                    1                    0
                   10                    1                    1                    0
                   10                    1                    0                    1
                   10                    2                    1                    0
                   10                    4                    1                    0
                   10                    4                    0                    1
                   10                    5                    1                    0
                   10                    5                    0                    1
                   10                    7                    1                    0
                   10                    7                    0                    1
                   10                    8                    1                    0
                   10                    9                    1                    0
                   10                    9                    0                    1
                   10                   10                    0                    1
                   10                   11                    1                    0
                   10                   12                    0                    1
                   10                   16                    0                    1
                   10                   18                    1                    0
                   10                   19                    1                    0
                   10                   20                    1                    0
                   11                    2                    1                    0
                   11                    4                    0                    1
                   11                    7                    0                    1
                   11                    8                    1                    0
                   11                    8                    0                    1
                   11                    9                    1                    0
                   11                    9                    0                    1
                   11                   10                    1                    0
                   11                   11                    0                    1
                   11                   12                    0                    1
                   11                   13                    0                    1
                   11                   14                    0                    1
                   11                   15                    1                    0
                   11                   17                    1                    0
                   11                   17                    0                    1
                   11                   18                    1                    0
                   11                   18                    0                    1
                   11                   20                    0                    1
                   12                    1                    1                    0
                   12                    2                    0                    1
                   12                    3                    0                    1
                   12                    4                    0                    1
                   12                    5                    0                    1
                   12                    6                    1                    0
                   12                    8                    1                    0
                   12                    9                    1                    0
                   12                   10                    1                    0
                   12                   11                    1                    0
                   12                   11                    0                    1
                   12                   12                    0                    1
                   12                   13                    1                    0
                   12                   15                    1                    0
                   12                   17                    0                    1
                   12                   18                    1                    0
                   12                   18                    0                    1
                   12                   19                    0                    1
                   12                   20                    0                    1
                   13                    2                    1                    0
                   13                    2                    0                    1
                   13                    3                    0                    1
                   13                    4                    0                    1
                   13                    5                    1                    0
                   13                    6                    1                    0
                   13                    8                    0                    1
                   13                   10                    0                    1
                   13                   13                    0                    1
                   13                   14                    1                    0
                   13                   15                    1                    0
                   13                   17                    1                    0
                   13                   17                    0                    1
                   13                   19                    1                    0
                   13                   19                    0                    1
                   13                   20                    0                    1
                   14                    1                    0                    1
                   14                    2                    1                    0
                   14                    2                    0                    1
                   14                    3                    1                    0
                   14                    5                    0                    1
                   14                   11                    1                    0
                   14                   11                    0                    1
                   14                   12                    0                    1
                   14                   13                    1                    0
                   14                   14                    1                    0
                   14                   15                    1                    0
                   14                   17                    0                    1
                   14                   18                    1                    0
                   14                   19                    1                    0
                   14                   20                    1                    0
                   14                   20                    0                    1
                   15                    1                    0                    1
                   15                    3                    1                    0
                   15                    5                    1                    0
                   15                    5                    0                    1
                   15                    6                    0                    1
                   15                    7                    1                    0
                   15                   10                    1                    0
                   15                   10                    0                    1
                   15                   11                    1                    0
                   15                   11                    0                    1
                   15                   12                    0                    1
                   15                   13                    1                    0
                   15                   13                    0                    1
                   15                   15                    1                    0
                   15                   16                    1                    0
                   15                   16                    0                    1
                   15                   17                    0                    1
                   15                   18                    1                    0
                   15                   18                    0                    1
                   15                   20                    0                    1
                   16                    1                    0                    1
                   16                    2                    0                    1
                   16                    5                    0                    1
                   16                    6                    1                    0
                   16                    7                    1                    0
                   16                    9                    1                    0
                   16                    9                    0                    1
                   16                   11                    0                    1
                   16                   12                    0                    1
                   16                   14                    1                    0
                   16                   14                    0                    1
                   16                   15                    1                    0
                   16                   15                    0                    1
                   16                   18                    0                    1
                   16                   19                    1                    0
                   16                   20                    1                    0
                   16                   20                    0                    1
                   17                    1                    1                    0
                   17                    2                    1                    0
                   17                    2                    0                    1
                   17                    3                    0                    1
                   17                    4                    0                    1
                   17                    5                    0                    1
                   17                    6                    0                    1
                   17                    9                    0                    1
                   17                   10                    0                    1
                   17                   11                    1                    0
                   17                   13                    0                    1
                   17                   15                    0                    1
                   17                   16                    1                    0
                   17                   19                    0                    1
                   17                   20                    1                    0
                   17                   20                    0                    1
                   18                    1                    1                    0
                   18                    2                    1                    0
                   18                    5                    1                    0
                   18                    5                    0                    1
                   18                    6                    1                    0
                   18                    7                    1                    0
                   18                    7                    0                    1
                   18                    8                    1                    0
                   18                   11                    0                    1
                   18                   12                    0                    1
                   18                   13                    0                    1
                   18                   14                    1                    0
                   18                   16                    0                    1
                   18                   17                    1                    0
                   18                   20                    1                    0
                   19                    1                    1                    0
                   19                    2                    1                    0
                   19                    5                    0                    1
                   19                    6                    1                    0
                   19                    6                    0                    1
                   19                    7                    1                    0
                   19                    7                    0                    1
                   19                    9                    1                    0
                   19                    9                    0                    1
                   19                   10                    0                    1
                   19                   11                    1                    0
                   19                   12                    1                    0
                   19                   12                    0                    1
                   19                   13                    0                    1
                   19                   17                    0                    1
                   19                   18                    0                    1
                   19                   19                    0                    1
                   20                    2                    1                    0
                   20                    5                    1                    0
                   20                    5                    0                    1
                   20                    6                    1                    0
                   20                    6                    0                    1
                   20                    8                    1                    0
                   20                    8                    0                    1
                   20                   11                    0                    1
                   20                   12                    1                    0
                   20                   12                    0                    1
                   20                   13                    1                    0
                   20                   14                    1                    0
                   20                   14                    0                    1
                   20                   15                    0                    1
                   20                   16                    0                    1
                   20                   17                    1                    0
                   20                   18                    1                    0
                   20                   18                    0                    1
                   20                   19                    1                    0
                   20                   20                    1                    0
                   20                   20                    0                    1
                   17                    6
                   17                   13
