                   14                    6                    0                   -1
                   14                    7                    0                    1
                   13                    7                   -1                    0
                   12                    7                   -1                    0
                   13                    7                    1                    0
                   14                    7                    1                    0
                   16                   15                    0                    1
                   16                   14                    0                   -1
                   15                   14                   -1                    0
                   15                   15                    0                    1
                   15                   14                    0                   -1
                   15                    7                    1                    0
                   15                   15                    0                    1
                   14                   15                   -1                    0
                   14                   14                    0                   -1
                   14                   15                    0                    1
                   13                   15                   -1                    0
                   14                   15                    1                    0
                   15                   15                    1                    0
                   16                    7                    1                    0
                   16                    8                    0                    1
                   15                   14                    0                   -1
                   16                    9                    0                    1
                   15                   15                    0                    1
                   15                   14                    0                   -1
                   16                   14                    1                    0
                   17                    9                    1                    0
                   18                    9                    1                    0
                   19                    9                    1                    0
                   16                   15                    0                    1
                   17                   15                    1                    0
                   18                   15                    1                    0
                   20                    9                    1                    0
                   19                   15                    1                    0
                   19                   14                    0                   -1
                   19                   15                    0                    1
                   19                   14                    0                   -1
                   19                    9                   -1                    0
                   19                   15                    0                    1
                   19                   14                    0                   -1
                   19                   15                    0                    1
                   18                    9                   -1                    0
                   17                    9                   -1                    0
                   18                    9                    1                    0
                   18                   15                   -1                    0
                   18                   10                    0                    1
                   17                   15                   -1                    0
                   16                   15                   -1                    0
                   16                   14                    0                   -1
                   15                   14                   -1                    0
                   15                   15                    0                    1
                   15                   14                    0                   -1
                   19                   10                    1                    0
                   20                   10                    1                    0
                   20                   11                    0                    1
                   20                   10                    0                   -1
                   15                   13                    0                   -1
                   20                   11                    0                    1
                   15                   14                    0                    1
                   20                   10                    0                   -1
                   16                   14                    1                    0
                   19                   10                   -1                    0
                   19                   11                    0                    1
                   19                   12                    0                    1
                   20                   12                    1                    0
                   16                   15                    0                    1
                   16                   16                    0                    1
                   20                   11                    0                   -1
                   20                   12                    0                    1
                   16                   17                    0                    1
                    1                   12                    0                    0
                   17                   17                    1                    0
                   18                   17                    1                    0
                   17                   17                   -1                    0
                    1                   13                    0                    1
                   16                   17                   -1                    0
                    1                   12                    0                   -1
                   15                   17                   -1                    0
                    2                   12                    1                    0
                    1                   12                   -1                    0
                   15                   16                    0                   -1
                   14                   16                   -1                    0
                    1                   13                    0                    1
                   15                   16                    1                    0
                   14                   16                   -1                    0
                    1                   14                    0                    1
                   20                   14                    0                    0
                    1                   14                    0                    0
                   13                   16                   -1                    0
                   14                   16                    1                    0
                   13                   16                   -1                    0
                   12                   16                   -1                    0
                    1                   15                    0                    1
                   12                   17                    0                    1
                    1                   14                    0                   -1
                   13                   17                    1                    0
                    1                   13                    0                   -1
                   14                   17                    1                    0
                    1                   12                    0                   -1
                    1                   13                    0                    1
                   20                   13                    0                    0
                   20                   14                    0                    1
                   14                   18                    0                    1
                   14                   17                    0                   -1
                   13                   17                   -1                    0
                    1                   14                    0                    0
                   12                   17                   -1                    0
                   20                   14                    0                    0
                   20                   13                    0                   -1
                   11                   17                   -1                    0
                   12                   17                    1                    0
                   12                   16                    0                   -1
                   13                   16                    1                    0
                   20                   12                    0                   -1
                   19                   12                   -1                    0
                   18                   12                   -1                    0
                   14                   16                    1                    0
                   19                   12                    1                    0
                   19                   11                    0                   -1
                   14                   17                    0                    1
                   14                   16                    0                   -1
                   19                   10                    0                   -1
                   13                   16                   -1                    0
