                    3                    5                    1                    0
                    3                   14                    1                    0
                    4                    5                    0                    1
                    4                    6                    0                    1
                    4                    7                    0                    1
                    4                    8                    1                    0
                    4                   14                    0                    1
                    5                    7                    1                    0
                    5                    7                    0                    1
                    3                   14
                    3                    5
