                    1                    2                    1                    0
                    1                    2                    0                    1
                    1                    3                    1                    0
                    1                    4                    1                    0
                    1                    7                    0                    1
                    1                    8                    0                    1
                    1                    9                    1                    0
                    1                   10                    1                    0
                    1                   12                    1                    0
                    1                   12                    0                    1
                    1                   16                    1                    0
                    1                   18                    0                    1
                    1                   19                    0                    1
                    1                   20                    1                    0
                    2                    1                    0                    1
                    2                    4                    1                    0
                    2                    9                    0                    1
                    2                   12                    1                    0
                    2                   15                    1                    0
                    2                   15                    0                    1
                    2                   18                    1                    0
                    2                   18                    0                    1
                    2                   19                    0                    1
                    2                   20                    1                    0
                    2                   20                    0                    1
                    3                    3                    1                    0
                    3                    3                    0                    1
                    3                    4                    1                    0
                    3                    4                    0                    1
                    3                    5                    1                    0
                    3                    7                    1                    0
                    3                    7                    0                    1
                    3                    8                    0                    1
                    3                    9                    1                    0
                    3                   12                    1                    0
                    3                   13                    1                    0
                    3                   13                    0                    1
                    3                   14                    0                    1
                    3                   15                    1                    0
                    3                   15                    0                    1
                    3                   16                    1                    0
                    3                   18                    1                    0
                    3                   20                    1                    0
                    4                    3                    1                    0
                    4                    4                    1                    0
                    4                    5                    0                    1
                    4                    6                    1                    0
                    4                    7                    0                    1
                    4                    8                    0                    1
                    4                   12                    1                    0
                    4                   13                    1                    0
                    4                   15                    1                    0
                    4                   16                    1                    0
                    4                   17                    1                    0
                    4                   17                    0                    1
                    4                   20                    1                    0
                    5                    1                    1                    0
                    5                    3                    0                    1
                    5                    4                    1                    0
                    5                    4                    0                    1
                    5                    5                    1                    0
                    5                    6                    1                    0
                    5                   12                    0                    1
                    5                   15                    0                    1
                    5                   17                    1                    0
                    5                   20                    0                    1
                    6                    1                    0                    1
                    6                    2                    0                    1
                    6                    3                    1                    0
                    6                    4                    1                    0
                    6                    5                    0                    1
                    6                   17                    1                    0
                    6                   19                    1                    0
                    6                   19                    0                    1
                    6                   20                    1                    0
                    7                    3                    0                    1
                    7                   12                    1                    0
                    7                   12                    0                    1
                    7                   13                    1                    0
                    7                   17                    1                    0
                    7                   19                    1                    0
                    7                   20                    1                    0
                    8                    2                    1                    0
                    8                    2                    0                    1
                    8                    3                    1                    0
                    8                    4                    1                    0
                    8                    4                    0                    1
                    8                    5                    0                    1
                    8                    6                    0                    1
                    8                    7                    1                    0
                    8                    8                    1                    0
                    8                    8                    0                    1
                    8                    9                    1                    0
                    8                   12                    1                    0
                    8                   13                    0                    1
                    8                   14                    1                    0
                    8                   17                    0                    1
                    8                   18                    0                    1
                    8                   20                    1                    0
                    9                    2                    0                    1
                    9                    4                    0                    1
                    9                    5                    1                    0
                    9                    6                    1                    0
                    9                    6                    0                    1
                    9                    8                    1                    0
                    9                    9                    1                    0
                    9                   10                    1                    0
                    9                   10                    0                    1
                    9                   11                    0                    1
                    9                   14                    1                    0
                    9                   20                    1                    0
                   10                    5                    0                    1
                   10                    6                    1                    0
                   10                    6                    0                    1
                   10                    7                    0                    1
                   10                    9                    0                    1
                   10                   14                    0                    1
                   10                   15                    1                    0
                   10                   16                    1                    0
                   10                   16                    0                    1
                   10                   17                    1                    0
                   10                   20                    1                    0
                   11                    1                    1                    0
                   11                    1                    0                    1
                   11                    2                    1                    0
                   11                    4                    1                    0
                   11                    4                    0                    1
                   11                    5                    0                    1
                   11                   15                    1                    0
                   11                   16                    1                    0
                   11                   17                    1                    0
                   11                   20                    1                    0
                   12                    1                    1                    0
                   12                    1                    0                    1
                   12                    2                    1                    0
                   12                    2                    0                    1
                   12                    3                    0                    1
                   12                   15                    1                    0
                   12                   16                    0                    1
                   12                   20                    0                    1
                   13                    1                    1                    0
                   13                    1                    0                    1
                   13                   14                    1                    0
                   13                   14                    0                    1
                   13                   18                    1                    0
                   13                   18                    0                    1
                   13                   19                    1                    0
                   13                   20                    1                    0
                   13                   20                    0                    1
                   14                    1                    0                    1
                   14                    2                    1                    0
                   14                    5                    1                    0
                   14                    5                    0                    1
                   14                    6                    1                    0
                   14                    8                    1                    0
                   14                    8                    0                    1
                   14                   14                    0                    1
                   14                   15                    1                    0
                   14                   18                    1                    0
                   14                   19                    1                    0
                   14                   20                    1                    0
                   15                    1                    0                    1
                   15                    6                    1                    0
                   15                    8                    1                    0
                   15                    9                    1                    0
                   15                    9                    0                    1
                   15                   10                    1                    0
                   15                   15                    1                    0
                   15                   18                    0                    1
                   15                   20                    0                    1
                   16                    2                    1                    0
                   16                    2                    0                    1
                   16                    3                    1                    0
                   16                    6                    1                    0
                   16                    8                    0                    1
                   16                    9                    1                    0
                   16                    9                    0                    1
                   16                   12                    1                    0
                   16                   12                    0                    1
                   16                   13                    0                    1
                   16                   14                    1                    0
                   16                   15                    1                    0
                   16                   18                    1                    0
                   16                   18                    0                    1
                   16                   19                    1                    0
                   17                    2                    1                    0
                   17                    3                    1                    0
                   17                    6                    1                    0
                   17                    9                    1                    0
                   17                   12                    1                    0
                   17                   14                    1                    0
                   17                   15                    1                    0
                   17                   18                    0                    1
                   18                    2                    1                    0
                   18                    3                    1                    0
                   18                    4                    1                    0
                   18                    4                    0                    1
                   18                    5                    1                    0
                   18                    6                    0                    1
                   18                    7                    1                    0
                   18                    9                    0                    1
                   18                   10                    1                    0
                   18                   12                    1                    0
                   18                   14                    0                    1
                   18                   18                    1                    0
                   18                   18                    0                    1
                   18                   19                    0                    1
                   18                   20                    1                    0
                   19                    1                    0                    1
                   19                    3                    0                    1
                   19                    5                    0                    1
                   19                    6                    1                    0
                   19                    7                    0                    1
                   19                    8                    0                    1
                   19                    9                    0                    1
                   19                   12                    1                    0
                   19                   18                    1                    0
                   19                   20                    0                    1
                   20                    4                    1                    0
                   20                    4                    0                    1
                   20                    5                    0                    1
                   20                    7                    1                    0
                   20                   10                    1                    0
                   20                   10                    0                    1
                   20                   11                    0                    1
                   20                   13                    1                    0
                   20                   13                    0                    1
                   20                   14                    0                    1
                   20                   15                    0                    1
                   20                   16                    1                    0
                   20                   18                    1                    0
                    2                    3
                   20                    7
