                   14                    5                    0                    1
                   18                   12                    1                    0
                   17                   12                   -1                    0
                   15                    5                    1                    0
                   16                    5                    1                    0
                   15                    5                   -1                    0
                   18                   12                    1                    0
                   14                    5                   -1                    0
                   17                   12                   -1                    0
                   17                   13                    0                    1
                   14                    4                    0                   -1
                   14                    5                    0                    1
                   15                    5                    1                    0
                   16                   13                   -1                    0
                   17                   13                    1                    0
                   15                    4                    0                   -1
                   18                   13                    1                    0
                   17                   13                   -1                    0
                   16                    4                    1                    0
                   17                   14                    0                    1
                   15                    4                   -1                    0
                   15                    3                    0                   -1
                   16                   14                   -1                    0
                   15                    4                    0                    1
                   15                    5                    0                    1
                   16                   13                    0                   -1
                   16                   14                    0                    1
                   15                    6                    0                    1
                   16                   15                    0                    1
                   16                   16                    0                    1
                   15                    5                    0                   -1
                   16                   15                    0                   -1
                   15                    6                    0                    1
                   16                   14                    0                   -1
                   16                   13                    0                   -1
                   16                    6                    1                    0
                   16                    7                    0                    1
                   15                    7                   -1                    0
                   15                    6                    0                   -1
                   15                   13                   -1                    0
                   16                   13                    1                    0
                   16                   14                    0                    1
                   16                   13                    0                   -1
                   14                    6                   -1                    0
                   15                    6                    1                    0
                   17                   13                    1                    0
                   15                    7                    0                    1
                   18                   13                    1                    0
                   17                   13                   -1                    0
                   16                   13                   -1                    0
                   16                   12                    0                   -1
                   16                   13                    0                    1
                   17                   13                    1                    0
                   17                   12                    0                   -1
                   17                   11                    0                   -1
                   16                    7                    1                    0
                   17                   10                    0                   -1
                   17                    9                    0                   -1
                   18                    9                    1                    0
                   16                    6                    0                   -1
                   17                    9                   -1                    0
                   17                   10                    0                    1
                   18                   10                    1                    0
                   17                   10                   -1                    0
                   17                    6                    1                    0
                   16                    6                   -1                    0
                   17                   11                    0                    1
                   15                    6                   -1                    0
                   14                    6                   -1                    0
                   15                    6                    1                    0
                   16                    6                    1                    0
                   17                   10                    0                   -1
                   17                   11                    0                    1
                   17                   12                    0                    1
                   17                    6                    1                    0
                   17                    5                    0                   -1
                   17                   13                    0                    1
                   17                   14                    0                    1
                   16                    5                   -1                    0
                   17                    5                    1                    0
                   17                    6                    0                    1
                   18                    6                    1                    0
                   19                    6                    1                    0
                   18                    6                   -1                    0
                   17                   15                    0                    1
                   17                    6                   -1                    0
                   18                   15                    1                    0
                   17                   15                   -1                    0
                   17                   14                    0                   -1
                   17                   15                    0                    1
