                    5                    6                    1                    0
                    5                    7                    0                    1
                    2                   15                   -1                    0
                    5                    6                    0                   -1
                    5                    5                    0                   -1
                    5                    4                    0                   -1
                    6                    4                    1                    0
                    6                    3                    0                   -1
                    3                   15                    1                    0
                    4                   15                    1                    0
                    4                   16                    0                    1
                    5                   16                    1                    0
                    5                   15                    0                   -1
                    4                   15                   -1                    0
                    5                   15                    1                    0
                    6                    4                    0                    1
                    5                   16                    0                    1
                    6                   16                    1                    0
                    5                   16                   -1                    0
                    5                   17                    0                    1
                    5                    4                   -1                    0
                    4                   17                   -1                    0
                    4                   16                    0                   -1
                    6                    4                    1                    0
                    5                    4                   -1                    0
                    4                   15                    0                   -1
                    4                    4                   -1                    0
                    4                    3                    0                   -1
                    4                   14                    0                   -1
                    5                    3                    1                    0
                    4                    3                   -1                    0
                    4                    4                    0                    1
                    3                   14                   -1                    0
                    3                   13                    0                   -1
                    5                    4                    1                    0
                    4                   13                    1                    0
                    5                    3                    0                   -1
                    4                    3                   -1                    0
                    4                   14                    0                    1
                    4                    2                    0                   -1
                    5                   14                    1                    0
                    4                    3                    0                    1
                    5                   15                    0                    1
                    3                    3                   -1                    0
                    4                   15                   -1                    0
                    4                   16                    0                    1
                    4                    3                    1                    0
                    3                    3                   -1                    0
                    4                    3                    1                    0
                    3                   16                   -1                    0
                    5                    3                    1                    0
                    3                   17                    0                    1
                    5                    2                    0                   -1
                    5                    3                    0                    1
                    3                   18                    0                    1
                    5                    4                    0                    1
                    3                   19                    0                    1
                    3                   18                    0                   -1
                    3                   17                    0                   -1
                    6                    4                    1                    0
                    6                    5                    0                    1
                    6                    6                    0                    1
                    7                    6                    1                    0
                    2                   17                   -1                    0
                    3                   17                    1                    0
                    3                   18                    0                    1
                    6                    6                   -1                    0
                    3                   19                    0                    1
                    6                    5                    0                   -1
                    7                    5                    1                    0
                    6                    5                   -1                    0
                    6                    4                    0                   -1
                    3                   18                    0                   -1
                    6                    3                    0                   -1
                    6                    4                    0                    1
                    3                   19                    0                    1
                    7                    4                    1                    0
                    6                    4                   -1                    0
                    3                   18                    0                   -1
                    4                   18                    1                    0
                    7                    4                    1                    0
                    7                    5                    0                    1
                    8                    5                    1                    0
                    4                   17                    0                   -1
                    8                    6                    0                    1
                    4                   16                    0                   -1
                    5                   16                    1                    0
                    4                   16                   -1                    0
                    9                    6                    1                    0
                    9                    7                    0                    1
                    4                   17                    0                    1
                    3                   17                   -1                    0
                   10                    7                    1                    0
                    2                   17                   -1                    0
                   11                    7                    1                    0
                    1                   17                   -1                    0
                    1                   18                    0                    1
                    1                   19                    0                    1
                    1                   20                    0                    1
                    1                    1                    0                    0
                    2                    1                    1                    0
                   11                    6                    0                   -1
                    2                   20                    0                    0
                   11                    7                    0                    1
                   11                    8                    0                    1
                    3                   20                    1                    0
                    4                   20                    1                    0
                   12                    8                    1                    0
                   12                    9                    0                    1
                    5                   20                    1                    0
                    5                   19                    0                   -1
                    5                   20                    0                    1
                    5                   19                    0                   -1
                   12                   10                    0                    1
                   12                    9                    0                   -1
                   12                   10                    0                    1
                   11                   10                   -1                    0
                    4                   19                   -1                    0
                   11                    9                    0                   -1
                    4                   18                    0                   -1
                   11                    8                    0                   -1
                   11                    7                    0                   -1
                   10                    7                   -1                    0
                    5                   18                    1                    0
                   11                    7                    1                    0
                   10                    7                   -1                    0
                    9                    7                   -1                    0
                    8                    7                   -1                    0
                    4                   18                   -1                    0
                    8                    8                    0                    1
                    8                    7                    0                   -1
                    5                   18                    1                    0
                    5                   17                    0                   -1
                    8                    8                    0                    1
                    8                    9                    0                    1
                    7                    9                   -1                    0
                    6                    9                   -1                    0
                    5                    9                   -1                    0
                    5                   16                    0                   -1
                    6                   16                    1                    0
                    5                   16                   -1                    0
                    5                   15                    0                   -1
                    4                    9                   -1                    0
                    3                    9                   -1                    0
                    5                   16                    0                    1
                    4                    9                    1                    0
                    4                   10                    0                    1
                    3                   10                   -1                    0
                    5                   15                    0                   -1
                    4                   15                   -1                    0
                    4                   10                    1                    0
                    4                    9                    0                   -1
                    5                   15                    1                    0
                    6                   15                    1                    0
                    6                   14                    0                   -1
                    5                    9                    1                    0
                    6                   15                    0                    1
                    5                   10                    0                    1
                    5                   11                    0                    1
                    5                   15                   -1                    0
                    5                   14                    0                   -1
                    5                   10                    0                   -1
                    5                   15                    0                    1
                    6                   15                    1                    0
                    6                   10                    1                    0
                    5                   10                   -1                    0
                    4                   10                   -1                    0
                    5                   15                   -1                    0
                    3                   10                   -1                    0
                    4                   10                    1                    0
                    4                   15                   -1                    0
                    5                   10                    1                    0
