                    8                   16                    0                   -1
                    8                   17                    0                    1
                   15                    8                    0                    1
                    8                   16                    0                   -1
                    9                   16                    1                    0
                   15                    7                    0                   -1
                   15                    8                    0                    1
                   15                    7                    0                   -1
                    8                   16                   -1                    0
                   16                    7                    1                    0
                   16                    8                    0                    1
                   16                    7                    0                   -1
                   15                    7                   -1                    0
                    9                   16                    1                    0
                    8                   16                   -1                    0
                    9                   16                    1                    0
                    8                   16                   -1                    0
                    9                   16                    1                    0
                    9                   17                    0                    1
                   16                    7                    1                    0
                    8                   17                   -1                    0
                   16                    8                    0                    1
                    9                   17                    1                    0
                    9                   16                    0                   -1
                   10                   16                    1                    0
                   16                    7                    0                   -1
                   10                   17                    0                    1
                   10                   16                    0                   -1
                   11                   16                    1                    0
                   16                    8                    0                    1
                   16                    7                    0                   -1
                   11                   17                    0                    1
                   15                    7                   -1                    0
                   16                    7                    1                    0
                   16                    6                    0                   -1
                   16                    7                    0                    1
                   16                    6                    0                   -1
                   17                    6                    1                    0
                   16                    6                   -1                    0
                   11                   18                    0                    1
                   16                    7                    0                    1
                   15                    7                   -1                    0
                   14                    7                   -1                    0
                   14                    8                    0                    1
                   10                   18                   -1                    0
                   14                    7                    0                   -1
                   10                   19                    0                    1
                   14                    8                    0                    1
                   13                    8                   -1                    0
                   10                   20                    0                    1
                    9                   20                   -1                    0
                    9                    1                    0                    0
                   13                    9                    0                    1
                    8                    1                   -1                    0
                   13                   10                    0                    1
                    9                    1                    1                    0
                   13                    9                    0                   -1
                   13                    8                    0                   -1
                    9                   20                    0                    0
                   14                    8                    1                    0
                    8                   20                   -1                    0
                    9                   20                    1                    0
                   14                    7                    0                   -1
                   15                    7                    1                    0
                    8                   20                   -1                    0
                    8                    1                    0                    0
                    9                    1                    1                    0
                    8                    1                   -1                    0
                   15                    8                    0                    1
                    8                   20                    0                    0
                    7                   20                   -1                    0
                   15                    7                    0                   -1
                   15                    6                    0                   -1
                   14                    6                   -1                    0
                    8                   20                    1                    0
                    8                    1                    0                    0
                   13                    6                   -1                    0
                    8                   20                    0                    0
                    8                   19                    0                   -1
                    7                   19                   -1                    0
                   13                    5                    0                   -1
                    6                   19                   -1                    0
                    7                   19                    1                    0
                   13                    6                    0                    1
                    8                   19                    1                    0
                   13                    7                    0                    1
                    7                   19                   -1                    0
                   13                    6                    0                   -1
                   14                    6                    1                    0
                    8                   19                    1                    0
                   15                    6                    1                    0
                   15                    7                    0                    1
                    8                   20                    0                    1
                   15                    6                    0                   -1
                    7                   20                   -1                    0
                   15                    5                    0                   -1
                   15                    6                    0                    1
                    7                   19                    0                   -1
                   15                    7                    0                    1
                    6                   19                   -1                    0
                    6                   18                    0                   -1
                   15                    8                    0                    1
                   15                    7                    0                   -1
