                    1                    1                    1                    0
                    1                   13                    1                    0
                    1                   13                    0                    1
                    1                   14                    0                    1
                    1                   15                    1                    0
                    1                   17                    1                    0
                    1                   20                    1                    0
                    1                   20                    0                    1
                    2                    1                    1                    0
                    2                    8                    1                    0
                    2                    8                    0                    1
                    2                    9                    0                    1
                    2                   13                    1                    0
                    2                   15                    1                    0
                    2                   16                    1                    0
                    2                   16                    0                    1
                    2                   20                    1                    0
                    3                    8                    1                    0
                    3                   13                    1                    0
                    3                   15                    0                    1
                    3                   20                    0                    1
                    4                    1                    1                    0
                    4                    3                    1                    0
                    4                    3                    0                    1
                    4                    4                    1                    0
                    4                    6                    1                    0
                    4                    6                    0                    1
                    4                    7                    0                    1
                    4                   13                    1                    0
                    4                   19                    1                    0
                    4                   19                    0                    1
                    4                   20                    0                    1
                    5                    1                    1                    0
                    5                    3                    0                    1
                    5                    4                    1                    0
                    5                    4                    0                    1
                    5                    5                    0                    1
                    5                    6                    1                    0
                    5                    6                    0                    1
                    5                    7                    1                    0
                    5                   13                    1                    0
                    5                   16                    1                    0
                    5                   16                    0                    1
                    5                   17                    1                    0
                    5                   19                    1                    0
                    6                    1                    1                    0
                    6                    4                    0                    1
                    6                    5                    0                    1
                    6                    7                    0                    1
                    6                   13                    1                    0
                    6                   14                    1                    0
                    6                   14                    0                    1
                    6                   15                    1                    0
                    6                   16                    1                    0
                    6                   17                    1                    0
                    6                   19                    1                    0
                    7                    1                    0                    1
                    7                    2                    1                    0
                    7                   13                    0                    1
                    7                   15                    0                    1
                    7                   16                    1                    0
                    7                   16                    0                    1
                    7                   19                    1                    0
                    8                    2                    1                    0
                    8                    6                    1                    0
                    8                    6                    0                    1
                    8                    7                    0                    1
                    8                    8                    0                    1
                    8                    9                    0                    1
                    8                   10                    1                    0
                    8                   12                    1                    0
                    8                   12                    0                    1
                    8                   13                    0                    1
                    8                   14                    0                    1
                    8                   15                    0                    1
                    8                   19                    0                    1
                    8                   20                    1                    0
                    9                    2                    1                    0
                    9                    6                    0                    1
                    9                    7                    1                    0
                    9                   10                    0                    1
                    9                   11                    0                    1
                    9                   20                    1                    0
                   10                    2                    1                    0
                   10                    6                    1                    0
                   10                    6                    0                    1
                   10                    8                    1                    0
                   10                    8                    0                    1
                   10                   15                    1                    0
                   10                   15                    0                    1
                   10                   16                    0                    1
                   10                   17                    1                    0
                   10                   19                    1                    0
                   10                   19                    0                    1
                   11                    1                    0                    1
                   11                    6                    1                    0
                   11                    8                    1                    0
                   11                   15                    1                    0
                   11                   17                    0                    1
                   11                   18                    0                    1
                   11                   20                    1                    0
                   11                   20                    0                    1
                   12                    5                    1                    0
                   12                    5                    0                    1
                   12                    7                    1                    0
                   12                    7                    0                    1
                   12                   11                    1                    0
                   12                   11                    0                    1
                   12                   12                    1                    0
                   12                   15                    0                    1
                   12                   16                    0                    1
                   12                   17                    1                    0
                   12                   20                    1                    0
                   13                    5                    1                    0
                   13                    7                    1                    0
                   13                   11                    1                    0
                   13                   12                    1                    0
                   13                   17                    1                    0
                   13                   18                    1                    0
                   13                   18                    0                    1
                   13                   19                    1                    0
                   13                   20                    1                    0
                   14                    1                    0                    1
                   14                    2                    0                    1
                   14                    3                    0                    1
                   14                    4                    0                    1
                   14                    7                    1                    0
                   14                    9                    1                    0
                   14                    9                    0                    1
                   14                   10                    1                    0
                   14                   11                    1                    0
                   14                   12                    0                    1
                   14                   13                    1                    0
                   14                   17                    1                    0
                   14                   18                    0                    1
                   14                   20                    0                    1
                   15                    5                    1                    0
                   15                    5                    0                    1
                   15                    6                    0                    1
                   15                    7                    1                    0
                   15                    7                    0                    1
                   15                    8                    0                    1
                   15                   10                    1                    0
                   15                   11                    1                    0
                   15                   13                    0                    1
                   15                   14                    1                    0
                   15                   17                    0                    1
                   15                   18                    0                    1
                   15                   19                    0                    1
                   15                   20                    1                    0
                   16                    1                    0                    1
                   16                    2                    1                    0
                   16                    5                    1                    0
                   16                    7                    1                    0
                   16                    9                    1                    0
                   16                    9                    0                    1
                   16                   11                    1                    0
                   16                   14                    1                    0
                   16                   15                    1                    0
                   16                   15                    0                    1
                   16                   16                    1                    0
                   16                   20                    0                    1
                   17                    2                    0                    1
                   17                    3                    1                    0
                   17                    5                    0                    1
                   17                    6                    0                    1
                   17                    8                    1                    0
                   17                    8                    0                    1
                   17                   10                    1                    0
                   17                   10                    0                    1
                   17                   14                    0                    1
                   17                   16                    1                    0
                   18                    3                    1                    0
                   18                    4                    1                    0
                   18                    4                    0                    1
                   18                    5                    1                    0
                   18                    8                    0                    1
                   18                    9                    1                    0
                   18                   10                    0                    1
                   18                   11                    1                    0
                   18                   16                    0                    1
                   18                   17                    1                    0
                   19                    3                    0                    1
                   19                    5                    1                    0
                   19                    9                    0                    1
                   19                   10                    0                    1
                   19                   12                    1                    0
                   19                   12                    0                    1
                   19                   13                    0                    1
                   19                   14                    1                    0
                   19                   17                    0                    1
                   19                   18                    1                    0
                   20                   12                    0                    1
                   20                   13                    0                    1
                   20                   17                    1                    0
                   20                   17                    0                    1
                    6                    8
                   10                    9
