                   17                   18                    0                    1
                   13                    3                   -1                    0
                   14                    3                    1                    0
                   14                    4                    0                    1
                   15                    4                    1                    0
                   16                    4                    1                    0
                   16                   18                   -1                    0
                   17                   18                    1                    0
                   16                   18                   -1                    0
                   16                    5                    0                    1
                   17                   18                    1                    0
                   17                   19                    0                    1
                   16                    6                    0                    1
                   16                    5                    0                   -1
                   16                    4                    0                   -1
                   15                    4                   -1                    0
                   14                    4                   -1                    0
                   14                    3                    0                   -1
                   18                   19                    1                    0
                   14                    4                    0                    1
                   15                    4                    1                    0
                   17                   19                   -1                    0
                   18                   19                    1                    0
                   17                   19                   -1                    0
                   15                    3                    0                   -1
                   16                    3                    1                    0
                   17                   18                    0                   -1
                   16                    4                    0                    1
                   16                   18                   -1                    0
                   17                   18                    1                    0
                   17                    4                    1                    0
                   16                    4                   -1                    0
                   17                   17                    0                   -1
                   16                    5                    0                    1
                   17                    5                    1                    0
                   17                   18                    0                    1
                   17                   17                    0                   -1
                   18                    5                    1                    0
                   17                    5                   -1                    0
                   18                   17                    1                    0
                   19                   17                    1                    0
                   16                    5                   -1                    0
                   19                   18                    0                    1
                   16                    4                    0                   -1
                   18                   18                   -1                    0
                   16                    3                    0                   -1
                   15                    3                   -1                    0
                   15                    4                    0                    1
                   15                    5                    0                    1
                   16                    5                    1                    0
                   18                   19                    0                    1
                   19                   19                    1                    0
                   18                   19                   -1                    0
                   16                    6                    0                    1
                   17                   19                   -1                    0
                   18                   19                    1                    0
                   15                    6                   -1                    0
                   18                   18                    0                   -1
                   19                   18                    1                    0
                   19                   17                    0                   -1
                   15                    5                    0                   -1
                   15                    4                    0                   -1
                   14                    4                   -1                    0
                   20                   17                    1                    0
                   14                    3                    0                   -1
                   20                   16                    0                   -1
                   20                   17                    0                    1
                   19                   17                   -1                    0
                   18                   17                   -1                    0
                   19                   17                    1                    0
                   14                    2                    0                   -1
                   14                    3                    0                    1
                   18                   17                   -1                    0
                   17                   17                   -1                    0
                   17                   18                    0                    1
                   17                   17                    0                   -1
