                   13                   12                    0                   -1
                   12                   12                   -1                    0
                   19                   18                    0                   -1
                   19                   17                    0                   -1
                   12                   11                    0                   -1
                   12                   10                    0                   -1
                   20                   17                    1                    0
                   12                    9                    0                   -1
                   20                   18                    0                    1
                   20                   17                    0                   -1
                   12                    8                    0                   -1
                   19                   17                   -1                    0
                   20                   17                    1                    0
                   20                   18                    0                    1
                   20                   19                    0                    1
                    1                   19                    0                    0
                   12                    9                    0                    1
                   20                   19                    0                    0
                   20                   18                    0                   -1
                   13                    9                    1                    0
                   20                   17                    0                   -1
                   19                   17                   -1                    0
                   19                   18                    0                    1
                   14                    9                    1                    0
                   19                   19                    0                    1
                   14                   10                    0                    1
                   20                   19                    1                    0
                    1                   19                    0                    0
                   14                    9                    0                   -1
                   20                   19                    0                    0
                   19                   19                   -1                    0
                   14                    8                    0                   -1
                   18                   19                   -1                    0
                   18                   20                    0                    1
                   19                   20                    1                    0
                   20                   20                    1                    0
                   13                    8                   -1                    0
                    1                   20                    0                    0
                    1                    1                    0                    0
                    1                    2                    0                    1
                    1                    1                    0                   -1
                    2                    1                    1                    0
                   14                    8                    1                    0
                   13                    8                   -1                    0
                   12                    8                   -1                    0
                    2                    2                    0                    1
                   12                    7                    0                   -1
                   11                    7                   -1                    0
                    2                    1                    0                   -1
                   11                    8                    0                    1
                   12                    8                    1                    0
                    1                    1                   -1                    0
                   20                    1                    0                    0
                   11                    8                   -1                    0
                   20                    2                    0                    1
                   10                    8                   -1                    0
                   20                    3                    0                    1
                   19                    3                   -1                    0
                   10                    9                    0                    1
                   10                   10                    0                    1
                   19                    4                    0                    1
                   10                   11                    0                    1
                   18                    4                   -1                    0
                   18                    3                    0                   -1
                   18                    4                    0                    1
                    9                   11                   -1                    0
                    9                   10                    0                   -1
                   18                    3                    0                   -1
                    9                    9                    0                   -1
                   10                    9                    1                    0
                    9                    9                   -1                    0
                   19                    3                    1                    0
                   18                    3                   -1                    0
                   18                    2                    0                   -1
                    8                    9                   -1                    0
                   18                    3                    0                    1
                   18                    4                    0                    1
                   18                    3                    0                   -1
                   17                    3                   -1                    0
                    8                   10                    0                    1
                    7                   10                   -1                    0
                   17                    4                    0                    1
                   17                    5                    0                    1
                    8                   10                    1                    0
                    8                    9                    0                   -1
                    8                    8                    0                   -1
                   17                    6                    0                    1
                    9                    8                    1                    0
                    9                    7                    0                   -1
                   18                    6                    1                    0
                    8                    7                   -1                    0
                   18                    7                    0                    1
                    8                    6                    0                   -1
                    8                    5                    0                   -1
                    8                    6                    0                    1
                    9                    6                    1                    0
                   18                    8                    0                    1
                   18                    7                    0                   -1
                    8                    6                   -1                    0
                   17                    7                   -1                    0
                   18                    7                    1                    0
                    8                    7                    0                    1
                   19                    7                    1                    0
                    8                    6                    0                   -1
                   19                    8                    0                    1
                   19                    9                    0                    1
                    8                    7                    0                    1
                   19                   10                    0                    1
                   20                   10                    1                    0
                    7                    7                   -1                    0
                    7                    8                    0                    1
                   20                    9                    0                   -1
                   20                    8                    0                   -1
                    6                    8                   -1                    0
                   19                    8                   -1                    0
                    7                    8                    1                    0
                   19                    9                    0                    1
                   20                    9                    1                    0
                    7                    7                    0                   -1
                    8                    7                    1                    0
                    8                    6                    0                   -1
                   20                   10                    0                    1
                    7                    6                   -1                    0
                    8                    6                    1                    0
                   20                   11                    0                    1
                    9                    6                    1                    0
                    1                   11                    0                    0
                    1                   12                    0                    1
                   10                    6                    1                    0
                   20                   12                    0                    0
                   10                    7                    0                    1
                   10                    6                    0                   -1
                   11                    6                    1                    0
                   12                    6                    1                    0
                   20                   13                    0                    1
                   12                    7                    0                    1
                   12                    8                    0                    1
                   11                    8                   -1                    0
                   11                    7                    0                   -1
                   11                    6                    0                   -1
                   20                   12                    0                   -1
                   11                    7                    0                    1
                   11                    8                    0                    1
                   20                   13                    0                    1
                   19                   13                   -1                    0
                   19                   14                    0                    1
                   11                    9                    0                    1
                   20                   14                    1                    0
                   20                   13                    0                   -1
                   20                   14                    0                    1
                   20                   15                    0                    1
                    1                   15                    0                    0
                    1                   14                    0                   -1
                   11                    8                    0                   -1
                    1                   15                    0                    1
                   20                   15                    0                    0
                   12                    8                    1                    0
                   11                    8                   -1                    0
                   10                    8                   -1                    0
                   10                    7                    0                   -1
                   20                   16                    0                    1
                   19                   16                   -1                    0
                   19                   17                    0                    1
                    9                    7                   -1                    0
                   18                   17                   -1                    0
                   18                   16                    0                   -1
                    9                    6                    0                   -1
                   18                   17                    0                    1
                   17                   17                   -1                    0
                    9                    5                    0                   -1
                   17                   18                    0                    1
                   17                   19                    0                    1
                   18                   19                    1                    0
                    9                    4                    0                   -1
                   18                   18                    0                   -1
                    8                    4                   -1                    0
                    8                    5                    0                    1
                   18                   17                    0                   -1
                   18                   16                    0                   -1
                    8                    4                    0                   -1
                    9                    4                    1                    0
                   18                   15                    0                   -1
                   10                    4                    1                    0
