                    2                    6                    0                   -1
                    3                    6                    1                    0
                    1                    3                    0                   -1
                    2                    3                    1                    0
                    2                    2                    0                   -1
                    2                    4                    1                    0
                    1                    2                   -1                    0
                    1                    1                    0                   -1
                    1                    2                    0                    1
                    1                    4                   -1                    0
                    2                    2                    1                    0
                    1                    2                   -1                    0
                   20                    4                    0                    0
                   20                    5                    0                    1
                    2                    2                    1                    0
                    2                    3                    0                    1
                    2                    4                    0                    1
                    2                    3                    0                   -1
                    3                    3                    1                    0
                    2                    3                   -1                    0
                    1                    3                   -1                    0
                    1                    2                    0                   -1
                   20                    2                    0                    0
                    1                    5                    0                    0
                    2                    5                    1                    0
                    1                    5                   -1                    0
                    1                    6                    0                    1
                    1                    5                    0                   -1
                   20                    3                    0                    1
                   20                    2                    0                   -1
                    1                    2                    0                    0
                   20                    5                    0                    0
                    1                    3                    0                    1
                    1                    4                    0                    1
                   20                    4                    0                    0
                   20                    4                    0                   -1
                    1                    4                    0                    0
                   20                    4                    0                    0
                    2                   14                    0                    1
                    2                   14                    0                    1
                   14                   13                    0                   -1
                   14                   14                    0                    1
                   14                   15                    0                    1
                   14                   14                    0                   -1
                   18                    9                   -1                    0
                   19                    8                    0                   -1
                   18                    8                    0                   -1
                   17                    8                   -1                    0
                   19                    9                    0                    1
                   18                    8                    1                    0
                   19                   10                    0                    1
                   18                    9                    0                    1
                   18                   10                    0                    1
                   18                   11                    0                    1
                   19                   11                    1                    0
                   18                   11                   -1                    0
                   18                   10                    0                   -1
                   19                    9                    0                   -1
                   17                   10                   -1                    0
                   16                   10                   -1                    0
                   19                    8                    0                   -1
                   19                    7                    0                   -1
                   18                    7                   -1                    0
                   17                    7                   -1                    0
                   16                   11                    0                    1
                   18                    7                    1                    0
                   19                    7                    1                    0
                   15                   11                   -1                    0
                   19                    6                    0                   -1
                   14                   11                   -1                    0
                   19                    7                    0                    1
                   14                   10                    0                   -1
                   19                    6                    0                   -1
                   14                   11                    0                    1
                   15                   11                    1                    0
                   18                    6                   -1                    0
                   19                    6                    1                    0
                   19                    7                    0                    1
                   18                    7                   -1                    0
                   19                    7                    1                    0
                   16                   11                    1                    0
                   19                    6                    0                   -1
                   15                   11                   -1                    0
                   16                   11                    1                    0
                   19                    7                    0                    1
                   19                    8                    0                    1
                   20                    8                    1                    0
                    1                    8                    0                    0
                   16                   10                    0                   -1
                   20                    8                    0                    0
                   20                    9                    0                    1
                    1                    9                    0                    0
                   20                    9                    0                    0
                   19                    9                   -1                    0
                   18                    9                   -1                    0
                   18                   10                    0                    1
                   17                   10                   -1                    0
                   15                   10                   -1                    0
                   16                   10                    1                    0
                   15                   10                   -1                    0
                   16                   10                   -1                    0
                   16                   10                    1                    0
                   20                    7                    0                   -1
                   20                    7                    0                   -1
                   11                    3                    1                    0
                   11                    3                    1                    0
                   16                    8                   -1                    0
