                   11                   11                    1                    0
                   11                   12                    0                    1
                   11                   11                    0                   -1
                   12                   11                    1                    0
                    4                    1                    0                   -1
                   13                   11                    1                    0
                   13                   10                    0                   -1
                   14                   10                    1                    0
                   13                   10                   -1                    0
                    4                   20                    0                    0
                    4                    1                    0                    0
                    5                    1                    1                    0
                   12                   10                   -1                    0
                   13                   10                    1                    0
                   13                   11                    0                    1
                   13                   12                    0                    1
                   14                   12                    1                    0
                   15                   12                    1                    0
                   14                   12                   -1                    0
                   14                   11                    0                   -1
                    4                    1                   -1                    0
                    4                    2                    0                    1
                    4                    1                    0                   -1
                   13                   11                   -1                    0
                    4                   20                    0                    0
                    4                   19                    0                   -1
                   14                   11                    1                    0
                   14                   10                    0                   -1
                    4                   18                    0                   -1
                    4                   19                    0                    1
                    4                   20                    0                    1
                   14                    9                    0                   -1
                   15                    9                    1                    0
                    3                   20                   -1                    0
                    4                   20                    1                    0
                    3                   20                   -1                    0
                    4                   20                    1                    0
                    4                    1                    0                    0
                    4                    2                    0                    1
                    3                    2                   -1                    0
                    3                    3                    0                    1
                    2                    3                   -1                    0
                   16                    9                    1                    0
                    1                    3                   -1                    0
                   16                   10                    0                    1
                    1                    4                    0                    1
                    1                    5                    0                    1
                   15                   10                   -1                    0
                   15                    9                    0                   -1
                    1                    6                    0                    1
                   20                    6                    0                    0
                   14                    9                   -1                    0
                   13                    9                   -1                    0
                   14                    9                    1                    0
                    1                    6                    0                    0
                    1                    5                    0                   -1
                    2                    5                    1                    0
                    2                    6                    0                    1
                    2                    5                    0                   -1
                    2                    4                    0                   -1
                    3                    4                    1                    0
                   14                   10                    0                    1
                   14                   11                    0                    1
                   15                   11                    1                    0
                    4                    4                    1                    0
                    4                    5                    0                    1
                    4                    4                    0                   -1
                    4                    3                    0                   -1
                    3                    3                   -1                    0
                    3                    2                    0                   -1
                    2                    2                   -1                    0
                    2                    1                    0                   -1
                    2                    2                    0                    1
                   16                   11                    1                    0
                    2                    3                    0                    1
                   15                   11                   -1                    0
                    2                    4                    0                    1
                   14                   11                   -1                    0
                    1                    4                   -1                    0
                   14                   12                    0                    1
                   14                   11                    0                   -1
                    1                    3                    0                   -1
                    2                    3                    1                    0
                    2                    4                    0                    1
                    3                    4                    1                    0
                    4                    4                    1                    0
                   15                   11                    1                    0
                   14                   11                   -1                    0
                   14                   10                    0                   -1
                   14                   11                    0                    1
                    5                    4                    1                    0
                    6                    4                    1                    0
                    6                    3                    0                   -1
                   13                   11                   -1                    0
                   14                   11                    1                    0
                    6                    4                    0                    1
                    6                    5                    0                    1
                   14                   10                    0                   -1
                   14                   11                    0                    1
                    7                    5                    1                    0
                    7                    4                    0                   -1
                   14                   12                    0                    1
                    7                    3                    0                   -1
                    8                    3                    1                    0
                    8                    2                    0                   -1
                    8                    3                    0                    1
                    8                    4                    0                    1
                   15                   12                    1                    0
                    9                    4                    1                    0
                   16                   12                    1                    0
                    8                    4                   -1                    0
                    9                    4                    1                    0
                   17                   12                    1                    0
                    8                    4                   -1                    0
                   16                   12                   -1                    0
                   16                   13                    0                    1
                    9                    4                    1                    0
                   16                   12                    0                   -1
                    8                    4                   -1                    0
                    9                    4                    1                    0
                   17                   12                    1                    0
                   16                   12                   -1                    0
                    9                    3                    0                   -1
                   17                   12                    1                    0
                    9                    4                    0                    1
                   17                   11                    0                   -1
                   18                   11                    1                    0
                    9                    3                    0                   -1
                    9                    2                    0                   -1
                    9                    3                    0                    1
                    8                    3                   -1                    0
                   18                   12                    0                    1
                   18                   11                    0                   -1
                   18                   12                    0                    1
                   17                   12                   -1                    0
                    8                    2                    0                   -1
                    8                    3                    0                    1
                   16                   12                   -1                    0
                   16                   11                    0                   -1
                    8                    2                    0                   -1
                   16                   10                    0                   -1
                   17                   10                    1                    0
                   17                    9                    0                   -1
                   18                    9                    1                    0
                   18                   10                    0                    1
                    9                    2                    1                    0
                   17                   10                   -1                    0
                   16                   10                   -1                    0
                    8                    2                   -1                    0
                   16                    9                    0                   -1
                    9                    2                    1                    0
                   10                    2                    1                    0
                   11                    2                    1                    0
                   10                    2                   -1                    0
                   16                    8                    0                   -1
                   11                    2                    1                    0
                   11                    1                    0                   -1
                   11                    2                    0                    1
                   16                    9                    0                    1
                   12                    2                    1                    0
                   12                    3                    0                    1
                   11                    3                   -1                    0
                   17                    9                    1                    0
                   12                    3                    1                    0
                   18                    9                    1                    0
                   12                    4                    0                    1
                   12                    3                    0                   -1
                   11                    3                   -1                    0
                   17                    9                   -1                    0
                   10                    3                   -1                    0
                   16                    9                   -1                    0
                   15                    9                   -1                    0
                   10                    2                    0                   -1
                   14                    9                   -1                    0
                   13                    9                   -1                    0
                   13                    8                    0                   -1
                   10                    3                    0                    1
                   10                    4                    0                    1
                   13                    9                    0                    1
                   10                    5                    0                    1
                   12                    9                   -1                    0
                   10                    4                    0                   -1
                   10                    3                    0                   -1
                    9                    3                   -1                    0
                   10                    3                    1                    0
                    9                    3                   -1                    0
                    9                    2                    0                   -1
                   12                   10                    0                    1
                    8                    2                   -1                    0
                   12                   11                    0                    1
                    8                    1                    0                   -1
                    9                    1                    1                    0
                    9                   20                    0                    0
                    9                    1                    0                    0
                   13                   11                    1                    0
                   10                    1                    1                    0
                   12                   11                   -1                    0
                    9                    1                   -1                    0
                   12                   12                    0                    1
