                    1                    8                    0                    1
                    4                    5                    1                    0
                    4                    5                    0                    1
                    4                    6                    1                    0
                    4                   19                    1                    0
                    4                   19                    0                    1
                    4                   20                    1                    0
                    5                    5                    0                    1
                    5                    6                    1                    0
                    5                    6                    0                    1
                    5                    7                    1                    0
                    5                   19                    0                    1
                    6                    6                    0                    1
                    6                   18                    1                    0
                    7                   18                    1                    0
                    8                   18                    1                    0
                    9                   18                    1                    0
                   10                    1                    0                    1
                   10                    2                    0                    1
                   10                    3                    0                    1
                   10                    4                    1                    0
                   10                    9                    1                    0
                   10                    9                    0                    1
                   10                   10                    1                    0
                   10                   18                    0                    1
                   10                   19                    0                    1
                   10                   20                    0                    1
                   11                    1                    1                    0
                   11                    1                    0                    1
                   11                    2                    1                    0
                   11                    3                    1                    0
                   11                    3                    0                    1
                   11                    8                    1                    0
                   11                    8                    0                    1
                   11                   10                    1                    0
                   11                   11                    1                    0
                   11                   11                    0                    1
                   11                   12                    0                    1
                   11                   13                    1                    0
                   12                    1                    0                    1
                   12                    2                    1                    0
                   12                    2                    0                    1
                   12                    5                    1                    0
                   12                    5                    0                    1
                   12                    6                    0                    1
                   12                    7                    1                    0
                   12                    8                    1                    0
                   12                   10                    0                    1
                   12                   13                    1                    0
                   12                   14                    1                    0
                   12                   14                    0                    1
                   12                   15                    1                    0
                   13                    2                    0                    1
                   13                    3                    0                    1
                   13                    4                    0                    1
                   13                    7                    0                    1
                   13                   12                    1                    0
                   13                   12                    0                    1
                   13                   14                    0                    1
                   13                   16                    1                    0
                   13                   16                    0                    1
                   13                   17                    1                    0
                   14                   12                    0                    1
                   14                   13                    1                    0
                   14                   16                    0                    1
                   15                    8                    1                    0
                   15                    8                    0                    1
                   15                    9                    1                    0
                   15                   11                    1                    0
                   15                   11                    0                    1
                   15                   12                    1                    0
                   15                   12                    0                    1
                   15                   15                    1                    0
                   15                   15                    0                    1
                   15                   16                    0                    1
                   15                   17                    0                    1
                   15                   18                    1                    0
                   16                    8                    0                    1
                   16                   11                    1                    0
                   16                   12                    1                    0
                   16                   13                    1                    0
                   16                   13                    0                    1
                   16                   14                    1                    0
                   16                   15                    1                    0
                   17                   11                    0                    1
                   17                   13                    1                    0
                   17                   14                    0                    1
                   18                   12                    0                    1
                   19                   14                    1                    0
                   19                   14                    0                    1
                   19                   15                    1                    0
                   20                    8                    1                    0
                   20                    8                    0                    1
                   20                    9                    1                    0
                   20                   14                    0                    1
                    6                   18
                   16                   18
