                   12                   13                    1                    0
                    6                   20                    1                    0
                    7                   20                    1                    0
                    8                   20                    1                    0
                   11                   13                   -1                    0
                    8                    1                    0                    0
                    8                   20                    0                    0
                    7                   20                   -1                    0
                   11                   14                    0                    1
                    6                   20                   -1                    0
                   10                   14                   -1                    0
                   11                   14                    1                    0
                    7                   20                    1                    0
                   11                   13                    0                   -1
                    6                   20                   -1                    0
                   11                   12                    0                   -1
                    6                    1                    0                    0
                    6                   20                    0                    0
                    5                   20                   -1                    0
                   10                   12                   -1                    0
                    9                   12                   -1                    0
                    8                   12                   -1                    0
                    6                   20                    1                    0
                    5                   20                   -1                    0
                    5                    1                    0                    0
                    8                   11                    0                   -1
                    8                   12                    0                    1
                    4                    1                   -1                    0
                    9                   12                    1                    0
                    8                   12                   -1                    0
                    5                    1                    1                    0
                    4                    1                   -1                    0
                    9                   12                    1                    0
                    3                    1                   -1                    0
                    2                    1                   -1                    0
                    3                    1                    1                    0
                   10                   12                    1                    0
                   10                   13                    0                    1
                   11                   13                    1                    0
                    3                    2                    0                    1
                    2                    2                   -1                    0
                   10                   13                   -1                    0
                   10                   12                    0                   -1
                    2                    1                    0                   -1
                   10                   11                    0                   -1
                   10                   12                    0                    1
                    1                    1                   -1                    0
                   11                   12                    1                    0
                   20                    1                    0                    0
                   11                   13                    0                    1
                   10                   13                   -1                    0
                   19                    1                   -1                    0
                   18                    1                   -1                    0
                   10                   12                    0                   -1
                   18                    2                    0                    1
                   17                    2                   -1                    0
                   18                    2                    1                    0
                   18                    1                    0                   -1
                   10                   13                    0                    1
                   11                   13                    1                    0
                   12                   13                    1                    0
                   18                   20                    0                    0
                   13                   13                    1                    0
                   18                    1                    0                    0
                   18                    2                    0                    1
                   19                    2                    1                    0
                   12                   13                   -1                    0
                   19                    3                    0                    1
                   12                   12                    0                   -1
                   19                    4                    0                    1
                   19                    3                    0                   -1
                   20                    3                    1                    0
                   12                   13                    0                    1
                   12                   12                    0                   -1
                   19                    3                   -1                    0
                   19                    4                    0                    1
                   19                    3                    0                   -1
                   13                   12                    1                    0
                   13                   11                    0                   -1
                   19                    2                    0                   -1
                   13                   12                    0                    1
                   13                   11                    0                   -1
                   12                   11                   -1                    0
                   18                    2                   -1                    0
                   18                    1                    0                   -1
                   18                   20                    0                    0
                   13                   11                    1                    0
                   18                    1                    0                    0
                   17                    1                   -1                    0
                   12                   11                   -1                    0
                   17                   20                    0                    0
                   11                   11                   -1                    0
                   10                   11                   -1                    0
