                    4                   12                    1                    0
                    4                   12                    0                    1
                    4                   13                    1                    0
                    5                   12                    0                    1
                    9                   14                    1                    0
                    9                   14                    0                    1
                    9                   15                    1                    0
                   10                   14                    0                    1
                   11                   13                    1                    0
                   12                   13                    1                    0
                    5                    2
                   13                   13
