                   19                    7                    0                    1
                    9                    9                    1                    0
                   19                    6                    0                   -1
                    8                    9                   -1                    0
                    8                    8                    0                   -1
                    7                    8                   -1                    0
                   20                    6                    1                    0
                    8                    8                    1                    0
                   20                    7                    0                    1
                    1                    7                    0                    0
                    8                    9                    0                    1
                    7                    9                   -1                    0
                    2                    7                    1                    0
                    7                   10                    0                    1
                    7                   11                    0                    1
                    1                    7                   -1                    0
                    7                   10                    0                   -1
                    7                    9                    0                   -1
                    6                    9                   -1                    0
                    7                    9                    1                    0
                    7                   10                    0                    1
                    1                    6                    0                   -1
                    7                   11                    0                    1
                    7                   10                    0                   -1
                   20                    6                    0                    0
                   19                    6                   -1                    0
                    7                    9                    0                   -1
                   18                    6                   -1                    0
                   17                    6                   -1                    0
                   18                    6                    1                    0
                   19                    6                    1                    0
                   19                    5                    0                   -1
                   19                    4                    0                   -1
                   19                    5                    0                    1
                    8                    9                    1                    0
                    8                   10                    0                    1
                    7                   10                   -1                    0
                   19                    6                    0                    1
                    8                   10                    1                    0
                    8                    9                    0                   -1
                   20                    6                    1                    0
                   19                    6                   -1                    0
                    8                   10                    0                    1
                    9                   10                    1                    0
                    8                   10                   -1                    0
                    8                    9                    0                   -1
                   19                    7                    0                    1
                   19                    6                    0                   -1
                    8                    8                    0                   -1
                   19                    7                    0                    1
                    7                    8                   -1                    0
                   19                    6                    0                   -1
                    8                    8                    1                    0
                    7                    8                   -1                    0
                    8                    8                    1                    0
                    8                    9                    0                    1
                   20                    6                    1                    0
                   19                    6                   -1                    0
                   20                    6                    1                    0
