                    1                    7                    1                    0
                    1                    7                    0                    1
                    2                    7                    1                    0
                    2                   18                    1                    0
                    2                   18                    0                    1
                    2                   19                    1                    0
                    3                    7                    0                    1
                    3                    8                    0                    1
                    3                    9                    0                    1
                    3                   10                    0                    1
                    3                   11                    1                    0
                    3                   15                    1                    0
                    3                   15                    0                    1
                    3                   16                    1                    0
                    3                   18                    0                    1
                    4                   10                    1                    0
                    4                   10                    0                    1
                    4                   15                    0                    1
                    5                   10                    1                    0
                    6                   10                    1                    0
                    7                   10                    1                    0
                    8                    9                    0                    1
                   10                   15                    1                    0
                   10                   15                    0                    1
                   10                   16                    1                    0
                   11                    1                    1                    0
                   11                    1                    0                    1
                   11                    2                    1                    0
                   11                   15                    0                    1
                   12                    1                    0                    1
                   13                   14                    1                    0
                   13                   14                    0                    1
                   13                   15                    1                    0
                   14                   14                    0                    1
                   16                   10                    1                    0
                   16                   10                    0                    1
                   16                   11                    0                    1
                   16                   12                    1                    0
                   17                   12                    0                    1
                   17                   13                    1                    0
                   17                   10
                    8                    9
