                    8                   10                    0                    1
                    8                   11                    1                    0
                    8                   12                    1                    0
                    9                   11                    0                    1
                   12                   13                    1                    0
                   12                   13                    0                    1
                   12                   14                    1                    0
                   13                   14                    1                    0
                   16                    5                    1                    0
                   16                    5                    0                    1
                   16                    6                    1                    0
                   17                    5                    0                    1
                    8                   10
                   13                   13
