                   13                    6                   -1                    0
                   13                    7                    0                    1
                   13                    6                    0                   -1
                   14                    6                    1                    0
                    2                   19                    0                   -1
                    2                   20                    0                    1
                   14                    7                    0                    1
                   13                    7                   -1                    0
                   13                    8                    0                    1
                   12                    8                   -1                    0
                   13                    8                    1                    0
                   12                    8                   -1                    0
                   12                    7                    0                   -1
                   12                    8                    0                    1
                    2                    1                    0                    0
                    2                   20                    0                    0
                   11                    8                   -1                    0
                    2                   19                    0                   -1
                    3                   19                    1                    0
                    2                   19                   -1                    0
                    2                   20                    0                    1
                   11                    7                    0                   -1
                   11                    8                    0                    1
                    2                    1                    0                    0
                   11                    7                    0                   -1
                   11                    8                    0                    1
                    3                    1                    1                    0
                    2                    1                   -1                    0
                    1                    1                   -1                    0
                    1                    2                    0                    1
                    1                    3                    0                    1
                    2                    3                    1                    0
                    3                    3                    1                    0
                    3                    4                    0                    1
                   11                    7                    0                   -1
                   12                    7                    1                    0
                   12                    8                    0                    1
                    3                    3                    0                   -1
                    3                    4                    0                    1
                    3                    5                    0                    1
                    4                    5                    1                    0
                   11                    8                   -1                    0
                    5                    5                    1                    0
                   12                    8                    1                    0
                    6                    5                    1                    0
                   12                    7                    0                   -1
                    6                    6                    0                    1
                   13                    7                    1                    0
                    6                    7                    0                    1
                    6                    6                    0                   -1
                    6                    5                    0                   -1
                   14                    7                    1                    0
                    5                    5                   -1                    0
                   14                    6                    0                   -1
                    5                    4                    0                   -1
                   14                    5                    0                   -1
                   14                    6                    0                    1
                   14                    7                    0                    1
                   15                    7                    1                    0
                    5                    3                    0                   -1
                   15                    8                    0                    1
                    6                    3                    1                    0
                    6                    4                    0                    1
                    6                    3                    0                   -1
                    5                    3                   -1                    0
                    6                    3                    1                    0
                   16                    8                    1                    0
                    5                    3                   -1                    0
                   16                    9                    0                    1
                   17                    9                    1                    0
                    6                    3                    1                    0
                   17                    8                    0                   -1
                   17                    9                    0                    1
                   17                   10                    0                    1
                    7                    3                    1                    0
                    6                    3                   -1                    0
                   18                   10                    1                    0
                   17                   10                   -1                    0
                    6                    2                    0                   -1
                    5                    2                   -1                    0
                   18                   10                    1                    0
                    4                    2                   -1                    0
                   19                   10                    1                    0
                   18                   10                   -1                    0
                    4                    1                    0                   -1
                   17                   10                   -1                    0
                   18                   10                    1                    0
                    5                    1                    1                    0
                   18                   11                    0                    1
                    4                    1                   -1                    0
                   18                   10                    0                   -1
                    5                    1                    1                    0
                   17                   10                   -1                    0
                    5                   20                    0                    0
                    5                    1                    0                    0
                   18                   10                    1                    0
                   17                   10                   -1                    0
                    6                    1                    1                    0
                    5                    1                   -1                    0
                   16                   10                   -1                    0
                    5                    2                    0                    1
                    4                    2                   -1                    0
                   17                   10                    1                    0
                   17                    9                    0                   -1
                   18                    9                    1                    0
                   18                    8                    0                   -1
                   18                    7                    0                   -1
                   19                    7                    1                    0
                   18                    7                   -1                    0
                   18                    8                    0                    1
                    5                    2                    1                    0
                    5                    3                    0                    1
                    5                    4                    0                    1
                   18                    9                    0                    1
                    5                    5                    0                    1
                   18                    8                    0                   -1
                    5                    4                    0                   -1
                   19                    8                    1                    0
                   18                    8                   -1                    0
                   19                    8                    1                    0
                   18                    8                   -1                    0
                   19                    8                    1                    0
                    6                    4                    1                    0
                   18                    8                   -1                    0
                    7                    4                    1                    0
                   17                    8                   -1                    0
                    7                    5                    0                    1
                   18                    8                    1                    0
                    7                    6                    0                    1
                    7                    5                    0                   -1
                   18                    9                    0                    1
                    7                    6                    0                    1
                    6                    6                   -1                    0
                   17                    9                   -1                    0
                    6                    5                    0                   -1
                    6                    6                    0                    1
                    7                    6                    1                    0
                    7                    7                    0                    1
                   16                    9                   -1                    0
                    7                    6                    0                   -1
                   16                   10                    0                    1
                    7                    7                    0                    1
                   16                    9                    0                   -1
                   15                    9                   -1                    0
                    7                    8                    0                    1
                    7                    9                    0                    1
                   14                    9                   -1                    0
                   14                    8                    0                   -1
                    7                    8                    0                   -1
                   14                    7                    0                   -1
                   13                    7                   -1                    0
                   12                    7                   -1                    0
                    7                    9                    0                    1
