                    1                   18                    0                    1
                    9                   18                    1                    0
                    9                   18                    0                    1
                    9                   19                    1                    0
                   10                   18                    0                    1
                   13                   12                    1                    0
                   13                   12                    0                    1
                   13                   13                    0                    1
                   13                   14                    1                    0
                   14                   12                    0                    1
                   14                   13                    0                    1
                   17                   13                    1                    0
                   17                   13                    0                    1
                   17                   14                    0                    1
                   17                   15                    1                    0
                   18                   13                    0                    1
                   18                   14                    0                    1
                   20                   15                    0                    1
                   20                   16                    0                    1
                   20                   17                    0                    1
                   20                   18                    1                    0
                   20                   15
                    6                   12
