                   12                   16                    0                   -1
                    2                   19                   -1                    0
                   12                   15                    0                   -1
                    2                   20                    0                    1
                   12                   14                    0                   -1
                    3                   20                    1                    0
                   12                   15                    0                    1
                    4                   20                    1                    0
                   11                   15                   -1                    0
                    3                   20                   -1                    0
                    3                   19                    0                   -1
                   10                   15                   -1                    0
                    9                   15                   -1                    0
                    9                   16                    0                    1
                    8                   16                   -1                    0
                    8                   15                    0                   -1
                    8                   16                    0                    1
                    8                   15                    0                   -1
                    3                   20                    0                    1
                    8                   14                    0                   -1
                    7                   14                   -1                    0
                    6                   14                   -1                    0
                    3                    1                    0                    0
                    3                   20                    0                    0
                    6                   15                    0                    1
                    6                   16                    0                    1
                    3                    1                    0                    0
                    7                   16                    1                    0
                    3                   20                    0                    0
                    3                    1                    0                    0
                    7                   17                    0                    1
                    6                   17                   -1                    0
                    2                    1                   -1                    0
                    6                   16                    0                   -1
                    5                   16                   -1                    0
                    4                   16                   -1                    0
                    3                    1                    1                    0
                    5                   16                    1                    0
                    5                   17                    0                    1
                    3                   20                    0                    0
                    5                   16                    0                   -1
                    5                   15                    0                   -1
                    3                    1                    0                    0
                    6                   15                    1                    0
                    6                   16                    0                    1
                    4                    1                    1                    0
                    3                    1                   -1                    0
                    6                   17                    0                    1
                    6                   18                    0                    1
                    7                   18                    1                    0
                    3                   20                    0                    0
                    6                   18                   -1                    0
                    6                   17                    0                   -1
                    3                   19                    0                   -1
                    3                   18                    0                   -1
                    7                   17                    1                    0
                    6                   17                   -1                    0
                    2                   18                   -1                    0
                    1                   18                   -1                    0
                    7                   17                    1                    0
                    7                   18                    0                    1
                    7                   19                    0                    1
                    2                   18                    1                    0
                    6                   19                   -1                    0
                    6                   20                    0                    1
                    6                    1                    0                    0
                    2                   19                    0                    1
                    6                   20                    0                    0
                    2                   20                    0                    1
                    5                   20                   -1                    0
                    2                    1                    0                    0
                    1                    1                   -1                    0
                    1                    2                    0                    1
                    1                    1                    0                   -1
                    5                   19                    0                   -1
                    4                   19                   -1                    0
                    3                   19                   -1                    0
                    2                   19                   -1                    0
                    2                   20                    0                    1
                    2                   19                    0                   -1
                    2                    1                    1                    0
                    1                    1                   -1                    0
                    2                    1                    1                    0
                    2                   20                    0                    1
                    2                   20                    0                    0
                    9                   12                    1                    0
                    8                   11                    0                   -1
                    7                   11                   -1                    0
                    8                   11                    1                    0
                    9                   11                    1                    0
                   10                   12                    1                    0
                    9                   12                    0                    1
                   11                   12                    1                    0
                   11                   13                    0                    1
                    8                   12                   -1                    0
                    7                   12                   -1                    0
                    7                   13                    0                    1
                   10                   13                   -1                    0
                   11                   13                    1                    0
                    7                   14                    0                    1
                    6                   14                   -1                    0
                    6                   15                    0                    1
                    6                   14                    0                   -1
                    6                   15                    0                    1
                    5                   15                   -1                    0
                   11                   14                    0                    1
                   11                   15                    0                    1
                   11                   16                    0                    1
                   12                   16                    1                    0
                    5                   14                    0                   -1
                    6                   14                    1                    0
                   12                   17                    0                    1
                    6                   15                    0                    1
                    6                   16                    0                    1
                    6                   17                    0                    1
                    6                   18                    0                    1
                    6                   19                    0                    1
                   13                   17                    1                    0
                   13                   18                    0                    1
                   14                   18                    1                    0
                   15                   18                    1                    0
                    5                   19                   -1                    0
                    5                   20                    0                    1
                    4                   20                   -1                    0
                    4                    1                    0                    0
                   14                   18                   -1                    0
                    5                    1                    1                    0
                    6                    1                    1                    0
                    5                    1                   -1                    0
                    5                    2                    0                    1
                    4                    2                   -1                    0
                    4                    3                    0                    1
                    4                    4                    0                    1
                   15                   18                    1                    0
                    5                    4                    1                    0
                   15                   17                    0                   -1
                   16                   17                    1                    0
                    5                    3                    0                   -1
                    5                    4                    0                    1
                    6                    4                    1                    0
                    7                    4                    1                    0
                   17                   17                    1                    0
                   17                   18                    0                    1
                   17                   17                    0                   -1
                    7                    3                    0                   -1
                   17                   16                    0                   -1
                    8                    3                    1                    0
                   17                   15                    0                   -1
                   17                   14                    0                   -1
                    8                    2                    0                   -1
                   16                   14                   -1                    0
                   16                   13                    0                   -1
                    8                    3                    0                    1
                   15                   13                   -1                    0
                    7                    3                   -1                    0
                    7                    4                    0                    1
                   15                   14                    0                    1
                   15                   15                    0                    1
                   15                   14                    0                   -1
                    6                    4                   -1                    0
                    6                    3                    0                   -1
                   16                   14                    1                    0
                   17                   14                    1                    0
                   18                   14                    1                    0
                   17                   14                   -1                    0
                    5                    3                   -1                    0
                    5                    2                    0                   -1
                   18                   14                    1                    0
                    6                    2                    1                    0
                    7                    2                    1                    0
                   18                   13                    0                   -1
                   19                   13                    1                    0
                   20                   13                    1                    0
                   20                   14                    0                    1
                    7                    3                    0                    1
                    8                    3                    1                    0
                   20                   15                    0                    1
                    8                    4                    0                    1
                   20                   16                    0                    1
                    9                    4                    1                    0
                   10                    4                    1                    0
                    9                    4                   -1                    0
                   20                   15                    0                   -1
                    1                   15                    0                    0
                    9                    3                    0                   -1
                    2                   15                    1                    0
                    3                   15                    1                    0
                    2                   15                   -1                    0
                    1                   15                   -1                    0
                   10                    3                    1                    0
                   11                    3                    1                    0
                    2                   15                    1                    0
