                    1                    1                    1                    0
                    1                    8                    0                    1
                    1                    9                    1                    0
                    1                   10                    1                    0
                    1                   13                    1                    0
                    1                   13                    0                    1
                    1                   14                    1                    0
                    1                   15                    1                    0
                    1                   18                    0                    1
                    1                   20                    0                    1
                    2                    1                    0                    1
                    2                    2                    1                    0
                    2                    7                    1                    0
                    2                    7                    0                    1
                    2                    8                    0                    1
                    2                   10                    1                    0
                    2                   13                    0                    1
                    2                   15                    0                    1
                    2                   16                    1                    0
                    3                    1                    1                    0
                    3                    1                    0                    1
                    3                    7                    0                    1
                    3                    8                    0                    1
                    3                    9                    0                    1
                    3                   12                    1                    0
                    3                   12                    0                    1
                    3                   13                    0                    1
                    3                   14                    0                    1
                    3                   15                    0                    1
                    3                   17                    1                    0
                    3                   17                    0                    1
                    3                   18                    1                    0
                    4                    1                    1                    0
                    4                    1                    0                    1
                    4                    2                    1                    0
                    4                   12                    1                    0
                    4                   14                    1                    0
                    4                   14                    0                    1
                    4                   15                    0                    1
                    4                   16                    1                    0
                    4                   17                    0                    1
                    4                   18                    1                    0
                    4                   18                    0                    1
                    4                   19                    1                    0
                    4                   20                    1                    0
                    4                   20                    0                    1
                    5                    1                    0                    1
                    5                    2                    1                    0
                    5                    2                    0                    1
                    5                    3                    1                    0
                    5                    5                    1                    0
                    5                    5                    0                    1
                    5                    6                    1                    0
                    5                   10                    1                    0
                    5                   10                    0                    1
                    5                   11                    1                    0
                    5                   12                    0                    1
                    5                   13                    1                    0
                    5                   14                    1                    0
                    5                   15                    1                    0
                    5                   15                    0                    1
                    5                   16                    1                    0
                    5                   16                    0                    1
                    5                   17                    0                    1
                    5                   19                    0                    1
                    6                    1                    1                    0
                    6                    1                    0                    1
                    6                    3                    1                    0
                    6                    5                    0                    1
                    6                   10                    0                    1
                    6                   12                    0                    1
                    6                   14                    0                    1
                    6                   16                    0                    1
                    6                   17                    0                    1
                    6                   18                    1                    0
                    6                   19                    1                    0
                    6                   19                    0                    1
                    6                   20                    1                    0
                    7                    1                    0                    1
                    7                    2                    1                    0
                    7                    3                    1                    0
                    7                    5                    1                    0
                    7                    5                    0                    1
                    7                    6                    0                    1
                    7                    7                    0                    1
                    7                    8                    1                    0
                    7                   11                    1                    0
                    7                   11                    0                    1
                    7                   12                    1                    0
                    7                   16                    1                    0
                    7                   16                    0                    1
                    7                   17                    1                    0
                    7                   18                    0                    1
                    7                   20                    1                    0
                    8                    1                    0                    1
                    8                    2                    1                    0
                    8                    2                    0                    1
                    8                    5                    1                    0
                    8                    8                    0                    1
                    8                    9                    1                    0
                    8                   11                    1                    0
                    8                   12                    0                    1
                    8                   13                    1                    0
                    8                   14                    1                    0
                    8                   14                    0                    1
                    8                   15                    0                    1
                    8                   17                    0                    1
                    8                   18                    1                    0
                    8                   20                    0                    1
                    9                    1                    1                    0
                    9                    2                    0                    1
                    9                    3                    1                    0
                    9                    5                    1                    0
                    9                    9                    0                    1
                    9                   10                    0                    1
                    9                   13                    0                    1
                    9                   18                    1                    0
                    9                   20                    1                    0
                    9                   20                    0                    1
                   10                    2                    1                    0
                   10                    2                    0                    1
                   10                    5                    1                    0
                   10                   11                    1                    0
                   10                   11                    0                    1
                   10                   12                    0                    1
                   10                   18                    1                    0
                   10                   20                    0                    1
                   11                    1                    0                    1
                   11                    5                    1                    0
                   11                   10                    1                    0
                   11                   10                    0                    1
                   11                   11                    1                    0
                   11                   11                    0                    1
                   11                   12                    0                    1
                   11                   13                    0                    1
                   11                   14                    1                    0
                   11                   18                    1                    0
                   11                   19                    1                    0
                   11                   19                    0                    1
                   11                   20                    0                    1
                   12                    3                    1                    0
                   12                    3                    0                    1
                   12                    4                    1                    0
                   12                    5                    1                    0
                   12                   10                    0                    1
                   12                   12                    1                    0
                   12                   12                    0                    1
                   12                   13                    1                    0
                   12                   14                    1                    0
                   12                   18                    0                    1
                   13                    2                    1                    0
                   13                    2                    0                    1
                   13                    4                    0                    1
                   13                    7                    1                    0
                   13                    7                    0                    1
                   13                    8                    0                    1
                   13                    9                    1                    0
                   13                   12                    0                    1
                   13                   14                    0                    1
                   13                   15                    1                    0
                   13                   19                    1                    0
                   13                   19                    0                    1
                   13                   20                    1                    0
                   14                    2                    1                    0
                   14                    7                    0                    1
                   14                    8                    1                    0
                   14                    9                    0                    1
                   14                   10                    1                    0
                   14                   11                    1                    0
                   14                   11                    0                    1
                   14                   12                    1                    0
                   14                   15                    0                    1
                   14                   16                    1                    0
                   14                   19                    1                    0
                   14                   20                    1                    0
                   15                    1                    0                    1
                   15                    8                    1                    0
                   15                   10                    0                    1
                   15                   11                    1                    0
                   15                   11                    0                    1
                   15                   16                    1                    0
                   15                   19                    0                    1
                   15                   20                    1                    0
                   15                   20                    0                    1
                   16                    1                    1                    0
                   16                    4                    1                    0
                   16                    4                    0                    1
                   16                    5                    1                    0
                   16                    7                    1                    0
                   16                    7                    0                    1
                   16                   11                    1                    0
                   16                   16                    0                    1
                   16                   17                    1                    0
                   16                   18                    1                    0
                   16                   18                    0                    1
                   16                   19                    1                    0
                   16                   20                    0                    1
                   17                    1                    1                    0
                   17                    1                    0                    1
                   17                    2                    1                    0
                   17                    4                    0                    1
                   17                    6                    1                    0
                   17                    6                    0                    1
                   17                   10                    1                    0
                   17                   10                    0                    1
                   17                   15                    1                    0
                   17                   15                    0                    1
                   17                   16                    0                    1
                   17                   18                    0                    1
                   17                   20                    1                    0
                   17                   20                    0                    1
                   18                    1                    0                    1
                   18                    5                    1                    0
                   18                    5                    0                    1
                   18                    6                    1                    0
                   18                    6                    0                    1
                   18                    7                    0                    1
                   18                    8                    0                    1
                   18                    9                    1                    0
                   18                   10                    0                    1
                   18                   11                    1                    0
                   18                   11                    0                    1
                   18                   12                    1                    0
                   18                   13                    1                    0
                   18                   13                    0                    1
                   18                   14                    0                    1
                   18                   18                    1                    0
                   18                   18                    0                    1
                   18                   19                    1                    0
                   19                    5                    0                    1
                   19                    9                    0                    1
                   19                   10                    0                    1
                   19                   11                    1                    0
                   19                   11                    0                    1
                   19                   13                    1                    0
                   19                   15                    1                    0
                   19                   15                    0                    1
                   19                   16                    0                    1
                   19                   17                    0                    1
                   19                   19                    1                    0
                   20                    8                    1                    0
                   20                    8                    0                    1
                   20                    9                    0                    1
                   20                   10                    1                    0
                   20                   11                    0                    1
                   20                   12                    0                    1
                   20                   15                    1                    0
                   20                   18                    1                    0
                   20                   18                    0                    1
                   20                   19                    1                    0
                   20                   19                    0                    1
                   20                   20                    1                    0
                    6                   12
                   10                   13
