                    1                    1                    1                    0
                    1                    1                    0                    1
                    1                    4                    0                    1
                    1                    5                    1                    0
                    1                    5                    0                    1
                    1                    6                    1                    0
                    1                    9                    1                    0
                    1                    9                    0                    1
                    1                   10                    0                    1
                    1                   11                    1                    0
                    1                   12                    1                    0
                    1                   15                    1                    0
                    1                   17                    0                    1
                    1                   18                    1                    0
                    1                   18                    0                    1
                    1                   19                    1                    0
                    1                   20                    0                    1
                    2                    5                    0                    1
                    2                    6                    1                    0
                    2                    6                    0                    1
                    2                    7                    1                    0
                    2                    9                    0                    1
                    2                   10                    0                    1
                    2                   11                    1                    0
                    2                   11                    0                    1
                    2                   12                    1                    0
                    2                   12                    0                    1
                    2                   13                    0                    1
                    2                   14                    1                    0
                    2                   15                    0                    1
                    2                   16                    0                    1
                    2                   17                    1                    0
                    2                   18                    1                    0
                    2                   19                    1                    0
                    2                   20                    1                    0
                    2                   20                    0                    1
                    3                    1                    1                    0
                    3                    2                    1                    0
                    3                    2                    0                    1
                    3                    3                    1                    0
                    3                    6                    0                    1
                    3                    7                    1                    0
                    3                    7                    0                    1
                    3                    8                    1                    0
                    3                   11                    1                    0
                    3                   12                    0                    1
                    3                   13                    0                    1
                    3                   15                    1                    0
                    3                   15                    0                    1
                    3                   16                    0                    1
                    3                   17                    1                    0
                    3                   17                    0                    1
                    3                   19                    0                    1
                    3                   20                    1                    0
                    3                   20                    0                    1
                    4                    1                    1                    0
                    4                    2                    1                    0
                    4                    3                    0                    1
                    4                    4                    1                    0
                    4                    7                    0                    1
                    4                    9                    1                    0
                    4                    9                    0                    1
                    4                   10                    0                    1
                    4                   11                    1                    0
                    4                   11                    0                    1
                    4                   12                    0                    1
                    4                   13                    1                    0
                    4                   15                    1                    0
                    4                   17                    0                    1
                    4                   18                    1                    0
                    4                   18                    0                    1
                    4                   19                    0                    1
                    5                    2                    0                    1
                    5                    3                    0                    1
                    5                    9                    0                    1
                    5                   10                    1                    0
                    5                   11                    0                    1
                    5                   12                    0                    1
                    5                   15                    0                    1
                    5                   16                    1                    0
                    5                   17                    1                    0
                    5                   17                    0                    1
                    5                   19                    1                    0
                    5                   19                    0                    1
                    5                   20                    0                    1
                    6                    1                    0                    1
                    6                    2                    1                    0
                    6                    7                    1                    0
                    6                    7                    0                    1
                    6                    8                    1                    0
                    6                    9                    1                    0
                    6                    9                    0                    1
                    6                   13                    1                    0
                    6                   13                    0                    1
                    6                   14                    0                    1
                    6                   15                    0                    1
                    6                   17                    0                    1
                    6                   18                    0                    1
                    6                   20                    1                    0
                    6                   20                    0                    1
                    7                    2                    1                    0
                    7                    5                    1                    0
                    7                    5                    0                    1
                    7                    6                    1                    0
                    7                    7                    1                    0
                    7                    8                    1                    0
                    7                    9                    1                    0
                    7                   13                    0                    1
                    7                   14                    1                    0
                    7                   15                    1                    0
                    7                   15                    0                    1
                    7                   16                    1                    0
                    7                   18                    1                    0
                    7                   18                    0                    1
                    7                   19                    1                    0
                    7                   20                    1                    0
                    8                    2                    1                    0
                    8                    3                    1                    0
                    8                    3                    0                    1
                    8                    4                    1                    0
                    8                    5                    1                    0
                    8                    6                    0                    1
                    8                    7                    1                    0
                    8                    7                    0                    1
                    8                    8                    1                    0
                    8                    8                    0                    1
                    8                    9                    1                    0
                    8                    9                    0                    1
                    8                   10                    1                    0
                    8                   13                    1                    0
                    8                   13                    0                    1
                    8                   15                    0                    1
                    8                   16                    1                    0
                    8                   16                    0                    1
                    8                   17                    1                    0
                    8                   18                    0                    1
                    8                   20                    1                    0
                    9                    2                    1                    0
                    9                    3                    0                    1
                    9                    4                    1                    0
                    9                    4                    0                    1
                    9                    7                    0                    1
                    9                    8                    1                    0
                    9                    8                    0                    1
                    9                   10                    0                    1
                    9                   11                    0                    1
                    9                   12                    0                    1
                    9                   14                    1                    0
                    9                   14                    0                    1
                    9                   15                    0                    1
                    9                   17                    1                    0
                    9                   19                    1                    0
                    9                   19                    0                    1
                   10                    2                    0                    1
                   10                    3                    0                    1
                   10                    4                    1                    0
                   10                    4                    0                    1
                   10                    5                    0                    1
                   10                    6                    0                    1
                   10                    7                    1                    0
                   10                    8                    1                    0
                   10                    9                    1                    0
                   10                    9                    0                    1
                   10                   10                    0                    1
                   10                   11                    1                    0
                   10                   13                    1                    0
                   10                   13                    0                    1
                   10                   14                    1                    0
                   10                   14                    0                    1
                   10                   15                    0                    1
                   10                   16                    0                    1
                   10                   19                    1                    0
                   11                    2                    1                    0
                   11                    2                    0                    1
                   11                    3                    1                    0
                   11                    4                    1                    0
                   11                    5                    1                    0
                   11                    5                    0                    1
                   11                    6                    0                    1
                   11                    7                    1                    0
                   11                    7                    0                    1
                   11                    8                    1                    0
                   11                    8                    0                    1
                   11                    9                    1                    0
                   11                    9                    0                    1
                   11                   10                    1                    0
                   11                   11                    1                    0
                   11                   13                    0                    1
                   11                   14                    1                    0
                   11                   14                    0                    1
                   11                   15                    1                    0
                   11                   18                    1                    0
                   11                   18                    0                    1
                   12                    1                    1                    0
                   12                    2                    0                    1
                   12                    4                    1                    0
                   12                    5                    1                    0
                   12                    7                    1                    0
                   12                    8                    1                    0
                   12                    9                    1                    0
                   12                   10                    1                    0
                   12                   11                    0                    1
                   12                   12                    1                    0
                   12                   14                    1                    0
                   12                   15                    0                    1
                   12                   16                    0                    1
                   12                   17                    0                    1
                   12                   19                    1                    0
                   12                   19                    0                    1
                   12                   20                    0                    1
                   13                    1                    1                    0
                   13                    3                    1                    0
                   13                    3                    0                    1
                   13                    4                    1                    0
                   13                    4                    0                    1
                   13                    5                    1                    0
                   13                    5                    0                    1
                   13                    6                    1                    0
                   13                    7                    0                    1
                   13                    9                    0                    1
                   13                   12                    1                    0
                   13                   13                    1                    0
                   13                   13                    0                    1
                   13                   16                    1                    0
                   13                   16                    0                    1
                   13                   17                    0                    1
                   13                   18                    0                    1
                   13                   19                    1                    0
                   13                   19                    0                    1
                   13                   20                    1                    0
                   14                    1                    0                    1
                   14                    2                    1                    0
                   14                    3                    1                    0
                   14                    4                    0                    1
                   14                    6                    0                    1
                   14                    7                    1                    0
                   14                    9                    1                    0
                   14                    9                    0                    1
                   14                   10                    1                    0
                   14                   12                    1                    0
                   14                   13                    1                    0
                   14                   14                    1                    0
                   14                   14                    0                    1
                   14                   15                    1                    0
                   14                   16                    1                    0
                   14                   18                    1                    0
                   14                   18                    0                    1
                   14                   19                    1                    0
                   14                   19                    0                    1
                   15                    1                    0                    1
                   15                    3                    0                    1
                   15                    4                    1                    0
                   15                    6                    1                    0
                   15                    6                    0                    1
                   15                    9                    1                    0
                   15                   10                    1                    0
                   15                   10                    0                    1
                   15                   11                    1                    0
                   15                   12                    0                    1
                   15                   14                    0                    1
                   15                   16                    0                    1
                   15                   17                    0                    1
                   15                   19                    1                    0
                   15                   20                    1                    0
                   15                   20                    0                    1
                   16                    1                    1                    0
                   16                    1                    0                    1
                   16                    2                    0                    1
                   16                    3                    0                    1
                   16                    6                    0                    1
                   16                    7                    0                    1
                   16                    8                    1                    0
                   16                    9                    0                    1
                   16                   11                    1                    0
                   16                   13                    1                    0
                   16                   13                    0                    1
                   16                   14                    1                    0
                   16                   19                    0                    1
                   17                    1                    1                    0
                   17                    2                    1                    0
                   17                    2                    0                    1
                   17                    3                    0                    1
                   17                    4                    1                    0
                   17                    7                    1                    0
                   17                    7                    0                    1
                   17                   10                    1                    0
                   17                   10                    0                    1
                   17                   12                    1                    0
                   17                   12                    0                    1
                   17                   14                    0                    1
                   17                   15                    1                    0
                   17                   16                    1                    0
                   17                   16                    0                    1
                   17                   17                    0                    1
                   17                   18                    0                    1
                   17                   19                    0                    1
                   17                   20                    1                    0
                   18                    2                    0                    1
                   18                    3                    0                    1
                   18                    4                    1                    0
                   18                    5                    1                    0
                   18                    5                    0                    1
                   18                    6                    1                    0
                   18                    7                    1                    0
                   18                    8                    1                    0
                   18                    8                    0                    1
                   18                    9                    0                    1
                   18                   12                    0                    1
                   18                   13                    0                    1
                   18                   14                    1                    0
                   18                   15                    0                    1
                   18                   16                    1                    0
                   18                   16                    0                    1
                   18                   17                    1                    0
                   18                   18                    1                    0
                   18                   18                    0                    1
                   18                   19                    0                    1
                   18                   20                    1                    0
                   18                   20                    0                    1
                   19                    1                    1                    0
                   19                    1                    0                    1
                   19                    2                    1                    0
                   19                    4                    1                    0
                   19                    5                    1                    0
                   19                    6                    1                    0
                   19                    7                    1                    0
                   19                    8                    0                    1
                   19                    9                    1                    0
                   19                   10                    1                    0
                   19                   10                    0                    1
                   19                   11                    1                    0
                   19                   14                    1                    0
                   19                   16                    0                    1
                   19                   18                    0                    1
                   19                   19                    0                    1
                   20                    2                    1                    0
                   20                    4                    1                    0
                   20                    5                    1                    0
                   20                    6                    0                    1
                   20                    9                    0                    1
                   20                   11                    0                    1
                   20                   12                    1                    0
                   20                   14                    0                    1
                   20                   15                    1                    0
                   20                   17                    1                    0
                   20                   17                    0                    1
                   20                   18                    1                    0
                   20                   20                    1                    0
                   20                   20                    0                    1
                   15                   10
                    1                    1
