                    4                   17                    1                    0
                    4                   17                    0                    1
                    4                   18                    1                    0
                    5                    1                    0                    1
                    5                   17                    0                    1
                   14                   11                    1                    0
                   14                   11                    0                    1
                   14                   12                    1                    0
                   15                   11                    0                    1
                   17                   13                    0                    1
                   17                   14                    1                    0
                   18                   14                    0                    1
                   18                   15                    0                    1
                   18                   16                    1                    0
                    5                    2
                   17                   13
