                    5                   17                    0                   -1
                   13                   18                    0                    1
                   14                   18                    1                    0
                   14                   19                    0                    1
                   15                   19                    1                    0
                   14                   19                   -1                    0
                   13                   19                   -1                    0
                    4                   17                   -1                    0
                    3                   17                   -1                    0
                    4                   17                    1                    0
                   12                   19                   -1                    0
                   13                   19                    1                    0
                   13                   18                    0                   -1
                    4                   16                    0                   -1
                   12                   18                   -1                    0
                    4                   15                    0                   -1
                   12                   17                    0                   -1
                    4                   16                    0                    1
                   12                   16                    0                   -1
                   13                   16                    1                    0
                    5                   16                    1                    0
                    4                   16                   -1                    0
                   13                   17                    0                    1
                    3                   16                   -1                    0
                    3                   15                    0                   -1
                    4                   15                    1                    0
                   12                   17                   -1                    0
                    4                   14                    0                   -1
                   13                   17                    1                    0
                    4                   13                    0                   -1
                    5                   13                    1                    0
                    5                   12                    0                   -1
                    5                   13                    0                    1
                   13                   16                    0                   -1
                   14                   16                    1                    0
                    4                   13                   -1                    0
                    3                   13                   -1                    0
                   15                   16                    1                    0
                    3                   14                    0                    1
                    2                   14                   -1                    0
                    3                   14                    1                    0
                    4                   14                    1                    0
                    3                   14                   -1                    0
                    3                   13                    0                   -1
                   14                   16                   -1                    0
                   14                   15                    0                   -1
                   14                   14                    0                   -1
                   13                   14                   -1                    0
                    3                   14                    0                    1
                    3                   15                    0                    1
                    3                   14                    0                   -1
                    4                   14                    1                    0
                   13                   13                    0                   -1
                    5                   14                    1                    0
                   14                   13                    1                    0
                    4                   14                   -1                    0
                   14                   12                    0                   -1
                   14                   13                    0                    1
                    3                   14                   -1                    0
                   14                   12                    0                   -1
                    2                   14                   -1                    0
                    2                   13                    0                   -1
                    2                   12                    0                   -1
                   15                   12                    1                    0
                    3                   12                    1                    0
                    2                   12                   -1                    0
                   16                   12                    1                    0
                    3                   12                    1                    0
                    3                   11                    0                   -1
                   17                   12                    1                    0
                   17                   11                    0                   -1
                   18                   11                    1                    0
                    4                   11                    1                    0
                   17                   11                   -1                    0
                    4                   12                    0                    1
                    3                   12                   -1                    0
                    3                   13                    0                    1
                   18                   11                    1                    0
                    4                   13                    1                    0
                    5                   13                    1                    0
                   17                   11                   -1                    0
                    6                   13                    1                    0
                    7                   13                    1                    0
                    7                   14                    0                    1
                   17                   12                    0                    1
                   16                   12                   -1                    0
                    6                   14                   -1                    0
                    6                   13                    0                   -1
                    7                   13                    1                    0
                   16                   13                    0                    1
                   15                   13                   -1                    0
                    7                   14                    0                    1
                    7                   15                    0                    1
                    7                   14                    0                   -1
                   15                   12                    0                   -1
                    8                   14                    1                    0
                    9                   14                    1                    0
                   15                   13                    0                    1
                    8                   14                   -1                    0
                    8                   15                    0                    1
                    7                   15                   -1                    0
                    8                   15                    1                    0
                   16                   13                    1                    0
                   17                   13                    1                    0
                   18                   13                    1                    0
                   19                   13                    1                    0
                    8                   14                    0                   -1
                    8                   15                    0                    1
                    9                   15                    1                    0
                   18                   13                   -1                    0
                   18                   12                    0                   -1
                    9                   14                    0                   -1
                    9                   15                    0                    1
                   19                   12                    1                    0
                   10                   15                    1                    0
                   19                   13                    0                    1
                   11                   15                    1                    0
                   10                   15                   -1                    0
                   11                   15                    1                    0
                   11                   14                    0                   -1
                   18                   13                   -1                    0
                   18                   14                    0                    1
                   18                   13                    0                   -1
                   12                   14                    1                    0
                   18                   14                    0                    1
                   11                   14                   -1                    0
                   12                   14                    1                    0
                   13                   14                    1                    0
                   12                   14                   -1                    0
                   17                   14                   -1                    0
                   17                   13                    0                   -1
                   12                   15                    0                    1
                   11                   15                   -1                    0
                   11                   14                    0                   -1
                   12                   14                    1                    0
                   12                   15                    0                    1
                   12                   14                    0                   -1
                   18                   13                    1                    0
                   12                   13                    0                   -1
                   12                   12                    0                   -1
                   13                   12                    1                    0
                   17                   13                   -1                    0
                   13                   13                    0                    1
                   18                   13                    1                    0
                   13                   12                    0                   -1
                   14                   12                    1                    0
                   19                   13                    1                    0
                   18                   13                   -1                    0
                   15                   12                    1                    0
                   15                   11                    0                   -1
                   16                   11                    1                    0
                   17                   11                    1                    0
                   16                   11                   -1                    0
                   17                   13                   -1                    0
                   17                   11                    1                    0
                   16                   11                   -1                    0
                   16                   12                    0                    1
                   16                   13                   -1                    0
                   16                   12                    0                   -1
                   11                   16                    1                    0
                   11                   15                    0                   -1
                    9                   16                   -1                    0
                   11                   14                    0                   -1
                   12                   14                    1                    0
                   12                   15                    0                    1
                   10                   16                    1                    0
                   10                   15                    0                   -1
                   11                   15                    1                    0
                   11                   14                    0                   -1
                   13                   15                    1                    0
                   10                   14                   -1                    0
                    9                   14                   -1                    0
                   13                   14                    0                   -1
                    9                   15                    0                    1
                   10                   15                    1                    0
                   13                   13                    0                   -1
                   14                   13                    1                    0
                   14                   12                    0                   -1
                   13                   12                   -1                    0
                   14                   12                    1                    0
                   15                   12                    1                    0
                   15                   13                    0                    1
                   11                   15                    1                    0
                   11                   14                    0                   -1
                   15                   14                    0                    1
                   10                   14                   -1                    0
                   15                   13                    0                   -1
                   10                   13                    0                   -1
                    9                   13                   -1                    0
                   15                   12                    0                   -1
                    9                   12                    0                   -1
                   16                   12                    1                    0
                    8                   12                   -1                    0
                   15                   12                   -1                    0
                    9                   12                    1                    0
                   15                   13                    0                    1
                   16                   13                    1                    0
                   10                   12                    1                    0
                   11                   12                    1                    0
