                   13                   18                    1                    0
                   13                   18                    0                    1
                   13                   19                    1                    0
                   14                   18                    0                    1
                   15                   12                    1                    0
                   16                   10                    1                    0
                   16                   10                    0                    1
                   16                   11                    1                    0
                   16                   12                    1                    0
                   17                   10                    0                    1
                   17                   12                    0                    1
                    5                    2
                   15                   12
