                    6                    7                   -1                    0
                    5                    7                   -1                    0
                    6                    7                    1                    0
                    5                    9                    0                    1
                    6                    6                    0                   -1
                    6                    7                    0                    1
                    6                    9                    1                    0
                    5                    7                   -1                    0
                    6                   10                    0                    1
                    5                    8                    0                    1
                    5                    7                    0                   -1
                    4                    7                   -1                    0
                    3                    7                   -1                    0
                    3                    8                    0                    1
                    3                    7                    0                   -1
                    5                   10                   -1                    0
                    3                    6                    0                   -1
                    4                    6                    1                    0
                    4                   10                   -1                    0
                    4                   11                    0                    1
                    3                   11                   -1                    0
                    4                   11                    1                    0
                    5                    6                    1                    0
                    4                    6                   -1                    0
                    3                    6                   -1                    0
                    4                    6                    1                    0
                    3                    6                   -1                    0
                    5                   11                    1                    0
                    3                    5                    0                   -1
                    3                    4                    0                   -1
                    3                    3                    0                   -1
                    6                   11                    1                    0
                    3                    4                    0                    1
                    6                   12                    0                    1
                    3                    5                    0                    1
                    2                    5                   -1                    0
                    7                   12                    1                    0
                    1                    5                   -1                    0
                    6                   12                   -1                    0
                    1                    6                    0                    1
                    1                    7                    0                    1
                    7                   12                    1                    0
                    7                   11                    0                   -1
                    1                    8                    0                    1
                    1                    9                    0                    1
                    1                   10                    0                    1
                    2                   10                    1                    0
                    2                   11                    0                    1
                    6                   11                   -1                    0
                    3                   11                    1                    0
                    5                   11                   -1                    0
                    4                   11                   -1                    0
                    4                   11                    1                    0
                    4                   10                    0                   -1
                    4                   11                    0                    1
                    3                   11                   -1                    0
                    3                   10                    0                   -1
                    4                   10                    0                   -1
                    4                   10                    1                    0
                   18                   10                    1                    0
                   18                    9                    0                   -1
                   17                    9                   -1                    0
                   18                   10                    1                    0
                   17                   10                   -1                    0
                   16                   10                   -1                    0
                   17                   10                    0                    1
                   16                   11                    0                    1
                   16                   10                   -1                    0
                   16                   12                    0                    1
                   16                   11                    0                    1
                   17                   11                    1                    0
                   16                   11                    0                   -1
                   18                   11                    1                    0
                   19                   11                    1                    0
                   17                   11                    1                    0
                   16                   11                   -1                    0
                   17                   11                    1                    0
                   17                   10                    0                   -1
                   19                   12                    0                    1
                   20                   12                    1                    0
                   16                   10                   -1                    0
                   19                   12                   -1                    0
                   19                   13                    0                    1
                   20                   13                    1                    0
                   16                    9                    0                   -1
                   20                   12                    0                   -1
                   16                    8                    0                   -1
                   17                    8                    1                    0
                   16                    8                   -1                    0
                   15                    8                   -1                    0
                   20                   11                    0                   -1
                    1                   11                    0                    0
                   15                    7                    0                   -1
                    1                   12                    0                    1
                   16                    7                    1                    0
                   17                    7                    1                    0
                    1                   11                    0                   -1
                    1                   10                    0                   -1
                   16                    7                   -1                    0
                   16                    6                    0                   -1
                    1                    9                    0                   -1
                   15                    6                   -1                    0
                    1                    8                    0                   -1
                   15                    7                    0                    1
                   20                    8                    0                    0
                   19                    8                   -1                    0
                   16                    7                    1                    0
                   15                    7                   -1                    0
                   15                    6                    0                   -1
                   19                    7                    0                   -1
                   19                    6                    0                   -1
                   14                    6                   -1                    0
                   18                    6                   -1                    0
                   13                    6                   -1                    0
                   18                    7                    0                    1
                   17                    7                   -1                    0
                   13                    5                    0                   -1
                   18                    7                    1                    0
                   19                    7                    1                    0
                   14                    5                    1                    0
                   14                    6                    0                    1
                   13                    6                   -1                    0
                   18                    7                   -1                    0
                   18                    6                    0                   -1
                   18                    7                    0                    1
                   12                    6                   -1                    0
                   19                    7                    1                    0
                   13                    6                    1                    0
                   13                    7                    0                    1
                   12                    7                   -1                    0
                   11                    7                   -1                    0
                   19                    6                    0                   -1
                   20                    6                    1                    0
                   11                    6                    0                   -1
                   11                    5                    0                   -1
                   20                    5                    0                   -1
                   11                    6                    0                    1
                   11                    5                    0                   -1
                   20                    4                    0                   -1
                   20                    5                    0                    1
                   11                    6                    0                    1
                   11                    7                    0                    1
                   20                    4                    0                   -1
                   20                    3                    0                   -1
                   20                    2                    0                   -1
                   20                    1                    0                   -1
                   11                    6                    0                   -1
                   11                    7                    0                    1
                   11                    8                    0                    1
                   19                    1                   -1                    0
                   19                    2                    0                    1
                   18                    2                   -1                    0
                   19                    2                    1                    0
                   19                    1                    0                   -1
                   11                    9                    0                    1
                   19                   20                    0                    0
                   20                   20                    1                    0
                   20                    1                    0                    0
                   20                    2                    0                    1
                   20                    3                    0                    1
                   11                    8                    0                   -1
                   10                    8                   -1                    0
                   20                    2                    0                   -1
                   19                    2                   -1                    0
                   19                    3                    0                    1
                   18                    3                   -1                    0
                   18                    2                    0                   -1
                   10                    7                    0                   -1
                   11                    7                    1                    0
                   18                    3                    0                    1
                   10                    7                   -1                    0
                   17                    3                   -1                    0
                   10                    8                    0                    1
                   18                    3                    1                    0
                    9                    8                   -1                    0
                   19                    3                    1                    0
                   19                    2                    0                   -1
                    8                    8                   -1                    0
                    9                    8                    1                    0
                    9                    7                    0                   -1
                    9                    6                    0                   -1
                    9                    7                    0                    1
                   20                    2                    1                    0
                    9                    8                    0                    1
                   20                    3                    0                    1
                    9                    7                    0                   -1
                   19                    3                   -1                    0
                   18                    3                   -1                    0
                    9                    6                    0                   -1
                   17                    3                   -1                    0
                    9                    7                    0                    1
                   17                    2                    0                   -1
                   10                    7                    1                    0
                   11                    7                    1                    0
                   11                    6                    0                   -1
                   17                    1                    0                   -1
                   17                   20                    0                    0
