                    1                    9                    1                    0
                    2                    9                    0                    1
                   11                    1                    0                    1
                   11                    2                    1                    0
                   11                   20                    1                    0
                   11                   20                    0                    1
                   12                    1                    0                    1
                   12                   20                    0                    1
                   18                   10                    0                    1
                   18                   11                    1                    0
                   19                   10                    1                    0
                   19                   11                    1                    0
                   20                   10                    0                    1
                    1                    9
                    2                   10
