                   18                    2                    0                   -1
                   19                    2                    1                    0
                   20                    2                    1                    0
                    1                    2                    0                    0
                    1                    3                    0                    1
                   15                    3                    0                   -1
                   14                    3                   -1                    0
                   15                    3                    1                    0
                   15                    2                    0                   -1
                   20                    3                    0                    0
                    1                    3                    0                    0
                   14                    2                   -1                    0
                   14                    1                    0                   -1
                    2                    3                    1                    0
                    1                    3                   -1                    0
                   14                    2                    0                    1
                   15                    2                    1                    0
                   20                    3                    0                    0
                   19                    3                   -1                    0
                   15                    3                    0                    1
                   19                    2                    0                   -1
                   14                    3                   -1                    0
                   15                    3                    1                    0
                   18                    2                   -1                    0
                   15                    4                    0                    1
                   18                    1                    0                   -1
                   17                    1                   -1                    0
                   18                    1                    1                    0
                   15                    3                    0                   -1
                   15                    4                    0                    1
                   18                    2                    0                    1
                   18                    3                    0                    1
                   18                    2                    0                   -1
                   15                    5                    0                    1
                   16                    5                    1                    0
                   18                    3                    0                    1
                   18                    4                    0                    1
                   16                    4                    0                   -1
                   19                    4                    1                    0
                   16                    3                    0                   -1
                   17                    3                    1                    0
                   18                    4                   -1                    0
                   16                    3                   -1                    0
                   19                    4                    1                    0
                   16                    4                    0                    1
                   16                    5                    0                    1
                   18                    4                   -1                    0
                   18                    3                    0                   -1
                   17                    5                    1                    0
                   17                    4                    0                   -1
                   17                    3                   -1                    0
                   16                    4                   -1                    0
                   17                    2                    0                   -1
                   16                    3                    0                   -1
                   16                    4                    0                    1
                   15                    4                   -1                    0
                   14                    4                   -1                    0
                   16                    2                   -1                    0
                   17                    2                    1                    0
                   17                    3                    0                    1
                   14                    3                    0                   -1
                   18                    3                    1                    0
                   19                    3                    1                    0
                   14                    4                    0                    1
                   15                    4                    1                    0
                   15                    3                    0                   -1
                   14                    3                   -1                    0
                   19                    4                    0                    1
                   14                    4                    0                    1
                   18                    4                   -1                    0
                   19                    4                    1                    0
                   14                    5                    0                    1
                   14                    4                    0                   -1
                   14                    5                    0                    1
                   14                    4                    0                   -1
                   19                    3                    0                   -1
                   18                    3                   -1                    0
                   18                    4                    0                    1
                   18                    5                    0                    1
                   14                    5                    0                    1
                   17                    5                   -1                    0
                   16                    5                   -1                    0
                   15                    5                   -1                    0
                   15                    5                    1                    0
                   15                    8                    1                    0
                   15                    8                    1                    0
                   17                    5                   -1                    0
                   18                    4                    0                   -1
                   17                    6                    0                    1
                   17                    5                    0                   -1
                   19                    4                    1                    0
                   18                    4                   -1                    0
                   19                    4                    1                    0
                   17                    4                    0                   -1
                   19                    3                    0                   -1
                   19                    4                    0                    1
                   16                    4                   -1                    0
                   16                    5                    0                    1
                   15                    5                   -1                    0
                   20                    4                    1                    0
                   15                    4                    0                   -1
                    1                    4                    0                    0
                   20                    4                    0                    0
                   19                    4                   -1                    0
                   18                    4                   -1                    0
                   14                    4                   -1                    0
                   15                    4                    1                    0
                   18                    5                    0                    1
                   18                    4                    0                   -1
                   18                    3                    0                   -1
                   18                    4                    0                    1
                   18                    3                    0                   -1
                   15                    5                    0                    1
                   14                    5                   -1                    0
                   13                    5                   -1                    0
                   17                    3                   -1                    0
                   14                    5                    1                    0
                   14                    4                    0                   -1
                   15                    4                    1                    0
                   15                    5                    0                    1
                   16                    5                    1                    0
                   18                    3                    1                    0
                   16                    6                    0                    1
                   17                    6                    1                    0
