                   10                   14                    0                    1
                    9                   14                   -1                    0
                   10                   14                    1                    0
                   10                   13                    0                   -1
                   15                   18                   -1                    0
                   10                   12                    0                   -1
                   10                   13                    0                    1
                   16                   18                    1                    0
                   16                   19                    0                    1
                   16                   20                    0                    1
                   16                   19                    0                   -1
                   11                   13                    1                    0
                   16                   18                    0                   -1
                   15                   18                   -1                    0
                   10                   13                   -1                    0
                    9                   13                   -1                    0
                   16                   18                    1                    0
                   15                   18                   -1                    0
                    8                   13                   -1                    0
                   15                   17                    0                   -1
                   14                   17                   -1                    0
                   15                   17                    1                    0
                    8                   12                    0                   -1
                    8                   13                    0                    1
                   15                   18                    0                    1
                   15                   19                    0                    1
                   15                   20                    0                    1
                   14                   20                   -1                    0
                   15                   20                    1                    0
                    7                   13                   -1                    0
                    7                   12                    0                   -1
                   16                   20                    1                    0
                   16                   19                    0                   -1
                    7                   13                    0                    1
                   16                   20                    0                    1
                   15                   20                   -1                    0
                    8                   13                    1                    0
                    7                   13                   -1                    0
                    7                   14                    0                    1
                   15                    1                    0                    0
                   15                    2                    0                    1
                    7                   13                    0                   -1
                    6                   13                   -1                    0
                   15                    1                    0                   -1
                    7                   13                    1                    0
                    7                   12                    0                   -1
                   15                   20                    0                    0
                    7                   13                    0                    1
                   15                   19                    0                   -1
                    7                   14                    0                    1
                   15                   18                    0                   -1
                    7                   13                    0                   -1
                    8                   13                    1                    0
                   16                   18                    1                    0
                    8                   12                    0                   -1
                    7                   12                   -1                    0
                    8                   12                    1                    0
                   17                   18                    1                    0
                   16                   18                   -1                    0
                    8                   13                    0                    1
                    7                   13                   -1                    0
                    8                   13                    1                    0
                   15                   18                   -1                    0
                    9                   13                    1                    0
                    9                   12                    0                   -1
                   15                   19                    0                    1
                    9                   13                    0                    1
                   10                   13                    1                    0
                    9                   13                   -1                    0
                   14                   19                   -1                    0
                    9                   12                    0                   -1
                    9                   13                    0                    1
                   15                   19                    1                    0
                   10                   13                    1                    0
                   10                   12                    0                   -1
                   10                   13                    0                    1
                   10                   14                    0                    1
