                   12                    3                    0                   -1
                   12                    4                    0                    1
                   15                   20                    0                    0
                   13                    4                    1                    0
                   12                    4                   -1                    0
                   16                   20                    1                    0
                   11                    4                   -1                    0
                   16                    1                    0                    0
                   17                    1                    1                    0
                   18                    1                    1                    0
                   11                    3                    0                   -1
                   10                    3                   -1                    0
                   18                    2                    0                    1
                    9                    3                   -1                    0
                   18                    1                    0                   -1
                    8                    3                   -1                    0
                    9                    3                    1                    0
                   18                   20                    0                    0
                    8                    3                   -1                    0
                   18                   19                    0                   -1
                    9                    3                    1                    0
                   17                   19                   -1                    0
                   10                    3                    1                    0
                    9                    3                   -1                    0
                   16                   19                   -1                    0
                   16                   18                    0                   -1
                    8                    3                   -1                    0
                    8                    2                    0                   -1
                   16                   19                    0                    1
                    8                    3                    0                    1
                   17                   19                    1                    0
                    8                    2                    0                   -1
                   18                   19                    1                    0
                   19                   19                    1                    0
                   19                   20                    0                    1
                   19                    1                    0                    0
                   19                   20                    0                    0
                   19                   19                    0                   -1
                   19                   20                    0                    1
                   19                    1                    0                    0
                   20                    1                    1                    0
                    1                    1                    0                    0
                    1                    2                    0                    1
                    7                    2                   -1                    0
                   20                    2                    0                    0
                   19                    2                   -1                    0
                    7                    3                    0                    1
                   19                    3                    0                    1
                    7                    4                    0                    1
                    6                    4                   -1                    0
                   18                    3                   -1                    0
                   18                    2                    0                   -1
                    5                    4                   -1                    0
                   17                    2                   -1                    0
                   17                    1                    0                   -1
                   17                    2                    0                    1
                   18                    2                    1                    0
                    5                    5                    0                    1
                   18                    3                    0                    1
                   19                    3                    1                    0
                   20                    3                    1                    0
                    6                    5                    1                    0
                    5                    5                   -1                    0
                    5                    6                    0                    1
                   20                    2                    0                   -1
                    1                    2                    0                    0
                    1                    1                    0                   -1
                    1                    2                    0                    1
                    4                    6                   -1                    0
                   20                    2                    0                    0
                    5                    6                    1                    0
                   20                    1                    0                   -1
                   19                    1                   -1                    0
                    5                    7                    0                    1
                   19                    2                    0                    1
                    5                    6                    0                   -1
                    6                    6                    1                    0
                    6                    5                    0                   -1
                    5                    5                   -1                    0
                    6                    5                    1                    0
                    6                    6                    0                    1
                   18                    2                   -1                    0
                   19                    2                    1                    0
                   19                    3                    0                    1
                    6                    5                    0                   -1
                    6                    6                    0                    1
                    7                    6                    1                    0
                   20                    3                    1                    0
                    7                    5                    0                   -1
                   20                    2                    0                   -1
                    6                    5                   -1                    0
                    5                    5                   -1                    0
                    1                    2                    0                    0
                    1                    1                    0                   -1
                    5                    4                    0                   -1
                    6                    4                    1                    0
                    6                    5                    0                    1
                    6                    4                    0                   -1
                    1                   20                    0                    0
                    1                   19                    0                   -1
                    1                   20                    0                    1
                    1                   19                    0                   -1
                    2                   19                    1                    0
                    5                    4                   -1                    0
                    1                   19                   -1                    0
                   20                   19                    0                    0
                    4                    4                   -1                    0
                    1                   19                    0                    0
                    1                   18                    0                   -1
                    1                   19                    0                    1
                    3                    4                   -1                    0
                    3                    3                    0                   -1
                   20                   19                    0                    0
                   19                   19                   -1                    0
                    3                    2                    0                   -1
                    3                    1                    0                   -1
                   19                   20                    0                    1
                   18                   20                   -1                    0
                    3                    2                    0                    1
                    4                    2                    1                    0
                   17                   20                   -1                    0
                   16                   20                   -1                    0
                   15                   20                   -1                    0
                    3                    2                   -1                    0
                    3                    3                    0                    1
                   15                    1                    0                    0
                   15                   20                    0                    0
                   15                   19                    0                   -1
                   15                   20                    0                    1
                   15                   19                    0                   -1
                    3                    4                    0                    1
                    3                    5                    0                    1
                   15                   20                    0                    1
                    3                    4                    0                   -1
                    4                    4                    1                    0
                    4                    5                    0                    1
                   15                    1                    0                    0
                   15                    2                    0                    1
                   16                    2                    1                    0
                    4                    4                    0                   -1
                   16                    3                    0                    1
                   16                    2                    0                   -1
                    4                    5                    0                    1
                    3                    5                   -1                    0
                   15                    2                   -1                    0
                    2                    5                   -1                    0
                    3                    5                    1                    0
                   15                    3                    0                    1
                   15                    4                    0                    1
                   14                    4                   -1                    0
                    2                    5                   -1                    0
                   14                    5                    0                    1
                    2                    4                    0                   -1
                    1                    4                   -1                    0
                   14                    4                    0                   -1
                   15                    4                    1                    0
                   15                    5                    0                    1
                   15                    4                    0                   -1
                   16                    4                    1                    0
                   16                    3                    0                   -1
                    2                    4                    1                    0
                   15                    3                   -1                    0
                   14                    3                   -1                    0
                    2                    3                    0                   -1
                    1                    3                   -1                    0
                   15                    3                    1                    0
                   16                    3                    1                    0
                   17                    3                    1                    0
                    2                    3                    1                    0
                   18                    3                    1                    0
                   18                    2                    0                   -1
                    3                    3                    1                    0
                    3                    4                    0                    1
                    3                    3                    0                   -1
                   19                    2                    1                    0
                    3                    4                    0                    1
                   19                    1                    0                   -1
                   18                    1                   -1                    0
                   18                   20                    0                    0
                    4                    4                    1                    0
                   17                   20                   -1                    0
                    3                    4                   -1                    0
                   18                   20                    1                    0
                    2                    4                   -1                    0
                    3                    4                    1                    0
                   18                    1                    0                    0
                   17                    1                   -1                    0
                    3                    3                    0                   -1
                   17                    2                    0                    1
                   17                    1                    0                   -1
                   18                    1                    1                    0
                    3                    4                    0                    1
                    4                    4                    1                    0
                   19                    1                    1                    0
                    3                    4                   -1                    0
                   19                    2                    0                    1
                   19                    1                    0                   -1
                    2                    4                   -1                    0
                   19                   20                    0                    0
                   19                   19                    0                   -1
