                   10                   18                   -1                    0
                    1                    3                    0                    0
                    2                    3                    1                    0
                    2                    4                    0                    1
                   10                   17                    0                   -1
                   11                   17                    1                    0
                    1                    4                   -1                    0
                   11                   18                    0                    1
                    2                    4                    1                    0
                    2                    3                    0                   -1
                    1                    3                   -1                    0
                   10                   18                   -1                    0
                    2                    3                    1                    0
                   10                   17                    0                   -1
                   11                   17                    1                    0
                   12                   17                    1                    0
                    1                    3                   -1                    0
                   12                   16                    0                   -1
                   20                    3                    0                    0
                    1                    3                    0                    0
                   13                   16                    1                    0
                   20                    3                    0                    0
                   20                    2                    0                   -1
                   20                    3                    0                    1
                   12                   16                   -1                    0
                    1                    3                    0                    0
                    1                    2                    0                   -1
                   20                    2                    0                    0
                    1                    2                    0                    0
                    1                    3                    0                    1
                    1                    4                    0                    1
                   20                    4                    0                    0
                   12                   17                    0                    1
                   13                   17                    1                    0
                    1                    4                    0                    0
                   20                    4                    0                    0
                   12                   17                   -1                    0
                   20                    5                    0                    1
                   20                    4                    0                   -1
                   13                   17                    1                    0
                    1                    4                    0                    0
                    1                    3                    0                   -1
                   13                   18                    0                    1
                   13                   19                    0                    1
                   13                   18                    0                   -1
                    2                    3                    1                    0
                   12                   18                   -1                    0
                   13                   18                    1                    0
                   13                   19                    0                    1
                   13                   18                    0                   -1
                   13                   17                    0                   -1
                    2                    4                    0                    1
                   14                   17                    1                    0
                   14                   16                    0                   -1
                    2                    3                    0                   -1
                    2                    2                    0                   -1
                    2                    3                    0                    1
                    3                    3                    1                    0
                    2                    3                   -1                    0
                    2                    2                    0                   -1
                    2                    3                    0                    1
                    1                    3                   -1                    0
                   20                    3                    0                    0
                   14                   17                    0                    1
                   19                    3                   -1                    0
                   13                   17                   -1                    0
                   12                   17                   -1                    0
                   20                    3                    1                    0
                   19                    3                   -1                    0
                   11                   17                   -1                    0
                   20                    3                    1                    0
                   11                   18                    0                    1
                   20                    4                    0                    1
                   19                    4                   -1                    0
                   18                    4                   -1                    0
                   10                   18                   -1                    0
                   19                    4                    1                    0
                   20                    4                    1                    0
                   20                    3                    0                   -1
                   10                   17                    0                   -1
                   11                   17                    1                    0
                   12                   17                    1                    0
                   20                    4                    0                    1
                   19                    4                   -1                    0
                   19                    3                    0                   -1
                   19                    4                    0                    1
