                   14                    6                   -1                    0
                   14                    7                    0                    1
                   16                    6                    0                   -1
                   16                    7                    0                    1
                   16                    8                    0                    1
                   17                    8                    1                    0
                   13                    7                   -1                    0
                   14                    7                    1                    0
                   13                    7                   -1                    0
                   17                    7                    0                   -1
                   14                    7                    1                    0
                   17                    8                    0                    1
                   16                    8                   -1                    0
                   14                    8                    0                    1
                   16                    9                    0                    1
                   15                    9                   -1                    0
                   14                    7                    0                   -1
                   15                    7                    1                    0
                   15                    6                    0                   -1
                   15                    5                    0                   -1
                   15                    6                    0                    1
                   16                    6                    1                    0
                   15                    6                   -1                    0
                   15                    5                    0                   -1
                   15                   10                    0                    1
                   14                    5                   -1                    0
                   16                   10                    1                    0
                   14                    6                    0                    1
                   15                    6                    1                    0
                   15                   10                   -1                    0
                   14                    6                   -1                    0
                   14                    5                    0                   -1
                   15                   11                    0                    1
                   14                   11                   -1                    0
                   14                   10                    0                   -1
                   14                    9                    0                   -1
                   14                   10                    0                    1
                   15                    5                    1                    0
                   13                   10                   -1                    0
                   14                    5                   -1                    0
                   15                    5                    1                    0
                   16                    5                    1                    0
                   13                    9                    0                   -1
                   13                    8                    0                   -1
                   17                    5                    1                    0
                   13                    7                    0                   -1
                   14                    7                    1                    0
                   17                    4                    0                   -1
                   17                    5                    0                    1
                   13                    7                   -1                    0
                   18                    5                    1                    0
                   18                    6                    0                    1
                   13                    6                    0                   -1
                   19                    6                    1                    0
                   13                    7                    0                    1
                   19                    7                    0                    1
                   19                    6                    0                   -1
                   14                    7                    1                    0
                   14                    8                    0                    1
                   18                    6                   -1                    0
                   13                    8                   -1                    0
                   17                    6                   -1                    0
                   13                    9                    0                    1
                   14                    9                    1                    0
                   15                    9                    1                    0
                   17                    5                    0                   -1
                   15                   10                    0                    1
                   16                    5                   -1                    0
                   15                    9                    0                   -1
                   16                    4                    0                   -1
                   15                   10                    0                    1
                   16                   10                    1                    0
                   15                   10                   -1                    0
                   17                    4                    1                    0
                   15                    9                    0                   -1
                   16                    9                    1                    0
                   15                    9                   -1                    0
                   14                    9                   -1                    0
                   14                   10                    0                    1
                   15                   10                    1                    0
                   15                   11                    0                    1
                   15                   10                    0                   -1
                   16                    4                   -1                    0
                   15                   11                    0                    1
                   16                    5                    0                    1
                   16                    6                    0                    1
                   15                   10                    0                   -1
                   15                   11                    0                    1
                   15                    6                   -1                    0
                   15                    7                    0                    1
                   16                    7                    1                    0
                   16                    8                    0                    1
                   15                   12                    0                    1
                   15                    8                   -1                    0
                   15                   11                    0                   -1
                   15                    9                    0                    1
                   15                   10                    0                    1
                   16                   10                    1                    0
                   16                    9                    0                   -1
                   16                   11                    1                    0
                   17                   11                    1                    0
                   17                    9                    1                    0
                   16                   11                   -1                    0
                   16                   10                    0                   -1
                   16                    9                    0                   -1
                   16                    9                   -1                    0
                   16                   10                    0                    1
                   17                    9                    1                    0
                   15                   10                   -1                    0
                   17                   10                    0                    1
                   15                    9                    0                   -1
                   15                   10                    0                    1
                   15                    9                    0                   -1
                   15                   10                    0                    1
                   17                   11                    0                    1
                   15                   11                    0                    1
                   16                   11                   -1                    0
                   16                   10                    0                   -1
                   16                   11                    0                    1
                   15                   12                    0                    1
                   16                   10                    0                   -1
                   16                    9                    0                   -1
                   17                    9                    1                    0
                   16                    9                   -1                    0
                   15                   11                    0                   -1
                   16                    8                    0                   -1
                   15                   10                    0                   -1
                   16                   10                    1                    0
                   17                   10                    1                    0
                   15                    8                   -1                    0
                   16                    8                    1                    0
                   15                    8                   -1                    0
                   17                   11                    0                    1
                   15                    9                    0                    1
                   18                   11                    1                    0
                   17                   11                   -1                    0
                   18                   11                    1                    0
                   14                    9                   -1                    0
                   19                   11                    1                    0
                   19                   10                    0                   -1
                   18                   10                   -1                    0
                   19                   10                    1                    0
                   14                    8                    0                   -1
                   19                   11                    0                    1
                   18                   11                   -1                    0
                   18                   12                    0                    1
                   18                   11                    0                   -1
                   18                   10                    0                   -1
                   14                    7                    0                   -1
                   18                   11                    0                    1
                   17                   11                   -1                    0
                   14                    6                    0                   -1
                   13                    6                   -1                    0
                   16                   11                   -1                    0
                   16                   10                    0                   -1
                   16                   11                    0                    1
                   13                    5                    0                   -1
                   13                    6                    0                    1
                   13                    5                    0                   -1
                   13                    6                    0                    1
                   13                    5                    0                   -1
                   16                   10                    0                   -1
                   15                   10                   -1                    0
                   15                    9                    0                   -1
                   12                    5                   -1                    0
                   12                    6                    0                    1
                   15                   10                    0                    1
                   12                    5                    0                   -1
                   11                    5                   -1                    0
                   11                    4                    0                   -1
                   11                    5                    0                    1
                   12                    5                    1                    0
                   16                   10                    1                    0
                   15                   10                   -1                    0
                   13                    5                    1                    0
                   13                    4                    0                   -1
                   12                    4                   -1                    0
                   11                    4                   -1                    0
                   15                   11                    0                    1
                   14                   11                   -1                    0
                   11                    3                    0                   -1
                   14                   10                    0                   -1
                   11                    2                    0                   -1
                   14                    9                    0                   -1
                   11                    3                    0                    1
                   10                    3                   -1                    0
                   10                    4                    0                    1
                   14                    8                    0                   -1
                   13                    8                   -1                    0
                   13                    7                    0                   -1
                   10                    3                    0                   -1
                   11                    3                    1                    0
                   12                    3                    1                    0
                   13                    8                    0                    1
