                    1                    1                    1                    0
                    1                    1                    0                    1
                    1                    9                    0                    1
                    1                   10                    1                    0
                    1                   10                    0                    1
                    1                   19                    0                    1
                    1                   20                    0                    1
                    2                    1                    0                    1
                    2                    2                    1                    0
                    2                    4                    1                    0
                    2                    4                    0                    1
                    2                    5                    0                    1
                    2                    6                    0                    1
                    2                    7                    0                    1
                    2                    8                    1                    0
                    2                   10                    1                    0
                    2                   17                    1                    0
                    2                   17                    0                    1
                    2                   18                    1                    0
                    3                    2                    0                    1
                    3                    3                    0                    1
                    3                    7                    1                    0
                    3                    7                    0                    1
                    3                    8                    1                    0
                    3                    8                    0                    1
                    3                    9                    0                    1
                    3                   17                    1                    0
                    3                   18                    1                    0
                    4                    6                    1                    0
                    4                    6                    0                    1
                    4                    8                    0                    1
                    4                    9                    1                    0
                    4                   11                    1                    0
                    4                   11                    0                    1
                    4                   12                    1                    0
                    4                   17                    1                    0
                    4                   18                    1                    0
                    5                    6                    1                    0
                    5                    9                    0                    1
                    5                   10                    0                    1
                    5                   12                    0                    1
                    5                   13                    1                    0
                    5                   17                    0                    1
                    6                    5                    1                    0
                    6                    5                    0                    1
                    6                   10                    1                    0
                    6                   10                    0                    1
                    6                   11                    0                    1
                    6                   12                    1                    0
                    6                   13                    1                    0
                    6                   19                    1                    0
                    6                   19                    0                    1
                    6                   20                    1                    0
                    7                    5                    1                    0
                    7                    8                    1                    0
                    7                    8                    0                    1
                    7                    9                    0                    1
                    7                   12                    0                    1
                    7                   19                    0                    1
                    8                    3                    0                    1
                    8                    4                    0                    1
                    8                    8                    1                    0
                    9                    8                    0                    1
                    9                    9                    0                    1
                    9                   10                    0                    1
                    9                   11                    0                    1
                    9                   12                    1                    0
                   10                    1                    1                    0
                   10                   12                    1                    0
                   10                   17                    1                    0
                   10                   17                    0                    1
                   10                   18                    1                    0
                   10                   20                    1                    0
                   10                   20                    0                    1
                   11                    1                    0                    1
                   11                    2                    1                    0
                   11                    8                    1                    0
                   11                    8                    0                    1
                   11                    9                    1                    0
                   11                   12                    0                    1
                   11                   13                    0                    1
                   11                   14                    0                    1
                   11                   15                    0                    1
                   11                   16                    0                    1
                   11                   18                    0                    1
                   11                   19                    0                    1
                   12                    2                    1                    0
                   12                    6                    1                    0
                   12                    6                    0                    1
                   12                    7                    0                    1
                   12                    9                    1                    0
                   12                   17                    1                    0
                   12                   17                    0                    1
                   12                   18                    0                    1
                   12                   19                    0                    1
                   12                   20                    1                    0
                   13                    2                    0                    1
                   13                    3                    0                    1
                   13                    4                    0                    1
                   13                    5                    0                    1
                   13                    8                    1                    0
                   13                    8                    0                    1
                   13                   11                    1                    0
                   13                   11                    0                    1
                   13                   12                    1                    0
                   13                   17                    0                    1
                   13                   18                    0                    1
                   13                   19                    0                    1
                   14                    7                    0                    1
                   14                   11                    1                    0
                   14                   12                    1                    0
                   14                   18                    1                    0
                   14                   18                    0                    1
                   14                   19                    1                    0
                   15                   11                    0                    1
                   15                   18                    0                    1
                   17                    5                    1                    0
                   17                    5                    0                    1
                   17                    6                    1                    0
                   17                    7                    1                    0
                   17                    7                    0                    1
                   17                    8                    1                    0
                   18                    5                    0                    1
                   18                    7                    1                    0
                   18                    8                    0                    1
                   18                    9                    1                    0
                   18                   17                    1                    0
                   18                   17                    0                    1
                   18                   18                    1                    0
                   18                   19                    1                    0
                   18                   19                    0                    1
                   18                   20                    1                    0
                   19                    1                    1                    0
                   19                    7                    0                    1
                   19                    8                    0                    1
                   19                    9                    1                    0
                   19                    9                    0                    1
                   19                   10                    0                    1
                   19                   11                    1                    0
                   19                   17                    1                    0
                   19                   18                    0                    1
                   19                   20                    0                    1
                   20                    1                    1                    0
                   20                    2                    1                    0
                   20                    9                    1                    0
                   20                   10                    1                    0
                   20                   10                    0                    1
                   20                   11                    1                    0
                   20                   17                    0                    1
                   20                   18                    0                    1
                   20                   19                    1                    0
                   20                    2
                   14                    7
