                    1                   16                    0                   -1
                    2                   16                    1                    0
                    3                   16                    1                    0
                    4                   16                    1                    0
                    3                   11                    0                    1
                    3                   12                    0                    1
                    5                   16                    1                    0
                    6                   16                    1                    0
                    3                   11                    0                   -1
                    6                   15                    0                   -1
                    6                   16                    0                    1
                    3                   10                    0                   -1
                    3                   11                    0                    1
                    5                   16                   -1                    0
                    5                   17                    0                    1
                    3                   10                    0                   -1
                    3                   11                    0                    1
                    6                   17                    1                    0
                    3                   10                    0                   -1
                    7                   17                    1                    0
                    6                   17                   -1                    0
                    6                   18                    0                    1
                    6                   17                    0                   -1
                    6                   18                    0                    1
                    4                   10                    1                    0
                    3                   10                   -1                    0
                    3                   11                    0                    1
                    6                   19                    0                    1
                    6                   20                    0                    1
                    4                   11                    1                    0
                    6                   19                    0                   -1
                    3                   11                   -1                    0
                    5                   19                   -1                    0
                    5                   20                    0                    1
                    4                   20                   -1                    0
                    2                   11                   -1                    0
                    2                   12                    0                    1
                    1                   12                   -1                    0
                    4                   19                    0                   -1
                    4                   18                    0                   -1
                    2                   12                    1                    0
                    4                   17                    0                   -1
                    4                   16                    0                   -1
                    1                   12                   -1                    0
                    5                   16                    1                    0
                    1                   13                    0                    1
                    5                   17                    0                    1
                    5                   18                    0                    1
                    2                   13                    1                    0
                    1                   13                   -1                    0
                   20                   13                    0                    0
                    5                   17                    0                   -1
                    5                   16                    0                   -1
                    6                   16                    1                    0
                   20                   14                    0                    1
                   20                   13                    0                   -1
                    1                   13                    0                    0
                    1                   12                    0                   -1
                    1                   13                    0                    1
                   20                   13                    0                    0
                    6                   15                    0                   -1
                    6                   16                    0                    1
                    1                   13                    0                    0
                    1                   12                    0                   -1
                    6                   15                    0                   -1
                    7                   15                    1                    0
                    1                   13                    0                    1
                    6                   15                   -1                    0
                   20                   13                    0                    0
                    6                   16                    0                    1
                   20                   14                    0                    1
                   19                   14                   -1                    0
                    6                   15                    0                   -1
                    6                   16                    0                    1
                   18                   14                   -1                    0
                   18                   13                    0                   -1
                   19                   13                    1                    0
                    7                   16                    1                    0
                    7                   17                    0                    1
                   18                   13                   -1                    0
                   18                   12                    0                   -1
                    8                   17                    1                    0
                    8                   18                    0                    1
                    7                   18                   -1                    0
                   17                   12                   -1                    0
                   18                   12                    1                    0
                   18                   11                    0                   -1
                    6                   18                   -1                    0
                   17                   11                   -1                    0
                   17                   12                    0                    1
                    5                   18                   -1                    0
                    4                   18                   -1                    0
                   17                   13                    0                    1
                   17                   14                    0                    1
                    4                   19                    0                    1
                    5                   19                    1                    0
                   18                   14                    1                    0
                   19                   14                    1                    0
                   19                   15                    0                    1
                    6                   19                    1                    0
                   20                   15                    1                    0
                   20                   16                    0                    1
                   19                   16                   -1                    0
                    5                   19                   -1                    0
                    5                   20                    0                    1
                   18                   16                   -1                    0
                   18                   15                    0                   -1
                   18                   16                    0                    1
                   18                   15                    0                   -1
                   17                   15                   -1                    0
                   17                   16                    0                    1
                   17                   17                    0                    1
                   18                   17                    1                    0
                   18                   16                    0                   -1
                   18                   15                    0                   -1
                   19                   15                    1                    0
                    5                   19                    0                   -1
                    4                   19                   -1                    0
                   20                   15                    1                    0
                   19                   15                   -1                    0
                    4                   18                    0                   -1
                    3                   18                   -1                    0
                    2                   18                   -1                    0
                   20                   15                    1                    0
                    1                   18                   -1                    0
                   19                   15                   -1                    0
                   20                   15                    1                    0
                    1                   15                    0                    0
                    1                   19                    0                    1
                    2                   15                    1                    0
                    2                   19                    1                    0
                    1                   19                   -1                    0
                    2                   16                    0                    1
                    3                   16                    1                    0
                    1                   20                    0                    1
                   20                   20                    0                    0
                    4                   16                    1                    0
                    4                   15                    0                   -1
                    3                   15                   -1                    0
                    3                   14                    0                   -1
                   19                   20                   -1                    0
                   19                   19                    0                   -1
                    2                   14                   -1                    0
                   19                   18                    0                   -1
                   19                   19                    0                    1
                   19                   20                    0                    1
                   18                   20                   -1                    0
                   18                   19                    0                   -1
                   18                   18                    0                   -1
                    1                   14                   -1                    0
                   18                   19                    0                    1
                   20                   14                    0                    0
                   20                   15                    0                    1
                   19                   15                   -1                    0
                   18                   20                    0                    1
                   19                   16                    0                    1
                   18                   19                    0                   -1
                   18                   16                   -1                    0
                   17                   16                   -1                    0
                   17                   17                    0                    1
                   16                   17                   -1                    0
                   17                   19                   -1                    0
                   16                   16                    0                   -1
                   16                   15                    0                   -1
                   17                   15                    1                    0
                   16                   15                   -1                    0
                   16                   19                   -1                    0
                   17                   19                    1                    0
                   18                   19                    1                    0
                   16                   16                    0                    1
                   16                   15                    0                   -1
                   18                   20                    0                    1
                   19                   20                    1                    0
                   16                   16                    0                    1
                   20                   20                    1                    0
                   17                   16                    1                    0
                   20                   19                    0                   -1
                    1                   19                    0                    0
                   16                   16                   -1                    0
                    1                   18                    0                   -1
                   15                   16                   -1                    0
                   20                   18                    0                    0
                   14                   16                   -1                    0
                   14                   15                    0                   -1
                   14                   16                    0                    1
