                   15                    1                    0                    0
                   15                   20                    0                    0
                    9                   15                   -1                    0
                   10                   15                    1                    0
                   10                   16                    0                    1
                   10                   15                    0                   -1
                   11                   15                    1                    0
                   10                   15                   -1                    0
                   11                   15                    1                    0
                   10                   15                   -1                    0
                   16                   20                    1                    0
                   15                   20                   -1                    0
                   15                    1                    0                    0
                   15                   20                    0                    0
                   10                   16                    0                    1
                   16                   20                    1                    0
                   10                   17                    0                    1
                   10                   16                    0                   -1
                   17                   20                    1                    0
                   18                   20                    1                    0
                   11                   16                    1                    0
                   11                   17                    0                    1
                   11                   16                    0                   -1
                   17                   20                   -1                    0
                   12                   16                    1                    0
                   11                   16                   -1                    0
                   16                   20                   -1                    0
                   15                   20                   -1                    0
                   10                   16                   -1                    0
                   10                   17                    0                    1
                   16                   20                    1                    0
                   16                    1                    0                    0
                   10                   16                    0                   -1
                   10                   15                    0                   -1
                   15                    1                   -1                    0
                   16                    1                    1                    0
                   17                    1                    1                    0
                   16                    1                   -1                    0
                   17                    1                    1                    0
                   11                   15                    1                    0
                   16                    1                   -1                    0
                   16                    2                    0                    1
                   16                    1                    0                   -1
                   16                   20                    0                    0
                   15                   20                   -1                    0
                   12                   15                    1                    0
                   12                   16                    0                    1
                   12                   15                    0                   -1
                   14                   20                   -1                    0
                   12                   14                    0                   -1
                   12                   15                    0                    1
                   12                   14                    0                   -1
                   12                   15                    0                    1
                   15                   20                    1                    0
                   14                   20                   -1                    0
                   15                   20                    1                    0
                   11                   15                   -1                    0
                   15                   19                    0                   -1
                   14                   19                   -1                    0
                   15                   19                    1                    0
                   12                   15                    1                    0
