                    1                    1                    0                    1
                    1                    2                    1                    0
                    1                    3                    0                    1
                    1                   14                    0                    1
                    1                   15                    0                    1
                    1                   16                    0                    1
                    1                   17                    0                    1
                    1                   19                    0                    1
                    1                   20                    0                    1
                    2                    2                    1                    0
                    2                   15                    0                    1
                    2                   16                    0                    1
                    2                   17                    1                    0
                    3                    2                    1                    0
                    3                   15                    0                    1
                    3                   16                    0                    1
                    4                    1                    1                    0
                    4                    1                    0                    1
                    4                    3                    1                    0
                    4                    3                    0                    1
                    4                    4                    0                    1
                    4                    5                    1                    0
                    5                    1                    1                    0
                    5                    3                    0                    1
                    5                    4                    0                    1
                    8                    7                    1                    0
                    8                    7                    0                    1
                    8                    8                    1                    0
                    9                    7                    0                    1
                    9                   15                    1                    0
                    9                   15                    0                    1
                    9                   16                    1                    0
                   10                   15                    0                    1
                   11                    9                    1                    0
                   11                    9                    0                    1
                   11                   10                    1                    0
                   11                   13                    1                    0
                   11                   13                    0                    1
                   11                   14                    0                    1
                   11                   15                    0                    1
                   11                   16                    1                    0
                   12                    1                    1                    0
                   12                    1                    0                    1
                   12                    2                    1                    0
                   12                    8                    1                    0
                   12                    8                    0                    1
                   12                   10                    0                    1
                   12                   11                    0                    1
                   12                   12                    0                    1
                   13                    1                    0                    1
                   13                    8                    0                    1
                   13                    9                    1                    0
                   14                    1                    1                    0
                   14                    1                    0                    1
                   14                    2                    1                    0
                   14                    4                    1                    0
                   14                    4                    0                    1
                   14                    5                    1                    0
                   14                    8                    1                    0
                   14                    8                    0                    1
                   14                    9                    1                    0
                   14                    9                    0                    1
                   14                   10                    1                    0
                   15                    1                    0                    1
                   15                    4                    0                    1
                   15                    8                    0                    1
                   15                    9                    1                    0
                   15                    9                    0                    1
                   16                    9                    1                    0
                   17                    9                    1                    0
                   17                   11                    1                    0
                   17                   11                    0                    1
                   17                   12                    0                    1
                   17                   13                    1                    0
                   18                    9                    1                    0
                   18                   11                    1                    0
                   18                   12                    1                    0
                   18                   12                    0                    1
                   18                   13                    1                    0
                   18                   13                    0                    1
                   18                   14                    1                    0
                   19                    9                    0                    1
                   19                   10                    1                    0
                   19                   11                    0                    1
                   19                   12                    1                    0
                   19                   12                    0                    1
                   19                   14                    1                    0
                   20                    3                    1                    0
                   20                    3                    0                    1
                   20                    4                    1                    0
                   20                   10                    0                    1
                   20                   11                    0                    1
                   20                   14                    1                    0
                   20                   18                    1                    0
                   20                   18                    0                    1
                   20                   19                    1                    0
                    6                    1
                    3                   15
