                    2                   15                   -1                    0
                    2                   14                    0                   -1
                   10                   17                    1                    0
                   10                   18                    0                    1
                    2                   15                    0                    1
                    9                   18                   -1                    0
                    2                   16                    0                    1
                    1                   16                   -1                    0
                    2                   16                    1                    0
                    2                   17                    0                    1
                    8                   18                   -1                    0
                    8                   17                    0                   -1
                    3                   17                    1                    0
                    7                   17                   -1                    0
                    8                   17                    1                    0
                    9                   17                    1                    0
                   10                   17                    1                    0
                   10                   18                    0                    1
                   10                   17                    0                   -1
                    3                   18                    0                    1
                    9                   17                   -1                    0
                    3                   19                    0                    1
                    9                   18                    0                    1
                    3                   20                    0                    1
                    9                   17                    0                   -1
                    2                   20                   -1                    0
                    3                   20                    1                    0
                    8                   17                   -1                    0
                    4                   20                    1                    0
                    3                   20                   -1                    0
                    2                   20                   -1                    0
                    2                   19                    0                   -1
                    8                   16                    0                   -1
                    8                   17                    0                    1
                    2                   20                    0                    1
                    1                   20                   -1                    0
                    2                   20                    1                    0
                    8                   16                    0                   -1
                    2                   19                    0                   -1
                    8                   15                    0                   -1
                    2                   18                    0                   -1
                    2                   19                    0                    1
                    2                   20                    0                    1
                    3                   20                    1                    0
                    3                   19                    0                   -1
                    8                   16                    0                    1
                    8                   15                    0                   -1
                    8                   16                    0                    1
                    3                   18                    0                   -1
                    2                   18                   -1                    0
                    8                   17                    0                    1
                    2                   19                    0                    1
                    2                   20                    0                    1
                    8                   16                    0                   -1
                    3                   20                    1                    0
                    9                   16                    1                    0
                    2                   20                   -1                    0
                   10                   16                    1                    0
                    9                   16                   -1                    0
                   10                   16                    1                    0
                   10                   17                    0                    1
                   10                   18                    0                    1
                    2                   19                    0                   -1
                   10                   17                    0                   -1
                   10                   16                    0                   -1
                    2                   18                    0                   -1
                   11                   16                    1                    0
                   11                   15                    0                   -1
                   11                   16                    0                    1
                    3                   18                    1                    0
                    2                   18                   -1                    0
                    3                   18                    1                    0
                    3                   17                    0                   -1
                   10                   16                   -1                    0
                    2                   17                   -1                    0
                   10                   15                    0                   -1
                    2                   18                    0                    1
                   10                   14                    0                   -1
                    1                   18                   -1                    0
                   20                   18                    0                    0
                   11                   14                    1                    0
                   20                   19                    0                    1
                   19                   19                   -1                    0
                   12                   14                    1                    0
                   13                   14                    1                    0
                   12                   14                   -1                    0
                   13                   14                    1                    0
                   19                   18                    0                   -1
                   19                   19                    0                    1
                   19                   20                    0                    1
                   19                    1                    0                    0
                   20                    1                    1                    0
                   20                    2                    0                    1
                   12                   14                   -1                    0
                   20                    1                    0                   -1
                   12                   13                    0                   -1
                   11                   13                   -1                    0
                   12                   13                    1                    0
                   20                    2                    0                    1
                    1                    2                    0                    0
                   12                   14                    0                    1
                   13                   14                    1                    0
                   12                   14                   -1                    0
                   11                   14                   -1                    0
                    1                    1                    0                   -1
                   11                   13                    0                   -1
                    1                    2                    0                    1
                   11                   14                    0                    1
                   20                    2                    0                    0
                   11                   15                    0                    1
