                   19                    5                   -1                    0
                   20                    5                    1                    0
                   20                    4                    0                   -1
                    1                    4                    0                    0
                    2                   12                    0                   -1
                    1                   12                   -1                    0
                   20                    4                    0                    0
                    2                   12                    1                    0
                    2                   13                    0                    1
                   20                    5                    0                    1
                   20                    4                    0                   -1
                    2                   14                    0                    1
                   20                    5                    0                    1
                    1                    5                    0                    0
                    2                   13                    0                   -1
                    1                   13                   -1                    0
                    2                    5                    1                    0
                    2                    4                    0                   -1
                    2                   13                    1                    0
                    2                    5                    0                    1
                    1                    5                   -1                    0
                   20                    5                    0                    0
                    2                   12                    0                   -1
                    3                   12                    1                    0
                    3                   13                    0                    1
                    3                   12                    0                   -1
                    2                   12                   -1                    0
                    3                   12                    1                    0
                    2                   12                   -1                    0
                    2                   11                    0                   -1
                   20                    6                    0                    1
                   20                    5                    0                   -1
                    2                   12                    0                    1
                    3                   12                    1                    0
                    2                   12                   -1                    0
                   19                    5                   -1                    0
                    1                   12                   -1                    0
                   20                    5                    1                    0
                    2                   12                    1                    0
                    2                   13                    0                    1
                    3                   13                    1                    0
                    3                   12                    0                   -1
                    3                   13                    0                    1
                   19                    5                   -1                    0
                   19                    4                    0                   -1
                   19                    3                    0                   -1
                    2                   13                   -1                    0
                   19                    4                    0                    1
                   20                    4                    1                    0
                    1                    4                    0                    0
                   20                    4                    0                    0
                    1                   13                   -1                    0
                    2                   13                    1                    0
                   20                    3                    0                   -1
                   20                    2                    0                   -1
                   20                    3                    0                    1
                   20                    2                    0                   -1
                   20                    3                    0                    1
                    3                   13                    1                    0
                   20                    4                    0                    1
                   19                    4                   -1                    0
                   20                    4                    1                    0
                   20                    5                    0                    1
                    2                   13                   -1                    0
                    2                   14                    0                    1
                    2                   15                    0                    1
                   20                    4                    0                   -1
                    2                   14                    0                   -1
                   20                    5                    0                    1
                   20                    4                    0                   -1
                   20                    5                    0                    1
                   19                    5                   -1                    0
