                    4                   19                    1                    0
                    3                   19                   -1                    0
                   17                    4                    1                    0
                   16                    4                   -1                    0
                    4                   19                    1                    0
                   17                    4                    1                    0
                   17                    3                    0                   -1
                   17                    4                    0                    1
                   17                    5                    0                    1
                    4                   18                    0                   -1
                   18                    5                    1                    0
                   18                    4                    0                   -1
                    4                   19                    0                    1
                   17                    4                   -1                    0
                    3                   19                   -1                    0
                    4                   19                    1                    0
                    5                   19                    1                    0
                   17                    5                    0                    1
                   18                    5                    1                    0
                    5                   20                    0                    1
                   18                    4                    0                   -1
                    5                   19                    0                   -1
                    4                   19                   -1                    0
                    3                   19                   -1                    0
                   17                    4                   -1                    0
                    3                   18                    0                   -1
                   16                    4                   -1                    0
                    3                   19                    0                    1
                    3                   18                    0                   -1
                    3                   19                    0                    1
                   15                    4                   -1                    0
                    4                   19                    1                    0
                   15                    5                    0                    1
                   14                    5                   -1                    0
                   14                    6                    0                    1
                   14                    7                    0                    1
                    4                   18                    0                   -1
                   14                    6                    0                   -1
                    4                   19                    0                    1
                   14                    5                    0                   -1
                    3                   19                   -1                    0
                    3                   18                    0                   -1
                    2                   18                   -1                    0
                    3                   18                    1                    0
                   15                    5                    1                    0
                   14                    5                   -1                    0
                    3                   19                    0                    1
                   14                    6                    0                    1
                   14                    5                    0                   -1
                   13                    5                   -1                    0
                    3                   20                    0                    1
                   14                    5                    1                    0
                   14                    6                    0                    1
                   14                    5                    0                   -1
                   15                    5                    1                    0
                    3                   19                    0                   -1
                    3                   20                    0                    1
                   15                    4                    0                   -1
                   16                    4                    1                    0
                    3                   19                    0                   -1
                    4                   19                    1                    0
                   17                    4                    1                    0
                    3                   19                   -1                    0
                   17                    5                    0                    1
                    3                   20                    0                    1
                   17                    4                    0                   -1
                    3                   19                    0                   -1
                   16                    4                   -1                    0
                   15                    4                   -1                    0
                   15                    3                    0                   -1
                    3                   18                    0                   -1
                   15                    4                    0                    1
                    3                   19                    0                    1
                    3                   18                    0                   -1
                    3                   19                    0                    1
                    3                   18                    0                   -1
