                    3                   14                    1                    0
                    4                   14                    1                    0
                    4                   13                    0                   -1
                    4                   12                    0                   -1
                   19                    6                    0                    1
                    4                   13                    0                    1
                   19                    7                    0                    1
                   20                    7                    1                    0
                   19                    7                   -1                    0
                    5                   13                    1                    0
                    4                   13                   -1                    0
                    4                   14                    0                    1
                   19                    6                    0                   -1
                   19                    5                    0                   -1
                    4                   13                    0                   -1
                    4                   14                    0                    1
                    3                   14                   -1                    0
                   19                    4                    0                   -1
                    2                   14                   -1                    0
                   19                    5                    0                    1
                    3                   14                    1                    0
                    2                   14                   -1                    0
                   20                    5                    1                    0
                   19                    5                   -1                    0
                   20                    5                    1                    0
                   19                    5                   -1                    0
                    3                   14                    1                    0
                    2                   14                   -1                    0
                   18                    5                   -1                    0
                   19                    5                    1                    0
                   19                    6                    0                    1
                    2                   15                    0                    1
                    2                   14                    0                   -1
                   20                    6                    1                    0
                   20                    7                    0                    1
                   19                    7                   -1                    0
                   18                    7                   -1                    0
                   19                    7                    1                    0
                   19                    6                    0                   -1
                   19                    7                    0                    1
                   20                    7                    1                    0
                   20                    8                    0                    1
                    3                   14                    1                    0
                    3                   15                    0                    1
                    4                   15                    1                    0
                   20                    7                    0                   -1
                    3                   15                   -1                    0
                   19                    7                   -1                    0
                   20                    7                    1                    0
                   20                    8                    0                    1
                   20                    7                    0                   -1
                    3                   14                    0                   -1
                    3                   15                    0                    1
                   20                    6                    0                   -1
                    3                   14                    0                   -1
                   19                    6                   -1                    0
                   19                    5                    0                   -1
                    2                   14                   -1                    0
                   19                    4                    0                   -1
                   19                    3                    0                   -1
                   20                    3                    1                    0
                    1                    3                    0                    0
