                   10                   19                    0                   -1
                    9                   19                   -1                    0
                   15                   20                    0                    0
                   14                   20                   -1                    0
                    9                   20                    0                    1
                   14                   19                    0                   -1
                   15                   19                    1                    0
                   14                   19                   -1                    0
                    8                   20                   -1                    0
                    9                   20                    1                    0
                    9                   19                    0                   -1
                   14                   20                    0                    1
                    9                   18                    0                   -1
                    8                   18                   -1                    0
                   14                   19                    0                   -1
                   14                   20                    0                    1
                   13                   20                   -1                    0
                    9                   18                    1                    0
                    9                   19                    0                    1
                   14                   20                    1                    0
                    8                   19                   -1                    0
                   15                   20                    1                    0
                   15                   19                    0                   -1
                    9                   19                    1                    0
                   14                   19                   -1                    0
                    9                   20                    0                    1
                   13                   19                   -1                    0
                   13                   18                    0                   -1
                   14                   18                    1                    0
                   13                   18                   -1                    0
                   13                   17                    0                   -1
                    9                   19                    0                   -1
                    8                   19                   -1                    0
                   13                   18                    0                    1
                   13                   19                    0                    1
                    9                   19                    1                    0
                   10                   19                    1                    0
                   11                   19                    1                    0
                   14                   19                    1                    0
                   11                   20                    0                    1
                   11                   19                    0                   -1
                   15                   19                    1                    0
                   10                   19                   -1                    0
                   15                   20                    0                    1
                   10                   20                    0                    1
                   15                    1                    0                    0
                   10                   19                    0                   -1
                   14                    1                   -1                    0
                   10                   20                    0                    1
                   15                    1                    1                    0
                   15                   20                    0                    0
                   15                    1                    0                    0
                   10                    1                    0                    0
                    9                    1                   -1                    0
                   10                    1                    1                    0
                   14                    1                   -1                    0
                   15                    1                    1                    0
                    9                    1                   -1                    0
                   10                    1                    1                    0
                   14                    1                   -1                    0
                   10                    2                    0                    1
                   10                    1                    0                   -1
                   15                    1                    1                    0
                   10                    2                    0                    1
                   11                    2                    1                    0
                   15                   20                    0                    0
                   10                    2                   -1                    0
                   15                    1                    0                    0
                   15                   20                    0                    0
                   10                    3                    0                    1
                   15                    1                    0                    0
                   10                    2                    0                   -1
                   11                    2                    1                    0
                   11                    1                    0                   -1
                   11                   20                    0                    0
                   15                    2                    0                    1
                   11                   19                    0                   -1
                   16                    2                    1                    0
                   12                   19                    1                    0
                   12                   20                    0                    1
                   11                   20                   -1                    0
                   11                   19                    0                   -1
                   12                   19                    1                    0
