                    1                    1                    1                    0
                    1                    1                    0                    1
                    1                    2                    1                    0
                    1                    4                    0                    1
                    1                    6                    0                    1
                    1                    9                    0                    1
                    1                   10                    0                    1
                    1                   11                    1                    0
                    1                   11                    0                    1
                    1                   12                    1                    0
                    1                   13                    1                    0
                    1                   15                    1                    0
                    1                   17                    1                    0
                    1                   17                    0                    1
                    1                   19                    1                    0
                    2                    1                    0                    1
                    2                    2                    1                    0
                    2                    2                    0                    1
                    2                    3                    0                    1
                    2                    4                    1                    0
                    2                    6                    1                    0
                    2                    6                    0                    1
                    2                    7                    0                    1
                    2                    8                    0                    1
                    2                    9                    0                    1
                    2                   10                    0                    1
                    2                   12                    1                    0
                    2                   13                    0                    1
                    2                   14                    0                    1
                    2                   17                    1                    0
                    2                   18                    1                    0
                    2                   18                    0                    1
                    3                    2                    0                    1
                    3                    3                    1                    0
                    3                    4                    0                    1
                    3                    5                    0                    1
                    3                    9                    1                    0
                    3                    9                    0                    1
                    3                   10                    1                    0
                    3                   12                    0                    1
                    3                   13                    0                    1
                    3                   14                    0                    1
                    3                   15                    0                    1
                    3                   16                    0                    1
                    3                   18                    0                    1
                    3                   19                    0                    1
                    3                   20                    1                    0
                    4                    3                    1                    0
                    4                    4                    1                    0
                    4                    4                    0                    1
                    4                    5                    0                    1
                    4                    6                    1                    0
                    4                    9                    0                    1
                    4                   12                    1                    0
                    4                   12                    0                    1
                    4                   13                    0                    1
                    4                   14                    0                    1
                    4                   15                    1                    0
                    4                   18                    1                    0
                    4                   18                    0                    1
                    4                   19                    0                    1
                    5                    3                    0                    1
                    5                    4                    1                    0
                    5                    4                    0                    1
                    5                    5                    0                    1
                    5                   12                    1                    0
                    5                   15                    1                    0
                    5                   16                    1                    0
                    5                   16                    0                    1
                    5                   17                    0                    1
                    6                    1                    0                    1
                    6                    2                    1                    0
                    6                    3                    1                    0
                    6                    3                    0                    1
                    6                    5                    1                    0
                    6                    5                    0                    1
                    6                    6                    1                    0
                    6                   12                    0                    1
                    6                   13                    1                    0
                    6                   14                    1                    0
                    6                   14                    0                    1
                    6                   16                    1                    0
                    6                   18                    0                    1
                    6                   19                    0                    1
                    6                   20                    0                    1
                    7                    1                    1                    0
                    7                    2                    1                    0
                    7                    3                    0                    1
                    7                    4                    0                    1
                    7                    5                    1                    0
                    7                    5                    0                    1
                    7                    6                    1                    0
                    7                    6                    0                    1
                    7                    7                    1                    0
                    7                   13                    0                    1
                    7                   14                    1                    0
                    7                   14                    0                    1
                    7                   15                    1                    0
                    7                   16                    1                    0
                    7                   17                    1                    0
                    7                   17                    0                    1
                    7                   18                    0                    1
                    7                   19                    0                    1
                    7                   20                    0                    1
                    8                    1                    1                    0
                    8                    2                    0                    1
                    8                    3                    1                    0
                    8                    4                    1                    0
                    8                    4                    0                    1
                    8                    5                    1                    0
                    8                    5                    0                    1
                    8                    6                    1                    0
                    8                    6                    0                    1
                    8                    9                    1                    0
                    8                    9                    0                    1
                    8                   10                    1                    0
                    8                   13                    1                    0
                    8                   13                    0                    1
                    8                   15                    0                    1
                    8                   17                    0                    1
                    8                   18                    0                    1
                    8                   19                    1                    0
                    9                    1                    0                    1
                    9                    2                    1                    0
                    9                    3                    0                    1
                    9                    4                    0                    1
                    9                    6                    0                    1
                    9                    7                    1                    0
                    9                    8                    1                    0
                    9                    8                    0                    1
                    9                    9                    1                    0
                    9                    9                    0                    1
                    9                   12                    1                    0
                    9                   12                    0                    1
                    9                   15                    1                    0
                    9                   15                    0                    1
                    9                   16                    0                    1
                    9                   17                    0                    1
                    9                   18                    0                    1
                    9                   19                    1                    0
                    9                   19                    0                    1
                    9                   20                    1                    0
                   10                    1                    1                    0
                   10                    1                    0                    1
                   10                    4                    1                    0
                   10                    4                    0                    1
                   10                    5                    0                    1
                   10                    6                    1                    0
                   10                    7                    1                    0
                   10                    8                    0                    1
                   10                   12                    1                    0
                   10                   15                    0                    1
                   10                   16                    1                    0
                   10                   19                    0                    1
                   11                    1                    1                    0
                   11                    2                    1                    0
                   11                    2                    0                    1
                   11                    3                    1                    0
                   11                    4                    1                    0
                   11                    6                    1                    0
                   11                    7                    0                    1
                   11                    8                    0                    1
                   11                    9                    1                    0
                   11                   11                    1                    0
                   11                   11                    0                    1
                   11                   16                    1                    0
                   12                    1                    0                    1
                   12                    3                    0                    1
                   12                    6                    0                    1
                   12                    7                    0                    1
                   12                    8                    0                    1
                   12                    9                    1                    0
                   12                    9                    0                    1
                   12                   10                    1                    0
                   12                   11                    1                    0
                   12                   13                    1                    0
                   12                   13                    0                    1
                   12                   14                    1                    0
                   12                   16                    1                    0
                   13                    1                    0                    1
                   13                    2                    1                    0
                   13                    5                    1                    0
                   13                    5                    0                    1
                   13                    6                    1                    0
                   13                    9                    1                    0
                   13                   10                    1                    0
                   13                   11                    1                    0
                   13                   12                    1                    0
                   13                   12                    0                    1
                   13                   14                    0                    1
                   13                   15                    1                    0
                   13                   16                    0                    1
                   13                   17                    1                    0
                   13                   19                    1                    0
                   13                   19                    0                    1
                   13                   20                    0                    1
                   14                    1                    1                    0
                   14                    1                    0                    1
                   14                    5                    0                    1
                   14                    6                    1                    0
                   14                    6                    0                    1
                   14                    7                    0                    1
                   14                    8                    0                    1
                   14                    9                    1                    0
                   14                    9                    0                    1
                   14                   11                    0                    1
                   14                   14                    1                    0
                   14                   14                    0                    1
                   14                   17                    0                    1
                   14                   18                    0                    1
                   14                   19                    1                    0
                   14                   19                    0                    1
                   14                   20                    1                    0
                   15                    1                    1                    0
                   15                    3                    1                    0
                   15                    3                    0                    1
                   15                    4                    1                    0
                   15                    6                    0                    1
                   15                    7                    0                    1
                   15                    8                    0                    1
                   15                   14                    0                    1
                   15                   15                    0                    1
                   15                   16                    0                    1
                   15                   17                    0                    1
                   15                   18                    0                    1
                   15                   20                    1                    0
                   16                    1                    0                    1
                   16                    2                    1                    0
                   16                    3                    1                    0
                   16                    4                    1                    0
                   16                    5                    1                    0
                   16                    5                    0                    1
                   16                    6                    0                    1
                   16                    7                    0                    1
                   16                    8                    1                    0
                   16                   15                    1                    0
                   16                   15                    0                    1
                   16                   20                    1                    0
                   17                    2                    1                    0
                   17                    3                    0                    1
                   17                    5                    1                    0
                   17                    6                    1                    0
                   17                    6                    0                    1
                   17                    7                    0                    1
                   17                   13                    1                    0
                   17                   13                    0                    1
                   17                   14                    0                    1
                   17                   15                    1                    0
                   17                   15                    0                    1
                   17                   16                    1                    0
                   17                   17                    1                    0
                   17                   17                    0                    1
                   17                   18                    0                    1
                   17                   19                    1                    0
                   17                   20                    1                    0
                   18                    2                    1                    0
                   18                    5                    0                    1
                   18                    9                    1                    0
                   18                    9                    0                    1
                   18                   10                    0                    1
                   18                   11                    0                    1
                   18                   12                    0                    1
                   18                   13                    1                    0
                   18                   13                    0                    1
                   18                   14                    0                    1
                   18                   16                    1                    0
                   18                   17                    0                    1
                   18                   18                    1                    0
                   18                   19                    0                    1
                   19                    1                    1                    0
                   19                    1                    0                    1
                   19                    4                    1                    0
                   19                    7                    1                    0
                   19                    7                    0                    1
                   19                    8                    1                    0
                   19                    9                    0                    1
                   19                   10                    0                    1
                   19                   11                    1                    0
                   19                   13                    1                    0
                   19                   15                    1                    0
                   19                   15                    0                    1
                   19                   18                    1                    0
                   19                   19                    1                    0
                   19                   19                    0                    1
                   19                   20                    1                    0
                   20                    4                    1                    0
                   20                    5                    1                    0
                   20                    5                    0                    1
                   20                    6                    1                    0
                   20                    7                    1                    0
                   20                    8                    0                    1
                   20                    9                    1                    0
                   20                   11                    1                    0
                   20                   13                    1                    0
                   20                   15                    1                    0
                   20                   18                    1                    0
                   20                   19                    1                    0
                   20                   20                    0                    1
                    6                   18
                   16                   16
