                    7                    5                    1                    0
                    8                    5                    1                    0
                    5                    1                    0                   -1
                    7                    5                   -1                    0
                    5                   20                    0                    0
                    5                   19                    0                   -1
                    5                   20                    0                    1
                    8                    5                    1                    0
                    8                    6                    0                    1
                    8                    7                    0                    1
                    8                    6                    0                   -1
                    6                   20                    1                    0
                    8                    5                    0                   -1
                    7                   20                    1                    0
                    8                    4                    0                   -1
                    8                    5                    0                    1
                    7                    5                   -1                    0
                    6                   20                   -1                    0
                    6                    5                   -1                    0
                    6                    6                    0                    1
                    5                    6                   -1                    0
                    6                   19                    0                   -1
                    6                    6                    1                    0
                    5                   19                   -1                    0
                    5                    6                   -1                    0
                    4                   19                   -1                    0
                    6                    6                    1                    0
                    5                   19                    1                    0
                    6                    5                    0                   -1
                    5                    5                   -1                    0
                    6                   19                    1                    0
                    6                   18                    0                   -1
                    6                   17                    0                   -1
                    6                   18                    0                    1
                    5                    6                    0                    1
                    5                    5                    0                   -1
                    6                   19                    0                    1
                    6                   18                    0                   -1
                    6                    5                    1                    0
                    5                    5                   -1                    0
                    6                    5                    1                    0
                    6                   19                    0                    1
                    6                   18                    0                   -1
                    6                   19                    0                    1
                    6                   20                    0                    1
                    5                   20                   -1                    0
                    6                   20                    1                    0
                    6                    1                    0                    0
                    6                   20                    0                    0
                    6                    4                    0                   -1
                    5                   20                   -1                    0
                    5                    1                    0                    0
                    5                   20                    0                    0
                    6                    5                    0                    1
                    7                    5                    1                    0
                    6                    5                   -1                    0
                    5                    1                    0                    0
                    7                    5                    1                    0
                    6                    5                   -1                    0
                    6                    4                    0                   -1
                    5                   20                    0                    0
                    5                    4                   -1                    0
                    6                    4                    1                    0
                    6                    5                    0                    1
                    5                    1                    0                    0
                    6                    4                    0                   -1
                    5                    4                   -1                    0
                    5                    3                    0                   -1
                    5                    2                    0                    1
                    5                    4                    0                    1
                    6                    2                    1                    0
                    6                    1                    0                   -1
                    6                    4                    1                    0
                    5                    1                   -1                    0
                    4                    1                   -1                    0
                    5                    1                    1                    0
                    6                    1                    1                    0
                    6                    5                    0                    1
                    6                    2                    0                    1
                    6                    1                    0                   -1
                    5                    5                   -1                    0
                    6                    5                    1                    0
                    6                    6                    0                    1
                    5                    1                   -1                    0
                    5                    6                   -1                    0
                    5                    5                    0                   -1
                    5                    6                    0                    1
                    4                    1                   -1                    0
                    6                    6                    1                    0
                    5                    1                    1                    0
