                    1                   15                    0                    1
                    1                   17                    0                    1
                    4                   20                    0                    1
                   14                   10                    1                    0
                   14                   10                    0                    1
                   14                   11                    1                    0
                   15                   10                    0                    1
                   20                   16                    1                    0
                   20                   17                    1                    0
                   20                   17                    0                    1
                   20                   18                    1                    0
                    4                   20
                   20                   16
