                    4                    1                    0                    0
                   17                    8                    0                    1
                    3                    1                   -1                    0
                   17                    9                    0                    1
                   17                    8                    0                   -1
                    4                    1                    1                    0
                   17                    7                    0                   -1
                    4                    2                    0                    1
                   17                    8                    0                    1
                    4                    3                    0                    1
                   17                    7                    0                   -1
                    4                    2                    0                   -1
                   18                    7                    1                    0
                   17                    7                   -1                    0
                    4                    3                    0                    1
                    4                    2                    0                   -1
                    4                    3                    0                    1
                   17                    8                    0                    1
                    5                    3                    1                    0
                    5                    2                    0                   -1
                    6                    2                    1                    0
                    5                    2                   -1                    0
                   16                    8                   -1                    0
                   16                    7                    0                   -1
                    5                    1                    0                   -1
                   16                    8                    0                    1
                    6                    1                    1                    0
                   15                    8                   -1                    0
                    7                    1                    1                    0
                   16                    8                    1                    0
                    6                    1                   -1                    0
                    5                    1                   -1                    0
                    5                   20                    0                    0
                    5                   19                    0                   -1
                    5                   18                    0                   -1
                    5                   19                    0                    1
                    4                   19                   -1                    0
                    4                   18                    0                   -1
                    4                   19                    0                    1
                    4                   20                    0                    1
                    4                    1                    0                    0
                   17                    8                    1                    0
                    4                    2                    0                    1
                   18                    8                    1                    0
                   17                    8                   -1                    0
                    4                    3                    0                    1
                   18                    8                    1                    0
                    4                    4                    0                    1
                    4                    5                    0                    1
                   18                    9                    0                    1
                    4                    4                    0                   -1
                   18                    8                    0                   -1
                    3                    4                   -1                    0
                    2                    4                   -1                    0
                    1                    4                   -1                    0
                   17                    8                   -1                    0
                    2                    4                    1                    0
                    3                    4                    1                    0
                    3                    5                    0                    1
                   17                    7                    0                   -1
                    3                    4                    0                   -1
                    3                    3                    0                   -1
                   16                    7                   -1                    0
                   17                    7                    1                    0
                   16                    7                   -1                    0
                   17                    7                    1                    0
                    4                    3                    1                    0
                    4                    2                    0                   -1
                    4                    1                    0                   -1
                    4                    2                    0                    1
                    4                    3                    0                    1
                    4                    2                    0                   -1
                    4                    3                    0                    1
                    3                    3                   -1                    0
                   16                    7                   -1                    0
                    3                    4                    0                    1
                   16                    8                    0                    1
                   17                    8                    1                    0
                   16                    8                   -1                    0
                    3                    3                    0                   -1
                    3                    4                    0                    1
                    3                    5                    0                    1
                   16                    7                    0                   -1
                   16                    6                    0                   -1
                    4                    5                    1                    0
                   15                    6                   -1                    0
                   14                    6                   -1                    0
                    3                    5                   -1                    0
                    3                    4                    0                   -1
                    4                    4                    1                    0
                    4                    3                    0                   -1
                   14                    5                    0                   -1
                    3                    3                   -1                    0
                    4                    3                    1                    0
                    5                    3                    1                    0
                   14                    6                    0                    1
                    5                    4                    0                    1
                   15                    6                    1                    0
                   16                    6                    1                    0
                   15                    6                   -1                    0
                   15                    5                    0                   -1
                    4                    4                   -1                    0
                   14                    5                   -1                    0
                   14                    6                    0                    1
                    5                    4                    1                    0
                   14                    7                    0                    1
                    5                    3                    0                   -1
                   14                    6                    0                   -1
                    4                    3                   -1                    0
                    4                    4                    0                    1
                    3                    4                   -1                    0
                   14                    7                    0                    1
                   14                    6                    0                   -1
                    2                    4                   -1                    0
                    3                    4                    1                    0
                    3                    3                    0                   -1
                   13                    6                   -1                    0
                    3                    4                    0                    1
                   14                    6                    1                    0
                   14                    5                    0                   -1
                    4                    4                    1                    0
                    4                    3                    0                   -1
                    4                    4                    0                    1
                   15                    5                    1                    0
                    4                    3                    0                   -1
                    4                    2                    0                   -1
                   15                    6                    0                    1
                   16                    6                    1                    0
