                    1                   12                    1                    0
                    1                   12                    0                    1
                    1                   13                    1                    0
                    1                   16                    1                    0
                    2                   12                    0                    1
                    2                   16                    1                    0
                    3                    9                    1                    0
                    3                    9                    0                    1
                    3                   10                    0                    1
                    3                   11                    1                    0
                    3                   15                    1                    0
                    3                   15                    0                    1
                    4                    9                    1                    0
                    4                   11                    1                    0
                    4                   15                    1                    0
                    5                    9                    0                    1
                    5                   10                    0                    1
                    5                   15                    0                    1
                    5                   16                    1                    0
                    6                   16                    1                    0
                    7                   16                    1                    0
                    8                   16                    1                    0
                    9                    6                    1                    0
                    9                    6                    0                    1
                    9                    7                    1                    0
                    9                    9                    1                    0
                    9                    9                    0                    1
                    9                   10                    1                    0
                    9                   16                    0                    1
                    9                   17                    1                    0
                   10                    3                    1                    0
                   10                    3                    0                    1
                   10                    4                    0                    1
                   10                    5                    1                    0
                   10                    6                    1                    0
                   10                    7                    1                    0
                   10                    9                    0                    1
                   10                   16                    0                    1
                   11                    2                    1                    0
                   11                    2                    0                    1
                   11                    5                    0                    1
                   11                    6                    0                    1
                   12                    2                    1                    0
                   12                   10                    1                    0
                   12                   10                    0                    1
                   12                   11                    1                    0
                   12                   12                    1                    0
                   12                   12                    0                    1
                   12                   13                    1                    0
                   13                    2                    1                    0
                   13                   10                    0                    1
                   13                   12                    0                    1
                   14                    2                    1                    0
                   15                    6                    1                    0
                   15                    6                    0                    1
                   15                    7                    1                    0
                   16                    6                    0                    1
                   16                   13                    1                    0
                   16                   13                    0                    1
                   16                   14                    1                    0
                   16                   17                    1                    0
                   16                   17                    0                    1
                   16                   18                    1                    0
                   17                   13                    0                    1
                   17                   17                    0                    1
                   17                   19                    1                    0
                   18                   15                    1                    0
                   18                   15                    0                    1
                   18                   16                    0                    1
                   18                   17                    0                    1
                   18                   18                    0                    1
                   19                   12                    1                    0
                   19                   12                    0                    1
                   19                   13                    1                    0
                   19                   15                    0                    1
                   19                   16                    1                    0
                   20                   12                    0                    1
                   20                   16                    1                    0
                   10                   16
                   17                   19
