                   12                   13                    0                    1
                   13                   13                    1                    0
                   13                   14                    0                    1
                   14                   14                    1                    0
                    9                    8                    0                   -1
                    8                    8                   -1                    0
                    8                    7                    0                   -1
                   13                   14                   -1                    0
                   13                   13                    0                   -1
                   14                   13                    1                    0
                    7                    7                   -1                    0
                   13                   13                   -1                    0
                   14                   13                    1                    0
                    7                    8                    0                    1
                    7                    7                    0                   -1
                    6                    7                   -1                    0
                   15                   13                    1                    0
                    7                    7                    1                    0
                    7                    6                    0                   -1
                    8                    6                    1                    0
                   15                   12                    0                   -1
                   15                   13                    0                    1
                   15                   14                    0                    1
                   15                   13                    0                   -1
                   16                   13                    1                    0
                    9                    6                    1                    0
                    9                    7                    0                    1
                    8                    7                   -1                    0
                   16                   12                    0                   -1
                    8                    8                    0                    1
                    8                    9                    0                    1
                    7                    9                   -1                    0
                    7                   10                    0                    1
                   17                   12                    1                    0
                    7                    9                    0                   -1
                   17                   13                    0                    1
                   16                   13                   -1                    0
                    7                   10                    0                    1
                   16                   14                    0                    1
                    7                   11                    0                    1
                   16                   13                    0                   -1
                   15                   13                   -1                    0
                   15                   14                    0                    1
                   16                   14                    1                    0
                   15                   14                   -1                    0
                    7                   12                    0                    1
                    7                   13                    0                    1
                   14                   14                   -1                    0
                   15                   14                    1                    0
                   16                   14                    1                    0
                   15                   14                   -1                    0
                    7                   12                    0                   -1
                   16                   14                    1                    0
                    7                   13                    0                    1
                   16                   15                    0                    1
                    7                   12                    0                   -1
                   17                   15                    1                    0
                   17                   14                    0                   -1
                   18                   14                    1                    0
                   18                   13                    0                   -1
                   17                   13                   -1                    0
                    7                   11                    0                   -1
                    8                   11                    1                    0
                    9                   11                    1                    0
                   18                   13                    1                    0
                    8                   11                   -1                    0
                    8                   12                    0                    1
                   18                   12                    0                   -1
                   18                   13                    0                    1
                    8                   11                    0                   -1
                   18                   14                    0                    1
                    7                   11                   -1                    0
                    6                   11                   -1                    0
                   18                   13                    0                   -1
                   18                   12                    0                   -1
                   17                   12                   -1                    0
                   17                   13                    0                    1
                    6                   12                    0                    1
                   17                   14                    0                    1
                   16                   14                   -1                    0
                    6                   11                    0                   -1
                    6                   12                    0                    1
                    7                   12                    1                    0
                    6                   12                   -1                    0
                    7                   12                    1                    0
                    7                   13                    0                    1
                    6                   13                   -1                    0
                   16                   15                    0                    1
                    5                   13                   -1                    0
                   15                   15                   -1                    0
                    5                   14                    0                    1
                   15                   16                    0                    1
                    6                   14                    1                    0
                    5                   14                   -1                    0
                   15                   15                    0                   -1
                    5                   13                    0                   -1
                    5                   12                    0                   -1
                    6                   12                    1                    0
                   15                   14                    0                   -1
                    6                   11                    0                   -1
                    6                   10                    0                   -1
                   15                   13                    0                   -1
                   15                   12                    0                   -1
                    6                   11                    0                    1
                    6                   10                    0                   -1
                   15                   11                    0                   -1
                   15                   10                    0                   -1
                    6                    9                    0                   -1
                   16                   10                    1                    0
                    7                    9                    1                    0
                   17                   10                    1                    0
                   17                   11                    0                    1
                   17                   12                    0                    1
                    7                   10                    0                    1
                    6                   10                   -1                    0
                    5                   10                   -1                    0
                   17                   11                    0                   -1
                    4                   10                   -1                    0
                    3                   10                   -1                    0
                   16                   11                   -1                    0
                   15                   11                   -1                    0
                   14                   11                   -1                    0
                   14                   10                    0                   -1
                   14                    9                    0                   -1
                   15                    9                    1                    0
                   15                    8                    0                   -1
                    2                   10                   -1                    0
                    2                   11                    0                    1
                   15                    9                    0                    1
                    2                   12                    0                    1
                    2                   13                    0                    1
                    2                   14                    0                    1
                    1                   14                   -1                    0
                   14                    9                   -1                    0
                    1                   13                    0                   -1
                   14                   10                    0                    1
                   14                   11                    0                    1
                    2                   13                    1                    0
                    1                   13                   -1                    0
                   15                   11                    1                    0
                    2                   13                    1                    0
                   16                   11                    1                    0
                   16                   10                    0                   -1
                    3                   13                    1                    0
                   17                   10                    1                    0
                   18                   10                    1                    0
                    2                   13                   -1                    0
                    2                   14                    0                    1
                    3                   14                    1                    0
                    3                   15                    0                    1
                    3                   16                    0                    1
                   17                   10                   -1                    0
                   17                   11                    0                    1
                   18                   11                    1                    0
                    4                   16                    1                    0
                    4                   17                    0                    1
                   19                   11                    1                    0
                   19                   12                    0                    1
                   20                   12                    1                    0
                    3                   17                   -1                    0
                    2                   17                   -1                    0
                    2                   16                    0                   -1
                   20                   11                    0                   -1
                    1                   11                    0                    0
                    1                   10                    0                   -1
                   20                   10                    0                    0
                    2                   15                    0                   -1
                   19                   10                   -1                    0
                   20                   10                    1                    0
                   20                   11                    0                    1
                    1                   11                    0                    0
                    1                   10                    0                   -1
                   20                   10                    0                    0
                   20                    9                    0                   -1
                    2                   16                    0                    1
                   20                    8                    0                   -1
                    1                    8                    0                    0
                    2                   15                    0                   -1
                    1                    7                    0                   -1
                    1                   15                   -1                    0
                    2                    7                    1                    0
                   20                   15                    0                    0
                    3                    7                    1                    0
                    3                    8                    0                    1
                   20                   16                    0                    1
                   20                   17                    0                    1
                    1                   17                    0                    0
                    4                    8                    1                    0
                    5                    8                    1                    0
                    4                    8                   -1                    0
                    2                   17                    1                    0
                    3                    8                   -1                    0
                    2                   18                    0                    1
                    3                   18                    1                    0
                    3                   17                    0                   -1
                    3                   16                    0                   -1
                    4                   16                    1                    0
                    4                    8                    1                    0
                    5                    8                    1                    0
                    5                    7                    0                   -1
