                   14                   11                    0                    1
                    1                    6                   -1                    0
                    2                    6                    1                    0
                   14                   10                    0                   -1
                   15                   10                    1                    0
                   16                   10                    1                    0
                   16                   11                    0                    1
                   15                   11                   -1                    0
                   16                   11                    1                    0
                    3                    6                    1                    0
                    3                    5                    0                   -1
                    3                    4                    0                   -1
                    3                    5                    0                    1
                    4                    5                    1                    0
                    4                    4                    0                   -1
                    4                    5                    0                    1
                    3                    5                   -1                    0
                   17                   11                    1                    0
                   16                   11                   -1                    0
                   15                   11                   -1                    0
                    3                    6                    0                    1
                   16                   11                    1                    0
                   16                   10                    0                   -1
                    3                    7                    0                    1
                   15                   10                   -1                    0
                    2                    7                   -1                    0
                   14                   10                   -1                    0
                    2                    8                    0                    1
                    2                    7                    0                   -1
                    2                    8                    0                    1
                   13                   10                   -1                    0
                    2                    7                    0                   -1
                    3                    7                    1                    0
                   14                   10                    1                    0
                   13                   10                   -1                    0
                   14                   10                    1                    0
                   15                   10                    1                    0
                    3                    6                    0                   -1
                    2                    6                   -1                    0
                    2                    5                    0                   -1
                   14                   10                   -1                    0
                    3                    5                    1                    0
                   14                   11                    0                    1
                    2                    5                   -1                    0
                   14                   10                    0                   -1
                   13                   10                   -1                    0
                    2                    4                    0                   -1
                    2                    5                    0                    1
                    2                    6                    0                    1
                   14                   10                    1                    0
                   14                    9                    0                   -1
                   15                    9                    1                    0
                   14                    9                   -1                    0
                   14                   10                    0                    1
                    2                    7                    0                    1
                    2                    6                    0                   -1
                    1                    6                   -1                    0
                   14                    9                    0                   -1
                    1                    7                    0                    1
                    1                    6                    0                   -1
                   14                    8                    0                   -1
                    1                    7                    0                    1
                   14                    9                    0                    1
                    1                    6                    0                   -1
                    2                    6                    1                    0
                    2                    7                    0                    1
                    2                    6                    0                   -1
                   14                    8                    0                   -1
                   14                    9                    0                    1
                   14                   10                    0                    1
                    2                    5                    0                   -1
                    2                    6                    0                    1
                    1                    6                   -1                    0
                   20                    6                    0                    0
                   13                   10                   -1                    0
                   14                   10                    1                    0
                    1                    6                    0                    0
                   13                   10                   -1                    0
                    1                    5                    0                   -1
                    1                    6                    0                    1
                    2                    6                    1                    0
                   12                   10                   -1                    0
