                   17                   16                    0                   -1
                   17                   15                    0                   -1
                   18                    4                   -1                    0
                   19                    4                    1                    0
                   20                    4                    1                    0
                   18                   15                    1                    0
                   20                    5                    0                    1
                   18                   14                    0                   -1
                    1                    5                    0                    0
                    1                    6                    0                    1
                    1                    5                    0                   -1
                   18                   15                    0                    1
                   20                    5                    0                    0
                   19                   15                    1                    0
                   18                   15                   -1                    0
                   17                   15                   -1                    0
                   20                    4                    0                   -1
                   20                    3                    0                   -1
                   20                    2                    0                   -1
                   17                   16                    0                    1
                   20                    1                    0                   -1
                   17                   17                    0                    1
                   20                    2                    0                    1
                   20                    3                    0                    1
                   20                    2                    0                   -1
                   19                    2                   -1                    0
                   20                    2                    1                    0
                   20                    3                    0                    1
                   17                   18                    0                    1
                   16                   18                   -1                    0
                   15                   18                   -1                    0
                   20                    4                    0                    1
                   15                   19                    0                    1
                    1                    4                    0                    0
                   16                   19                    1                    0
                   15                   19                   -1                    0
                   14                   19                   -1                    0
                   14                   20                    0                    1
                    2                    4                    1                    0
                   14                   19                    0                   -1
                   13                   19                   -1                    0
                   14                   19                    1                    0
                    1                    4                   -1                    0
                   20                    4                    0                    0
                   15                   19                    1                    0
                   15                   18                    0                   -1
                   14                   18                   -1                    0
                   19                    4                   -1                    0
                   20                    4                    1                    0
                   15                   18                    1                    0
                   16                   18                    1                    0
                   16                   19                    0                    1
                   16                   20                    0                    1
                   16                   19                    0                   -1
                   19                    4                   -1                    0
                   15                   19                   -1                    0
                   16                   19                    1                    0
                   19                    5                    0                    1
                   17                   19                    1                    0
                   19                    4                    0                   -1
                   17                   18                    0                   -1
                   16                   18                   -1                    0
                   16                   19                    0                    1
                   19                    3                    0                   -1
                   20                    3                    1                    0
                   17                   19                    1                    0
                   20                    2                    0                   -1
                   20                    3                    0                    1
                   17                   18                    0                   -1
                   17                   17                    0                   -1
                   18                   17                    1                    0
                   20                    4                    0                    1
                   20                    3                    0                   -1
                   17                   17                   -1                    0
                   16                   17                   -1                    0
                    1                    3                    0                    0
                   17                   17                    1                    0
                   17                   16                    0                   -1
                   17                   17                    0                    1
                   17                   16                    0                   -1
                   17                   15                    0                   -1
                   20                    3                    0                    0
                   17                   14                    0                   -1
                   18                   14                    1                    0
                   20                    2                    0                   -1
                   19                    2                   -1                    0
                   18                   15                    0                    1
                   20                    2                    1                    0
                   19                   15                    1                    0
                   20                   15                    1                    0
                   19                    2                   -1                    0
                   20                    2                    1                    0
                    1                    2                    0                    0
                    1                    3                    0                    1
                   20                    3                    0                    0
                   19                    3                   -1                    0
                   19                    4                    0                    1
                    1                   15                    0                    0
                    1                   14                    0                   -1
                   20                   14                    0                    0
                   20                   15                    0                    1
                    1                   15                    0                    0
                    1                   14                    0                   -1
