                    2                    8                    1                    0
                    2                    8                    0                    1
                    2                    9                    1                    0
                    3                    8                    1                    0
                    3                    9                    1                    0
                    3                   17                    0                    1
                    3                   18                    1                    0
                    4                    2                    1                    0
                    4                    2                    0                    1
                    4                    3                    1                    0
                    4                    8                    0                    1
                    4                   17                    1                    0
                    4                   17                    0                    1
                    5                    2                    1                    0
                    5                    3                    1                    0
                    5                   17                    0                    1
                    6                    1                    1                    0
                    6                    1                    0                    1
                    6                    2                    1                    0
                    6                    2                    0                    1
                    7                    1                    0                    1
                    8                   12                    1                    0
                    8                   12                    0                    1
                    8                   13                    1                    0
                    9                   12                    0                    1
                   11                    3                    1                    0
                   11                    3                    0                    1
                   11                    4                    0                    1
                   11                    5                    0                    1
                   11                    6                    0                    1
                   11                    7                    1                    0
                   11                   19                    1                    0
                   11                   19                    0                    1
                   11                   20                    1                    0
                   12                    1                    1                    0
                   12                    1                    0                    1
                   12                    2                    1                    0
                   12                    3                    1                    0
                   12                    4                    0                    1
                   12                    5                    1                    0
                   12                    7                    0                    1
                   12                    8                    0                    1
                   12                    9                    1                    0
                   12                   19                    0                    1
                   13                    1                    1                    0
                   13                    2                    0                    1
                   13                    5                    1                    0
                   13                    6                    1                    0
                   13                    6                    0                    1
                   13                    7                    0                    1
                   13                    8                    0                    1
                   14                    5                    0                    1
                   14                   20                    1                    0
                   14                   20                    0                    1
                   16                    1                    0                    1
                   16                    2                    1                    0
                   16                   20                    1                    0
                   16                   20                    0                    1
                   17                    1                    0                    1
                   17                   20                    0                    1
                   15                   20
                   12                    4
