                    5                   18                   -1                    0
                    5                   17                    0                   -1
                    5                   18                    0                    1
                    6                   18                    1                    0
                    5                   18                   -1                    0
                    6                   18                    1                    0
                    7                   18                    1                    0
                    7                   19                    0                    1
                    7                   20                    0                    1
                    7                   19                    0                   -1
                   18                   19                   -1                    0
                    7                   18                    0                   -1
                    6                   18                   -1                    0
                   19                   19                    1                    0
                   19                   18                    0                   -1
                    6                   19                    0                    1
                   18                   18                   -1                    0
                    6                   18                    0                   -1
                    6                   19                    0                    1
                    6                   18                    0                   -1
                   19                   18                    1                    0
                   20                   18                    1                    0
                    1                   18                    0                    0
                    1                   19                    0                    1
                    1                   18                    0                   -1
                   20                   18                    0                    0
                    6                   17                    0                   -1
                    7                   17                    1                    0
                    8                   17                    1                    0
                   19                   18                   -1                    0
                    8                   16                    0                   -1
                   19                   19                    0                    1
                    7                   16                   -1                    0
                    8                   16                    1                    0
                   19                   20                    0                    1
                    7                   16                   -1                    0
                   19                   19                    0                   -1
                    8                   16                    1                    0
                   19                   18                    0                   -1
                   18                   18                   -1                    0
                   19                   18                    1                    0
                   18                   18                   -1                    0
                    8                   17                    0                    1
                    7                   17                   -1                    0
                    6                   17                   -1                    0
                   17                   18                   -1                    0
                   18                   18                    1                    0
                   18                   19                    0                    1
                   18                   18                    0                   -1
                   19                   18                    1                    0
                   19                   19                    0                    1
                    6                   18                    0                    1
                   20                   19                    1                    0
                   19                   19                   -1                    0
                   19                   20                    0                    1
                   20                   20                    1                    0
                   19                   20                   -1                    0
                   20                   20                    1                    0
                   19                   20                   -1                    0
                   19                   19                    0                   -1
                    6                   19                    0                    1
                   19                   20                    0                    1
                   19                   19                    0                   -1
                    5                   19                   -1                    0
                    6                   19                    1                    0
                    6                   18                    0                   -1
                    5                   18                   -1                    0
                    5                   19                    0                    1
                   18                   19                   -1                    0
                   18                   18                    0                   -1
                    4                   19                   -1                    0
                    5                   19                    1                    0
                    4                   19                   -1                    0
                    5                   19                    1                    0
                    5                   20                    0                    1
                   18                   19                    0                    1
                   19                   19                    1                    0
                    5                   19                    0                   -1
                    5                   18                    0                   -1
                    5                   19                    0                    1
