                    9                    1                   -1                    0
                   13                    2                    1                    0
                   14                    2                    1                    0
                    9                    2                    0                    1
                   13                    2                   -1                    0
                   12                    2                   -1                    0
                   11                    2                   -1                    0
                   12                    2                    1                    0
                   12                    3                    0                    1
                   11                    3                   -1                    0
                   11                    4                    0                    1
                    8                    2                   -1                    0
                   12                    4                    1                    0
                    8                    1                    0                   -1
                   11                    4                   -1                    0
                   11                    5                    0                    1
                   10                    5                   -1                    0
                    7                    1                   -1                    0
                    7                    2                    0                    1
                   10                    6                    0                    1
                   10                    7                    0                    1
                    6                    2                   -1                    0
                    6                    1                    0                   -1
                    9                    7                   -1                    0
                   10                    7                    1                    0
                   10                    8                    0                    1
                    6                    2                    0                    1
                    7                    2                    1                    0
                   10                    9                    0                    1
                   11                    9                    1                    0
                   10                    9                   -1                    0
                    7                    3                    0                    1
                   10                   10                    0                    1
                   10                    9                    0                   -1
                   11                    9                    1                    0
                    8                    3                    1                    0
                    7                    3                   -1                    0
                   12                    9                    1                    0
                   12                    8                    0                   -1
                    6                    3                   -1                    0
                    7                    3                    1                    0
                    7                    4                    0                    1
                   11                    8                   -1                    0
                   12                    8                    1                    0
                   12                    7                    0                   -1
                    8                    4                    1                    0
                   12                    6                    0                   -1
                   11                    6                   -1                    0
                   11                    5                    0                   -1
                   11                    6                    0                    1
                    7                    4                   -1                    0
                    6                    4                   -1                    0
                   11                    7                    0                    1
                   11                    6                    0                   -1
                    7                    4                    1                    0
                    7                    5                    0                    1
                   12                    6                    1                    0
                    8                    5                    1                    0
                    8                    6                    0                    1
                    7                    6                   -1                    0
                    6                    6                   -1                    0
                    7                    6                    1                    0
                   11                    6                   -1                    0
                    8                    6                    1                    0
                   11                    7                    0                    1
                    8                    5                    0                   -1
                   11                    8                    0                    1
                   10                    8                   -1                    0
                    8                    4                    0                   -1
                    9                    8                   -1                    0
                   10                    8                    1                    0
                    8                    5                    0                    1
                    9                    8                   -1                    0
                    9                    9                    0                    1
                   10                    9                    1                    0
                   11                    9                    1                    0
                   10                    9                   -1                    0
                    7                    5                   -1                    0
                   11                    9                    1                    0
                   11                    8                    0                   -1
                   11                    7                    0                   -1
                   12                    7                    1                    0
                   11                    7                   -1                    0
                   11                    6                    0                   -1
                   11                    7                    0                    1
                   11                    8                    0                    1
                   11                    9                    0                    1
                    8                    5                    1                    0
                    8                    4                    0                   -1
                    8                    5                    0                    1
                   11                   10                    0                    1
                    8                    4                    0                   -1
                   11                   11                    0                    1
                    8                    5                    0                    1
                   12                   11                    1                    0
                    7                    5                   -1                    0
                    6                    5                   -1                    0
                    6                    4                    0                   -1
                    6                    3                    0                   -1
                    7                    3                    1                    0
                    6                    3                   -1                    0
                    6                    2                    0                   -1
                   12                   12                    0                    1
                   12                   13                    0                    1
                    5                    2                   -1                    0
                   12                   12                    0                   -1
                   12                   11                    0                   -1
                   12                   10                    0                   -1
                    4                    2                   -1                    0
                   13                   10                    1                    0
                   13                    9                    0                   -1
                   12                    9                   -1                    0
                    5                    2                    1                    0
                    4                    2                   -1                    0
                    4                    1                    0                   -1
                   13                    9                    1                    0
                   13                   10                    0                    1
                    3                    1                   -1                    0
                    3                    2                    0                    1
                    3                    1                    0                   -1
                    3                   20                    0                    0
                    4                   20                    1                    0
                    3                   20                   -1                    0
                    4                   20                    1                    0
                    4                    1                    0                    0
                    5                    1                    1                    0
                   12                   10                   -1                    0
                    4                    1                   -1                    0
                    4                   20                    0                    0
                   13                   10                    1                    0
                   12                   10                   -1                    0
                    4                    1                    0                    0
                    3                    1                   -1                    0
                    2                    1                   -1                    0
                   12                    9                    0                   -1
                   12                   10                    0                    1
                   13                   10                    1                    0
                   13                   11                    0                    1
                   12                   11                   -1                    0
                    2                    2                    0                    1
                    2                    1                    0                   -1
                    2                    2                    0                    1
                   13                   11                    1                    0
                    2                    3                    0                    1
                   12                   11                   -1                    0
                    2                    2                    0                   -1
                    2                    1                    0                   -1
                    2                   20                    0                    0
                   11                   11                   -1                    0
                   11                   12                    0                    1
                    2                   19                    0                   -1
                    2                   20                    0                    1
                   10                   12                   -1                    0
                   11                   12                    1                    0
                   11                   13                    0                    1
                    2                    1                    0                    0
                   11                   14                    0                    1
                    2                   20                    0                    0
                   12                   14                    1                    0
