                   14                   10                    1                    0
                    1                    2                    0                    0
                    1                    3                    0                    1
                    1                    2                    0                   -1
                   20                    2                    0                    0
                   15                   10                    1                    0
                   15                    9                    0                   -1
                   15                   10                    0                    1
                   14                   10                   -1                    0
                   20                    3                    0                    1
                   20                    2                    0                   -1
                   13                   10                   -1                    0
                   20                    3                    0                    1
                   13                    9                    0                   -1
                   13                    8                    0                   -1
                   12                    8                   -1                    0
                   20                    4                    0                    1
                   20                    3                    0                   -1
                   13                    8                    1                    0
                   20                    2                    0                   -1
                   20                    1                    0                   -1
                   12                    8                   -1                    0
                   20                    2                    0                    1
                   13                    8                    1                    0
                   13                    9                    0                    1
                   13                   10                    0                    1
                   20                    1                    0                   -1
                   13                   11                    0                    1
                   20                    2                    0                    1
                   13                   12                    0                    1
                   13                   11                    0                   -1
                   12                   11                   -1                    0
                   13                   11                    1                    0
                   20                    3                    0                    1
                   13                   10                    0                   -1
                    1                    3                    0                    0
                   20                    3                    0                    0
                   20                    2                    0                   -1
                   14                   10                    1                    0
                   20                    1                    0                   -1
                   20                    2                    0                    1
                   13                   10                   -1                    0
                   19                    2                   -1                    0
                   19                    1                    0                   -1
                   13                    9                    0                   -1
                   14                    9                    1                    0
                   13                    9                   -1                    0
                   19                    2                    0                    1
                   20                    2                    1                    0
                   13                   10                    0                    1
                   12                   10                   -1                    0
                   13                   10                    1                    0
                   14                   10                    1                    0
                   19                    2                   -1                    0
                   13                   10                   -1                    0
                   20                    2                    1                    0
                   13                    9                    0                   -1
                   13                   10                    0                    1
                   13                    9                    0                   -1
                   13                   10                    0                    1
                   13                    9                    0                   -1
                   12                    9                   -1                    0
                    1                    2                    0                    0
