                    1                    1                    1                    0
                    1                    3                    1                    0
                    1                    3                    0                    1
                    1                    5                    1                    0
                    1                    5                    0                    1
                    1                    6                    1                    0
                    1                   11                    0                    1
                    1                   12                    0                    1
                    1                   16                    1                    0
                    1                   20                    1                    0
                    2                    3                    1                    0
                    2                    4                    1                    0
                    2                    4                    0                    1
                    2                    6                    1                    0
                    2                   11                    1                    0
                    2                   11                    0                    1
                    2                   12                    0                    1
                    2                   13                    1                    0
                    2                   13                    0                    1
                    2                   14                    0                    1
                    2                   15                    0                    1
                    2                   17                    1                    0
                    2                   17                    0                    1
                    2                   18                    0                    1
                    2                   19                    1                    0
                    2                   20                    0                    1
                    3                    3                    1                    0
                    3                    4                    0                    1
                    3                    5                    0                    1
                    3                   10                    1                    0
                    3                   10                    0                    1
                    3                   11                    1                    0
                    3                   11                    0                    1
                    3                   12                    0                    1
                    3                   13                    1                    0
                    3                   13                    0                    1
                    3                   14                    1                    0
                    3                   15                    1                    0
                    3                   15                    0                    1
                    3                   16                    0                    1
                    3                   19                    0                    1
                    3                   20                    1                    0
                    4                    1                    0                    1
                    4                    2                    0                    1
                    4                    8                    1                    0
                    4                    8                    0                    1
                    4                    9                    0                    1
                    4                   11                    1                    0
                    4                   13                    0                    1
                    4                   15                    1                    0
                    4                   20                    0                    1
                    5                    3                    1                    0
                    5                    3                    0                    1
                    5                    4                    0                    1
                    5                    5                    0                    1
                    5                    6                    1                    0
                    5                    8                    0                    1
                    5                    9                    0                    1
                    5                   10                    1                    0
                    5                   11                    0                    1
                    5                   12                    1                    0
                    5                   15                    0                    1
                    5                   16                    0                    1
                    5                   17                    1                    0
                    5                   18                    1                    0
                    5                   18                    0                    1
                    5                   19                    1                    0
                    6                    3                    0                    1
                    6                    4                    1                    0
                    6                    6                    1                    0
                    6                   10                    0                    1
                    6                   11                    1                    0
                    6                   12                    0                    1
                    6                   13                    0                    1
                    6                   14                    1                    0
                    6                   16                    1                    0
                    6                   16                    0                    1
                    6                   17                    1                    0
                    6                   17                    0                    1
                    6                   18                    1                    0
                    6                   18                    0                    1
                    7                    4                    1                    0
                    7                    6                    1                    0
                    7                    7                    1                    0
                    7                    7                    0                    1
                    7                    8                    1                    0
                    7                   11                    0                    1
                    7                   12                    0                    1
                    7                   13                    1                    0
                    7                   14                    1                    0
                    7                   16                    0                    1
                    7                   18                    0                    1
                    7                   19                    0                    1
                    7                   20                    1                    0
                    8                    3                    1                    0
                    8                    3                    0                    1
                    8                    5                    1                    0
                    8                    5                    0                    1
                    8                    6                    1                    0
                    8                    6                    0                    1
                    8                    8                    1                    0
                    8                   13                    0                    1
                    8                   14                    1                    0
                    8                   14                    0                    1
                    8                   15                    1                    0
                    8                   18                    1                    0
                    8                   18                    0                    1
                    8                   19                    1                    0
                    8                   20                    1                    0
                    9                    1                    1                    0
                    9                    1                    0                    1
                    9                    3                    1                    0
                    9                    5                    1                    0
                    9                    6                    0                    1
                    9                    7                    0                    1
                    9                   14                    1                    0
                    9                   15                    1                    0
                    9                   16                    1                    0
                    9                   16                    0                    1
                    9                   17                    0                    1
                    9                   19                    1                    0
                    9                   20                    1                    0
                   10                    1                    1                    0
                   10                    2                    1                    0
                   10                    2                    0                    1
                   10                    4                    1                    0
                   10                    4                    0                    1
                   10                    7                    1                    0
                   10                    7                    0                    1
                   10                    8                    0                    1
                   10                    9                    1                    0
                   10                   14                    1                    0
                   10                   15                    0                    1
                   10                   16                    1                    0
                   10                   16                    0                    1
                   10                   17                    0                    1
                   10                   18                    0                    1
                   10                   19                    1                    0
                   10                   19                    0                    1
                   11                    1                    1                    0
                   11                    2                    1                    0
                   11                    4                    1                    0
                   11                    6                    1                    0
                   11                    6                    0                    1
                   11                    9                    0                    1
                   11                   10                    0                    1
                   11                   11                    0                    1
                   11                   12                    0                    1
                   11                   13                    1                    0
                   11                   14                    1                    0
                   11                   16                    0                    1
                   11                   17                    0                    1
                   11                   18                    1                    0
                   11                   19                    1                    0
                   12                    2                    0                    1
                   12                    3                    0                    1
                   12                    6                    0                    1
                   12                    7                    0                    1
                   12                    8                    0                    1
                   12                    9                    1                    0
                   12                   13                    0                    1
                   12                   18                    0                    1
                   12                   20                    1                    0
                   12                   20                    0                    1
                   13                    2                    1                    0
                   13                    2                    0                    1
                   13                    3                    1                    0
                   13                    4                    1                    0
                   13                    4                    0                    1
                   13                    5                    1                    0
                   13                    9                    0                    1
                   13                   10                    0                    1
                   13                   11                    1                    0
                   13                   12                    1                    0
                   13                   12                    0                    1
                   13                   13                    0                    1
                   13                   14                    1                    0
                   13                   20                    1                    0
                   14                    2                    1                    0
                   14                    3                    1                    0
                   14                    4                    0                    1
                   14                    5                    1                    0
                   14                    5                    0                    1
                   14                    6                    1                    0
                   14                    8                    1                    0
                   14                    8                    0                    1
                   14                    9                    0                    1
                   14                   10                    0                    1
                   14                   12                    0                    1
                   14                   13                    0                    1
                   14                   20                    1                    0
                   15                    1                    0                    1
                   15                    3                    0                    1
                   15                    5                    0                    1
                   15                    8                    1                    0
                   15                   10                    1                    0
                   15                   10                    0                    1
                   15                   11                    1                    0
                   15                   12                    1                    0
                   15                   12                    0                    1
                   15                   13                    1                    0
                   15                   18                    1                    0
                   15                   18                    0                    1
                   15                   19                    1                    0
                   15                   20                    0                    1
                   16                    1                    1                    0
                   16                    1                    0                    1
                   16                    2                    0                    1
                   16                    3                    0                    1
                   16                    4                    0                    1
                   16                    5                    0                    1
                   16                    6                    0                    1
                   16                    7                    1                    0
                   16                    8                    1                    0
                   16                   10                    1                    0
                   16                   11                    1                    0
                   16                   12                    0                    1
                   16                   15                    1                    0
                   16                   15                    0                    1
                   16                   16                    0                    1
                   16                   17                    1                    0
                   16                   18                    1                    0
                   16                   19                    1                    0
                   17                    2                    1                    0
                   17                    2                    0                    1
                   17                    3                    1                    0
                   17                    4                    1                    0
                   17                    4                    0                    1
                   17                    5                    1                    0
                   17                    6                    1                    0
                   17                    6                    0                    1
                   17                    8                    0                    1
                   17                    9                    1                    0
                   17                   10                    1                    0
                   17                   11                    0                    1
                   17                   12                    0                    1
                   17                   13                    0                    1
                   17                   14                    0                    1
                   17                   17                    1                    0
                   17                   18                    1                    0
                   17                   19                    1                    0
                   17                   20                    1                    0
                   17                   20                    0                    1
                   18                    2                    0                    1
                   18                    4                    0                    1
                   18                    6                    1                    0
                   18                    9                    1                    0
                   18                   10                    1                    0
                   18                   12                    1                    0
                   18                   12                    0                    1
                   18                   13                    1                    0
                   18                   17                    0                    1
                   18                   19                    1                    0
                   18                   20                    1                    0
                   19                    1                    1                    0
                   19                    5                    1                    0
                   19                    5                    0                    1
                   19                    6                    1                    0
                   19                    6                    0                    1
                   19                    7                    1                    0
                   19                    9                    1                    0
                   19                   10                    0                    1
                   19                   11                    1                    0
                   19                   12                    0                    1
                   19                   14                    1                    0
                   19                   14                    0                    1
                   19                   15                    1                    0
                   19                   19                    0                    1
                   19                   20                    1                    0
                   19                   20                    0                    1
                   20                    1                    1                    0
                   20                    4                    1                    0
                   20                    4                    0                    1
                   20                    5                    0                    1
                   20                    7                    0                    1
                   20                    8                    0                    1
                   20                   11                    1                    0
                   20                   13                    1                    0
                   20                   13                    0                    1
                   20                   15                    0                    1
                   20                   16                    1                    0
                   20                   20                    1                    0
                   15                    4
                    2                   13
