                   17                   18                   -1                    0
                   12                   20                    0                    1
                   18                   18                    1                    0
                   18                   19                    0                    1
                   12                   19                    0                   -1
                   12                   20                    0                    1
                   17                   19                   -1                    0
                   13                   20                    1                    0
                   13                   19                    0                   -1
                   17                   18                    0                   -1
                   12                   19                   -1                    0
                   17                   17                    0                   -1
                   12                   18                    0                   -1
                   18                   17                    1                    0
                   12                   19                    0                    1
                   17                   17                   -1                    0
                   17                   18                    0                    1
                   18                   18                    1                    0
                   12                   18                    0                   -1
                   12                   17                    0                   -1
                   18                   19                    0                    1
                   11                   17                   -1                    0
                   11                   18                    0                    1
                   17                   19                   -1                    0
                   17                   18                    0                   -1
                   16                   18                   -1                    0
                   17                   18                    1                    0
                   18                   18                    1                    0
                   12                   18                    1                    0
                   19                   18                    1                    0
                   19                   17                    0                   -1
                   12                   19                    0                    1
                   12                   20                    0                    1
                   12                   19                    0                   -1
                   13                   19                    1                    0
                   13                   18                    0                   -1
                   19                   18                    0                    1
                   13                   19                    0                    1
                   13                   20                    0                    1
                   13                   19                    0                   -1
                   13                   20                    0                    1
                   18                   18                   -1                    0
                   12                   20                   -1                    0
                   11                   20                   -1                    0
                   19                   18                    1                    0
                   11                    1                    0                    0
                   19                   19                    0                    1
                   11                   20                    0                    0
                   18                   19                   -1                    0
                   10                   20                   -1                    0
                   18                   20                    0                    1
                   10                   19                    0                   -1
                   19                   20                    1                    0
                   10                   18                    0                   -1
                   10                   19                    0                    1
                   18                   20                   -1                    0
                   10                   20                    0                    1
                   17                   20                   -1                    0
                   17                   19                    0                   -1
                   18                   19                    1                    0
                   18                   20                    0                    1
                   17                   20                   -1                    0
                   11                   20                    1                    0
                   16                   20                   -1                    0
                   16                   19                    0                   -1
                   12                   20                    1                    0
                   13                   20                    1                    0
                   12                   20                   -1                    0
                   12                    1                    0                    0
                   12                    2                    0                    1
                   15                   19                   -1                    0
                   15                   18                    0                   -1
                   12                    3                    0                    1
                   15                   17                    0                   -1
                   15                   18                    0                    1
                   12                    2                    0                   -1
                   15                   17                    0                   -1
                   12                    1                    0                   -1
                   14                   17                   -1                    0
                   13                    1                    1                    0
                   15                   17                    1                    0
                   13                    2                    0                    1
