                   14                   18                   -1                    0
                   15                   18                    1                    0
                   15                   17                    0                   -1
                   16                   17                    1                    0
                   16                   16                    0                   -1
                   11                   16                    0                    1
                   16                   15                    0                   -1
                   16                   16                    0                    1
                   11                   15                    0                   -1
                   11                   16                    0                    1
                   16                   17                    0                    1
                   10                   16                   -1                    0
                   10                   15                    0                   -1
                   15                   17                   -1                    0
                   15                   16                    0                   -1
                   16                   16                    1                    0
                   15                   16                   -1                    0
                   10                   16                    0                    1
                    9                   16                   -1                    0
                   10                   16                    1                    0
                   10                   17                    0                    1
                   15                   17                    0                    1
                   10                   16                    0                   -1
                   11                   16                    1                    0
                   16                   17                    1                    0
                   15                   17                   -1                    0
                   15                   18                    0                    1
                   12                   16                    1                    0
                   13                   16                    1                    0
                   12                   16                   -1                    0
                   11                   16                   -1                    0
                   11                   17                    0                    1
                   15                   17                    0                   -1
                   11                   16                    0                   -1
                   16                   17                    1                    0
                   11                   17                    0                    1
                   11                   16                    0                   -1
                   12                   16                    1                    0
                   11                   16                   -1                    0
                   11                   15                    0                   -1
                   15                   17                   -1                    0
                   11                   16                    0                    1
                   10                   16                   -1                    0
                   15                   18                    0                    1
                    9                   16                   -1                    0
                    8                   16                   -1                    0
                    9                   16                    1                    0
                   10                   16                    1                    0
                   15                   17                    0                   -1
                   11                   16                    1                    0
                   11                   15                    0                   -1
                   16                   17                    1                    0
                   15                   17                   -1                    0
                   16                   17                    1                    0
                   16                   16                    0                   -1
                   16                   17                    0                    1
                   10                   15                   -1                    0
                   15                   17                   -1                    0
                   15                   16                    0                   -1
                   11                   15                    1                    0
                   12                   15                    1                    0
                   16                   16                    1                    0
                   12                   16                    0                    1
                   12                   15                    0                   -1
                   12                   14                    0                   -1
                   12                   15                    0                    1
                   16                   15                    0                   -1
                   16                   14                    0                   -1
                   13                   15                    1                    0
                   12                   15                   -1                    0
                   16                   15                    0                    1
                   12                   16                    0                    1
                   15                   15                   -1                    0
                   15                   16                    0                    1
                   16                   16                    1                    0
                   13                   16                    1                    0
                   16                   15                    0                   -1
                   13                   15                    0                   -1
                   17                   15                    1                    0
                   12                   15                   -1                    0
                   12                   14                    0                   -1
                   16                   15                   -1                    0
                   12                   13                    0                   -1
                   15                   15                   -1                    0
                   12                   12                    0                   -1
