                    3                    6                    1                    0
                    2                    6                   -1                    0
                   18                   18                    1                    0
                   17                   18                   -1                    0
                   17                   19                    0                    1
                   17                   20                    0                    1
                   17                   19                    0                   -1
                    2                    7                    0                    1
                    1                    7                   -1                    0
                    2                    7                    1                    0
                   17                   18                    0                   -1
                   17                   19                    0                    1
                    2                    6                    0                   -1
                   16                   19                   -1                    0
                   17                   19                    1                    0
                   17                   18                    0                   -1
                    2                    5                    0                   -1
                    2                    6                    0                    1
                   17                   17                    0                   -1
                   17                   16                    0                   -1
                   17                   17                    0                    1
                   17                   18                    0                    1
                   17                   19                    0                    1
                   17                   18                    0                   -1
                    2                    7                    0                    1
                    2                    6                    0                   -1
                   17                   17                    0                   -1
                    2                    7                    0                    1
                   16                   17                   -1                    0
                   17                   17                    1                    0
                   17                   18                    0                    1
                    2                    8                    0                    1
                    3                    8                    1                    0
                    3                    7                    0                   -1
                    3                    8                    0                    1
                   17                   17                    0                   -1
                   17                   18                    0                    1
                    3                    9                    0                    1
                    3                    8                    0                   -1
                   16                   18                   -1                    0
                    2                    8                   -1                    0
                   17                   18                    1                    0
                    1                    8                   -1                    0
                    2                    8                    1                    0
                    2                    7                    0                   -1
                   18                   18                    1                    0
                    2                    6                    0                   -1
                   19                   18                    1                    0
                   19                   17                    0                   -1
                   19                   18                    0                    1
                   18                   18                   -1                    0
                    2                    7                    0                    1
                   18                   17                    0                   -1
                   18                   18                    0                    1
                   18                   17                    0                   -1
                    3                    7                    1                    0
                   18                   18                    0                    1
                   17                   18                   -1                    0
                   17                   17                    0                   -1
                    3                    8                    0                    1
                   17                   18                    0                    1
                    3                    7                    0                   -1
                    3                    6                    0                   -1
                    3                    5                    0                   -1
                   17                   17                    0                   -1
                   17                   18                    0                    1
                    4                    5                    1                    0
                   17                   17                    0                   -1
                    4                    4                    0                   -1
                   17                   18                    0                    1
                    4                    5                    0                    1
                    5                    5                    1                    0
                   17                   19                    0                    1
                    4                    5                   -1                    0
                   17                   18                    0                   -1
                    5                    5                    1                    0
                    4                    5                   -1                    0
                    3                    5                   -1                    0
                   18                   18                    1                    0
                    4                    5                    1                    0
                    3                    5                   -1                    0
                    4                    5                    1                    0
                    5                    5                    1                    0
                    4                    5                   -1                    0
                   18                   17                    0                   -1
                    5                    5                    1                    0
                    5                    6                    0                    1
                   18                   16                    0                   -1
                    6                    6                    1                    0
                   17                   16                   -1                    0
                    5                    6                   -1                    0
                   18                   16                    1                    0
                    4                    6                   -1                    0
                   18                   17                    0                    1
                   18                   18                    0                    1
                   18                   19                    0                    1
                   17                   19                   -1                    0
                    4                    5                    0                   -1
                   18                   19                    1                    0
                    5                    5                    1                    0
                   18                   18                    0                   -1
                   19                   18                    1                    0
