                    1                    3                    1                    0
                    1                    3                    0                    1
                    1                    5                    1                    0
                    1                    5                    0                    1
                    1                    6                    0                    1
                    1                    7                    1                    0
                    1                   10                    0                    1
                    1                   11                    1                    0
                    1                   12                    0                    1
                    1                   15                    1                    0
                    1                   16                    1                    0
                    1                   16                    0                    1
                    1                   18                    0                    1
                    1                   19                    1                    0
                    1                   20                    0                    1
                    2                    3                    0                    1
                    2                    4                    1                    0
                    2                    5                    0                    1
                    2                    6                    0                    1
                    2                   10                    1                    0
                    2                   10                    0                    1
                    2                   12                    1                    0
                    2                   12                    0                    1
                    2                   13                    1                    0
                    2                   15                    0                    1
                    2                   19                    0                    1
                    2                   20                    1                    0
                    3                    1                    0                    1
                    3                    2                    1                    0
                    3                    4                    1                    0
                    3                    7                    1                    0
                    3                    7                    0                    1
                    3                    8                    1                    0
                    3                   10                    0                    1
                    3                   11                    0                    1
                    3                   12                    1                    0
                    3                   12                    0                    1
                    3                   19                    1                    0
                    3                   19                    0                    1
                    3                   20                    1                    0
                    3                   20                    0                    1
                    4                    2                    0                    1
                    4                    3                    1                    0
                    4                    4                    0                    1
                    4                    5                    1                    0
                    4                    7                    1                    0
                    4                    8                    0                    1
                    4                    9                    0                    1
                    4                   10                    0                    1
                    4                   11                    1                    0
                    4                   12                    0                    1
                    4                   13                    1                    0
                    4                   14                    1                    0
                    4                   14                    0                    1
                    4                   15                    0                    1
                    4                   16                    1                    0
                    4                   19                    1                    0
                    4                   20                    1                    0
                    5                    1                    0                    1
                    5                    2                    0                    1
                    5                    4                    1                    0
                    5                    4                    0                    1
                    5                    7                    1                    0
                    5                   11                    1                    0
                    5                   13                    1                    0
                    5                   14                    1                    0
                    5                   16                    1                    0
                    5                   19                    1                    0
                    5                   20                    0                    1
                    6                    1                    0                    1
                    6                    2                    1                    0
                    6                    3                    1                    0
                    6                    3                    0                    1
                    6                    7                    1                    0
                    6                   11                    1                    0
                    6                   13                    1                    0
                    6                   14                    1                    0
                    6                   16                    1                    0
                    6                   17                    1                    0
                    6                   17                    0                    1
                    6                   18                    1                    0
                    6                   19                    0                    1
                    6                   20                    0                    1
                    7                    1                    0                    1
                    7                    3                    0                    1
                    7                    4                    0                    1
                    7                    5                    1                    0
                    7                    7                    1                    0
                    7                    8                    1                    0
                    7                    8                    0                    1
                    7                    9                    0                    1
                    7                   10                    1                    0
                    7                   11                    1                    0
                    7                   13                    0                    1
                    7                   16                    0                    1
                    7                   18                    0                    1
                    7                   19                    1                    0
                    7                   20                    1                    0
                    7                   20                    0                    1
                    8                    1                    1                    0
                    8                    1                    0                    1
                    8                    2                    1                    0
                    8                    4                    1                    0
                    8                    4                    0                    1
                    8                    5                    1                    0
                    8                    5                    0                    1
                    8                    6                    1                    0
                    8                    7                    1                    0
                    8                    8                    1                    0
                    8                   10                    0                    1
                    8                   13                    1                    0
                    8                   13                    0                    1
                    8                   14                    0                    1
                    8                   15                    1                    0
                    8                   17                    1                    0
                    8                   17                    0                    1
                    8                   18                    1                    0
                    8                   19                    0                    1
                    9                    1                    0                    1
                    9                    4                    0                    1
                    9                    6                    1                    0
                    9                    7                    1                    0
                    9                    8                    1                    0
                    9                   11                    1                    0
                    9                   11                    0                    1
                    9                   12                    0                    1
                    9                   15                    0                    1
                    9                   16                    0                    1
                    9                   18                    0                    1
                    9                   19                    0                    1
                    9                   20                    1                    0
                   10                    1                    0                    1
                   10                    2                    0                    1
                   10                    3                    1                    0
                   10                    6                    1                    0
                   10                    7                    1                    0
                   10                    8                    1                    0
                   10                    9                    0                    1
                   10                   10                    0                    1
                   10                   11                    1                    0
                   10                   11                    0                    1
                   10                   12                    1                    0
                   10                   14                    1                    0
                   10                   14                    0                    1
                   10                   15                    1                    0
                   10                   20                    0                    1
                   11                    2                    1                    0
                   11                    2                    0                    1
                   11                    6                    1                    0
                   11                    7                    0                    1
                   11                   11                    0                    1
                   11                   12                    1                    0
                   11                   12                    0                    1
                   11                   13                    0                    1
                   11                   15                    0                    1
                   11                   16                    1                    0
                   11                   17                    1                    0
                   11                   17                    0                    1
                   11                   18                    1                    0
                   12                    1                    1                    0
                   12                    2                    1                    0
                   12                    4                    1                    0
                   12                    4                    0                    1
                   12                    5                    1                    0
                   12                    6                    1                    0
                   12                   12                    1                    0
                   12                   16                    0                    1
                   12                   18                    1                    0
                   12                   20                    1                    0
                   12                   20                    0                    1
                   13                    1                    0                    1
                   13                    2                    1                    0
                   13                    2                    0                    1
                   13                    3                    1                    0
                   13                    4                    0                    1
                   13                    6                    1                    0
                   13                    7                    1                    0
                   13                    7                    0                    1
                   13                    8                    0                    1
                   13                    9                    0                    1
                   13                   10                    0                    1
                   13                   11                    0                    1
                   13                   17                    1                    0
                   13                   17                    0                    1
                   13                   20                    1                    0
                   14                    1                    1                    0
                   14                    1                    0                    1
                   14                    2                    1                    0
                   14                    2                    0                    1
                   14                    4                    1                    0
                   14                    4                    0                    1
                   14                    5                    0                    1
                   14                    7                    0                    1
                   14                    8                    1                    0
                   14                   10                    1                    0
                   14                   10                    0                    1
                   14                   11                    0                    1
                   14                   12                    1                    0
                   14                   17                    1                    0
                   14                   19                    1                    0
                   14                   19                    0                    1
                   15                    1                    1                    0
                   15                    2                    0                    1
                   15                    3                    1                    0
                   15                    4                    1                    0
                   15                    8                    0                    1
                   15                    9                    0                    1
                   15                   11                    1                    0
                   15                   11                    0                    1
                   15                   17                    0                    1
                   15                   18                    0                    1
                   16                    1                    1                    0
                   16                    1                    0                    1
                   16                    2                    1                    0
                   16                    3                    0                    1
                   16                    6                    1                    0
                   16                    6                    0                    1
                   16                    7                    1                    0
                   16                   11                    1                    0
                   16                   14                    1                    0
                   16                   14                    0                    1
                   16                   15                    0                    1
                   16                   16                    1                    0
                   16                   20                    1                    0
                   16                   20                    0                    1
                   17                    2                    1                    0
                   17                    6                    0                    1
                   17                   10                    1                    0
                   17                   10                    0                    1
                   17                   14                    1                    0
                   17                   16                    1                    0
                   17                   17                    1                    0
                   17                   17                    0                    1
                   17                   18                    1                    0
                   17                   20                    0                    1
                   18                    1                    1                    0
                   18                    1                    0                    1
                   18                   10                    0                    1
                   18                   11                    1                    0
                   18                   14                    1                    0
                   18                   16                    1                    0
                   18                   17                    0                    1
                   19                    1                    0                    1
                   19                    2                    1                    0
                   19                    4                    0                    1
                   19                    5                    1                    0
                   19                   10                    1                    0
                   19                   10                    0                    1
                   19                   13                    1                    0
                   19                   13                    0                    1
                   19                   15                    1                    0
                   19                   15                    0                    1
                   20                    1                    1                    0
                   20                    2                    0                    1
                   20                    3                    0                    1
                   20                    4                    1                    0
                   20                    4                    0                    1
                   20                   10                    1                    0
                   20                   12                    1                    0
                   20                   12                    0                    1
                   20                   13                    1                    0
                   20                   13                    0                    1
                   20                   14                    0                    1
                   20                   15                    1                    0
                   20                   15                    0                    1
                   20                   16                    0                    1
                   20                   17                    1                    0
                   20                   20                    1                    0
                   20                   20                    0                    1
                   20                    4
                   10                    9
