                   12                    1                    0                    0
                   12                   20                    0                    0
                    5                    4                    0                   -1
                    4                    4                   -1                    0
                   12                   19                    0                   -1
                   12                   18                    0                   -1
                   12                   19                    0                    1
                    3                    4                   -1                    0
                   11                   19                   -1                    0
                    4                    4                    1                    0
                    4                    5                    0                    1
                    5                    5                    1                    0
                   12                   19                    1                    0
                    6                    5                    1                    0
                    7                    5                    1                    0
                   12                   20                    0                    1
                   12                    1                    0                    0
                   12                   20                    0                    0
                   12                   19                    0                   -1
                    6                    5                   -1                    0
                   12                   20                    0                    1
                    7                    5                    1                    0
                   12                    1                    0                    0
                   12                    2                    0                    1
                    6                    5                   -1                    0
                   13                    2                    1                    0
                    6                    6                    0                    1
                   12                    2                   -1                    0
                    7                    6                    1                    0
                   11                    2                   -1                    0
                   12                    2                    1                    0
                   12                    1                    0                   -1
                    6                    6                   -1                    0
                    7                    6                    1                    0
                    7                    7                    0                    1
                    7                    8                    0                    1
                   12                   20                    0                    0
                    6                    8                   -1                    0
                   12                   19                    0                   -1
                   13                   19                    1                    0
                   13                   18                    0                   -1
                   13                   17                    0                   -1
                   14                   17                    1                    0
                   14                   16                    0                   -1
                    5                    8                   -1                    0
                   14                   17                    0                    1
                   14                   16                    0                   -1
                    6                    8                    1                    0
                    6                    9                    0                    1
                   13                   16                   -1                    0
                    6                    8                    0                   -1
                    7                    8                    1                    0
                    7                    9                    0                    1
                   14                   16                    1                    0
                   14                   17                    0                    1
                   14                   18                    0                    1
                    7                    8                    0                   -1
                    8                    8                    1                    0
                   13                   18                   -1                    0
                    7                    8                   -1                    0
                   13                   19                    0                    1
                    7                    7                    0                   -1
                   12                   19                   -1                    0
                   12                   20                    0                    1
                   11                   20                   -1                    0
                   12                   20                    1                    0
                    7                    6                    0                   -1
                    8                    6                    1                    0
                   12                    1                    0                    0
                    7                    6                   -1                    0
                    8                    6                    1                    0
                   12                   20                    0                    0
                   12                   19                    0                   -1
                   12                   20                    0                    1
                    8                    5                    0                   -1
                   13                   20                    1                    0
                    8                    6                    0                    1
                    9                    6                    1                    0
                   13                    1                    0                    0
                   12                    1                   -1                    0
                    9                    7                    0                    1
                   11                    1                   -1                    0
                   12                    1                    1                    0
                   10                    7                    1                    0
                   12                    2                    0                    1
                   12                    3                    0                    1
                   10                    8                    0                    1
                   10                    9                    0                    1
                   12                    2                    0                   -1
                    9                    9                   -1                    0
                   12                    3                    0                    1
                   12                    2                    0                   -1
                   10                    9                    1                    0
                   13                    2                    1                    0
                   12                    2                   -1                    0
                   10                    8                    0                   -1
                   12                    1                    0                   -1
                   10                    9                    0                    1
                   12                   20                    0                    0
                   11                   20                   -1                    0
                   10                   10                    0                    1
                   11                    1                    0                    0
                   10                    9                    0                   -1
                   11                    2                    0                    1
                   10                   10                    0                    1
                   11                    3                    0                    1
                   11                   10                    1                    0
                   11                    2                    0                   -1
                   12                    2                    1                    0
                   12                    3                    0                    1
                   12                    2                    0                   -1
                   10                   10                   -1                    0
