                    4                   18                   -1                    0
                   19                   20                    0                    0
                    5                   18                    1                    0
                    5                   19                    0                    1
                   19                    1                    0                    0
                   19                   20                    0                    0
                    5                   18                    0                   -1
                    5                   19                    0                    1
                    5                   20                    0                    1
                    4                   20                   -1                    0
                   19                   19                    0                   -1
                   19                   20                    0                    1
                    4                   19                    0                   -1
                   19                    1                    0                    0
                    4                   18                    0                   -1
                    3                   18                   -1                    0
                    4                   18                    1                    0
                    4                   17                    0                   -1
                    4                   18                    0                    1
                   18                    1                   -1                    0
                   19                    1                    1                    0
                    4                   17                    0                   -1
                   19                   20                    0                    0
                   19                   19                    0                   -1
                   19                   20                    0                    1
                   19                    1                    0                    0
                   18                    1                   -1                    0
                    4                   18                    0                    1
                    4                   19                    0                    1
                   19                    1                    1                    0
                   20                    1                    1                    0
                   19                    1                   -1                    0
                   19                    2                    0                    1
                    3                   19                   -1                    0
                    4                   19                    1                    0
                    4                   20                    0                    1
                    5                   20                    1                    0
                   19                    1                    0                   -1
                   20                    1                    1                    0
                   20                    2                    0                    1
                    4                   20                   -1                    0
                   20                    3                    0                    1
                    5                   20                    1                    0
                   20                    2                    0                   -1
                   20                    3                    0                    1
                    5                   19                    0                   -1
                   20                    2                    0                   -1
                   20                    1                    0                   -1
                    5                   18                    0                   -1
                    5                   19                    0                    1
                    5                   18                    0                   -1
                    1                    1                    0                    0
                    6                   18                    1                    0
                    1                   20                    0                    0
                    2                   20                    1                    0
                    1                   20                   -1                    0
                    6                   19                    0                    1
                    7                   19                    1                    0
                    1                    1                    0                    0
                    1                    2                    0                    1
                    7                   20                    0                    1
                   20                    2                    0                    0
                    8                   20                    1                    0
                    7                   20                   -1                    0
                    1                    2                    0                    0
                    6                   20                   -1                    0
                    1                    1                    0                   -1
                    1                   20                    0                    0
                    7                   20                    1                    0
                    6                   20                   -1                    0
                    7                   20                    1                    0
                    7                    1                    0                    0
                    7                   20                    0                    0
                    1                    1                    0                    0
                    1                   20                    0                    0
                    1                    1                    0                    0
                    7                    1                    0                    0
                   20                    1                    0                    0
                   19                    1                   -1                    0
                    7                   20                    0                    0
