                   16                   10                    0                    1
                   16                    9                    0                   -1
                   15                    9                   -1                    0
                   16                    9                    1                    0
                   19                   10                    1                    0
                   15                    9                   -1                    0
                   19                   11                    0                    1
                   15                    8                    0                   -1
                   15                    7                    0                   -1
                   19                   10                    0                   -1
                   15                    6                    0                   -1
                   14                    6                   -1                    0
                   20                   10                    1                    0
                   14                    5                    0                   -1
                   13                    5                   -1                    0
                   20                    9                    0                   -1
                   14                    5                    1                    0
                   20                   10                    0                    1
                   14                    6                    0                    1
                   15                    6                    1                    0
                   20                    9                    0                   -1
                   20                   10                    0                    1
                   15                    7                    0                    1
                   19                   10                   -1                    0
                   18                   10                   -1                    0
                   14                    7                   -1                    0
                   17                   10                   -1                    0
                   17                    9                    0                   -1
                   15                    7                    1                    0
                   14                    7                   -1                    0
                   15                    7                    1                    0
                   18                    9                    1                    0
                   16                    7                    1                    0
                   18                    8                    0                   -1
                   18                    9                    0                    1
                   18                   10                    0                    1
                   18                    9                    0                   -1
                   15                    7                   -1                    0
                   14                    7                   -1                    0
                   15                    7                    1                    0
                   15                    8                    0                    1
                   19                    9                    1                    0
                   15                    9                    0                    1
                   16                    9                    1                    0
                   18                    9                   -1                    0
                   17                    9                    1                    0
                   16                    9                   -1                    0
                   17                    9                    1                    0
                   17                   10                    0                    1
                   16                   10                   -1                    0
                   16                   11                    0                    1
                   15                   11                   -1                    0
                   17                    9                   -1                    0
                   18                    9                    1                    0
                   19                    9                    1                    0
                   16                   11                    1                    0
                   16                   12                    0                    1
                   18                    9                   -1                    0
                   15                   12                   -1                    0
                   14                   12                   -1                    0
                   15                   12                    1                    0
                   15                   13                    0                    1
                   17                    9                   -1                    0
                   16                    9                   -1                    0
                   15                   12                    0                   -1
                   16                   12                    1                    0
                   15                   12                   -1                    0
                   15                   11                    0                   -1
                   15                   10                    0                   -1
                   15                   11                    0                    1
                   17                    9                    1                    0
                   18                    9                    1                    0
                   19                    9                    1                    0
                   15                   12                    0                    1
                   16                   12                    1                    0
                   20                    9                    1                    0
                   16                   11                    0                   -1
                   20                    8                    0                   -1
                    1                    8                    0                    0
                   16                   10                    0                   -1
                    1                    7                    0                   -1
                   17                   10                    1                    0
                    1                    8                    0                    1
                   18                   10                    1                    0
