                    4                   11                    1                    0
                    4                   11                    0                    1
                    4                   12                    1                    0
                    5                   11                    0                    1
                    6                    9                    1                    0
                    7                    9                    0                    1
                    7                   10                    1                    0
                    8                    9                    1                    0
                    8                    9                    0                    1
                   13                   15                    1                    0
                   13                   15                    0                    1
                   13                   16                    1                    0
                   14                   15                    1                    0
                   14                   16                    0                    1
                   14                   17                    1                    0
                   15                   15                    0                    1
                   15                   16                    0                    1
                   16                   13                    0                    1
                   16                   13
                    6                    9
