                   20                    4                    0                    1
                    1                    4                    0                    0
                    8                   11                   -1                    0
                    1                    5                    0                    1
                    9                   11                    1                    0
                    1                    4                    0                   -1
                   20                    4                    0                    0
                    8                   11                   -1                    0
                   19                    4                   -1                    0
                    8                   10                    0                   -1
                    7                   10                   -1                    0
                    8                   10                    1                    0
                    8                   11                    0                    1
                    8                   10                    0                   -1
                    8                   11                    0                    1
                   19                    3                    0                   -1
                   19                    4                    0                    1
                   19                    5                    0                    1
                    7                   11                   -1                    0
                   19                    4                    0                   -1
                   19                    3                    0                   -1
                   19                    4                    0                    1
                    8                   11                    1                    0
                    8                   10                    0                   -1
                   20                    4                    1                    0
                    7                   10                   -1                    0
                    8                   10                    1                    0
                    1                    4                    0                    0
                    8                   11                    0                    1
                    9                   11                    1                    0
                    9                   12                    0                    1
                    9                   13                    0                    1
                    8                   13                   -1                    0
                    9                   13                    1                    0
                   20                    4                    0                    0
                    9                   14                    0                    1
                   10                   14                    1                    0
                    9                   14                   -1                    0
                    9                   13                    0                   -1
                    1                    4                    0                    0
                   20                    4                    0                    0
                    9                   12                    0                   -1
                    1                    4                    0                    0
                    9                   11                    0                   -1
                    1                    5                    0                    1
                    8                   11                   -1                    0
                    7                   11                   -1                    0
                    2                    5                    1                    0
                    3                    5                    1                    0
                    7                   12                    0                    1
                    6                   12                   -1                    0
                    4                    5                    1                    0
                    3                    5                   -1                    0
                    6                   11                    0                   -1
                    3                    6                    0                    1
                    3                    7                    0                    1
                    6                   10                    0                   -1
                    3                    8                    0                    1
                    6                    9                    0                   -1
                    3                    7                    0                   -1
                    6                    8                    0                   -1
                    4                    7                    1                    0
                    4                    8                    0                    1
                    3                    8                   -1                    0
                    6                    9                    0                    1
                    7                    9                    1                    0
                    3                    9                    0                    1
                    6                    9                   -1                    0
                    3                   10                    0                    1
                    3                   11                    0                    1
                    7                    9                    1                    0
                    3                   10                    0                   -1
                    2                   10                   -1                    0
                    6                    9                   -1                    0
                    6                    8                    0                   -1
                    6                    7                    0                   -1
                    1                   10                   -1                    0
                    6                    6                    0                   -1
                    1                    9                    0                   -1
                    1                   10                    0                    1
                    1                    9                    0                   -1
                    6                    7                    0                    1
                    6                    8                    0                    1
                    2                    9                    1                    0
                    2                   10                    0                    1
                    1                   10                   -1                    0
                    6                    9                    0                    1
                    1                   11                    0                    1
                    1                   10                    0                   -1
                    1                   11                    0                    1
                    6                   10                    0                    1
                    6                   11                    0                    1
                    6                   10                    0                   -1
                    1                   10                    0                   -1
                    1                    9                    0                   -1
                    2                    9                    1                    0
                    6                    9                    0                   -1
                    7                    9                    1                    0
                    6                    9                   -1                    0
                    1                    9                   -1                    0
                    2                    9                    1                    0
                    3                    9                    1                    0
                    2                    9                   -1                    0
                    2                   10                    0                    1
                    7                    9                    1                    0
                    7                   10                    0                    1
                    6                   10                   -1                    0
                    3                   10                    1                    0
                    5                   10                   -1                    0
                    5                    9                    0                   -1
                    5                   10                    0                    1
                    3                   11                    0                    1
                    2                   11                   -1                    0
                    2                   12                    0                    1
                    2                   11                    0                   -1
                    6                   10                    1                    0
                    2                   12                    0                    1
                    6                   11                    0                    1
                    7                   11                    1                    0
                    2                   11                    0                   -1
                    2                   12                    0                    1
                    6                   11                   -1                    0
                    2                   11                    0                   -1
                    5                   11                   -1                    0
                    2                   12                    0                    1
                    2                   11                    0                   -1
                    2                   12                    0                    1
