                    2                    7                    1                    0
                    2                    7                    0                    1
                    2                    8                    1                    0
                    3                    7                    0                    1
                   16                    3                    1                    0
                   16                    3                    0                    1
                   16                    4                    1                    0
                   16                   11                    1                    0
                   16                   11                    0                    1
                   16                   12                    1                    0
                   17                    3                    0                    1
                   17                   11                    0                    1
                   11                   10
                   20                   19
