                    1                    2                    1                    0
                    1                    2                    0                    1
                    1                    3                    1                    0
                    1                    3                    0                    1
                    1                    6                    1                    0
                    1                    6                    0                    1
                    1                    8                    1                    0
                    1                    9                    1                    0
                    1                   11                    1                    0
                    1                   12                    0                    1
                    1                   13                    1                    0
                    1                   14                    1                    0
                    1                   14                    0                    1
                    1                   16                    1                    0
                    1                   16                    0                    1
                    1                   17                    0                    1
                    1                   18                    0                    1
                    1                   19                    0                    1
                    2                    1                    1                    0
                    2                    2                    1                    0
                    2                    3                    1                    0
                    2                    6                    0                    1
                    2                    7                    0                    1
                    2                    8                    1                    0
                    2                    8                    0                    1
                    2                   11                    1                    0
                    2                   13                    0                    1
                    2                   15                    1                    0
                    2                   15                    0                    1
                    2                   19                    1                    0
                    2                   19                    0                    1
                    2                   20                    0                    1
                    3                    1                    0                    1
                    3                    2                    1                    0
                    3                    2                    0                    1
                    3                    3                    1                    0
                    3                    3                    0                    1
                    3                    4                    0                    1
                    3                    5                    0                    1
                    3                    6                    0                    1
                    3                    7                    1                    0
                    3                    8                    1                    0
                    3                   11                    1                    0
                    3                   13                    1                    0
                    3                   13                    0                    1
                    3                   14                    1                    0
                    3                   15                    1                    0
                    3                   17                    1                    0
                    3                   17                    0                    1
                    3                   18                    0                    1
                    4                    1                    1                    0
                    4                    1                    0                    1
                    4                    3                    0                    1
                    4                    4                    0                    1
                    4                    5                    1                    0
                    4                    7                    0                    1
                    4                    8                    1                    0
                    4                    8                    0                    1
                    4                    9                    1                    0
                    4                   11                    0                    1
                    4                   12                    1                    0
                    4                   13                    0                    1
                    4                   15                    1                    0
                    4                   17                    1                    0
                    4                   18                    1                    0
                    4                   18                    0                    1
                    4                   19                    1                    0
                    5                    2                    1                    0
                    5                    2                    0                    1
                    5                    3                    1                    0
                    5                    4                    1                    0
                    5                    4                    0                    1
                    5                    8                    0                    1
                    5                   11                    1                    0
                    5                   11                    0                    1
                    5                   13                    1                    0
                    5                   13                    0                    1
                    5                   14                    1                    0
                    5                   15                    0                    1
                    5                   16                    0                    1
                    5                   18                    1                    0
                    5                   19                    1                    0
                    5                   20                    1                    0
                    5                   20                    0                    1
                    6                    1                    0                    1
                    6                    3                    0                    1
                    6                   11                    1                    0
                    6                   13                    1                    0
                    6                   14                    1                    0
                    6                   18                    0                    1
                    6                   19                    1                    0
                    6                   19                    0                    1
                    6                   20                    1                    0
                    6                   20                    0                    1
                    7                    1                    1                    0
                    7                    5                    1                    0
                    7                    5                    0                    1
                    7                    6                    0                    1
                    7                    7                    1                    0
                    7                   11                    0                    1
                    7                   12                    0                    1
                    7                   14                    1                    0
                    7                   15                    1                    0
                    7                   15                    0                    1
                    7                   16                    0                    1
                    7                   17                    1                    0
                    7                   19                    0                    1
                    7                   20                    1                    0
                    7                   20                    0                    1
                    8                    1                    1                    0
                    8                    3                    1                    0
                    8                    3                    0                    1
                    8                    4                    1                    0
                    8                    5                    1                    0
                    8                    7                    1                    0
                    8                    9                    1                    0
                    8                    9                    0                    1
                    8                   10                    1                    0
                    8                   14                    1                    0
                    8                   15                    1                    0
                    8                   17                    1                    0
                    8                   18                    1                    0
                    8                   18                    0                    1
                    8                   19                    1                    0
                    8                   20                    1                    0
                    9                    1                    0                    1
                    9                    2                    0                    1
                    9                    4                    1                    0
                    9                    5                    1                    0
                    9                    7                    1                    0
                    9                    9                    1                    0
                    9                   10                    0                    1
                    9                   11                    0                    1
                    9                   12                    0                    1
                    9                   13                    0                    1
                    9                   14                    1                    0
                    9                   14                    0                    1
                    9                   17                    0                    1
                    9                   20                    1                    0
                   10                    1                    1                    0
                   10                    2                    1                    0
                   10                    2                    0                    1
                   10                    3                    0                    1
                   10                    5                    0                    1
                   10                    6                    0                    1
                   10                    9                    0                    1
                   10                   10                    1                    0
                   10                   14                    0                    1
                   10                   15                    1                    0
                   10                   18                    1                    0
                   10                   18                    0                    1
                   10                   19                    0                    1
                   10                   20                    1                    0
                   10                   20                    0                    1
                   11                    1                    1                    0
                   11                    2                    0                    1
                   11                    3                    0                    1
                   11                    4                    1                    0
                   11                    5                    1                    0
                   11                    5                    0                    1
                   11                    6                    1                    0
                   11                    6                    0                    1
                   11                    7                    0                    1
                   11                    8                    0                    1
                   11                    9                    0                    1
                   11                   10                    1                    0
                   11                   10                    0                    1
                   11                   11                    1                    0
                   11                   12                    1                    0
                   11                   12                    0                    1
                   11                   13                    1                    0
                   11                   15                    0                    1
                   11                   16                    1                    0
                   11                   17                    1                    0
                   11                   17                    0                    1
                   11                   18                    1                    0
                   11                   18                    0                    1
                   11                   19                    1                    0
                   11                   20                    1                    0
                   12                    1                    0                    1
                   12                    2                    1                    0
                   12                    4                    1                    0
                   12                    5                    1                    0
                   12                    6                    1                    0
                   12                   10                    0                    1
                   12                   11                    1                    0
                   12                   11                    0                    1
                   12                   13                    0                    1
                   12                   14                    1                    0
                   12                   15                    1                    0
                   12                   15                    0                    1
                   12                   17                    0                    1
                   12                   19                    0                    1
                   13                    1                    1                    0
                   13                    1                    0                    1
                   13                    2                    1                    0
                   13                    2                    0                    1
                   13                    3                    1                    0
                   13                    4                    1                    0
                   13                    5                    0                    1
                   13                    9                    1                    0
                   13                    9                    0                    1
                   13                   10                    0                    1
                   13                   11                    1                    0
                   13                   11                    0                    1
                   13                   12                    0                    1
                   13                   13                    0                    1
                   13                   15                    0                    1
                   13                   16                    0                    1
                   13                   17                    0                    1
                   13                   18                    1                    0
                   14                    2                    0                    1
                   14                    3                    1                    0
                   14                    3                    0                    1
                   14                    4                    1                    0
                   14                    4                    0                    1
                   14                    5                    1                    0
                   14                    7                    1                    0
                   14                    7                    0                    1
                   14                    8                    1                    0
                   14                    9                    0                    1
                   14                   10                    0                    1
                   14                   13                    1                    0
                   14                   13                    0                    1
                   14                   14                    0                    1
                   14                   15                    1                    0
                   14                   18                    0                    1
                   14                   19                    1                    0
                   14                   19                    0                    1
                   14                   20                    0                    1
                   15                    2                    1                    0
                   15                    2                    0                    1
                   15                    4                    1                    0
                   15                    5                    0                    1
                   15                    6                    1                    0
                   15                    7                    1                    0
                   15                    8                    0                    1
                   15                    9                    1                    0
                   15                   13                    1                    0
                   15                   15                    1                    0
                   15                   18                    1                    0
                   15                   18                    0                    1
                   16                    2                    1                    0
                   16                    3                    1                    0
                   16                    3                    0                    1
                   16                    4                    1                    0
                   16                    4                    0                    1
                   16                    5                    1                    0
                   16                    6                    0                    1
                   16                    7                    1                    0
                   16                    7                    0                    1
                   16                    8                    1                    0
                   16                    9                    1                    0
                   16                   11                    1                    0
                   16                   11                    0                    1
                   16                   12                    0                    1
                   16                   14                    1                    0
                   16                   14                    0                    1
                   16                   16                    1                    0
                   16                   16                    0                    1
                   16                   17                    1                    0
                   16                   18                    0                    1
                   16                   19                    1                    0
                   17                    1                    1                    0
                   17                    1                    0                    1
                   17                    3                    1                    0
                   17                    4                    1                    0
                   17                    5                    0                    1
                   17                    6                    0                    1
                   17                    8                    1                    0
                   17                    9                    0                    1
                   17                   10                    1                    0
                   17                   11                    1                    0
                   17                   13                    1                    0
                   17                   13                    0                    1
                   17                   16                    1                    0
                   17                   17                    0                    1
                   17                   18                    0                    1
                   18                    1                    0                    1
                   18                    2                    0                    1
                   18                    4                    1                    0
                   18                    8                    1                    0
                   18                    9                    1                    0
                   18                    9                    0                    1
                   18                   11                    0                    1
                   18                   12                    1                    0
                   18                   13                    1                    0
                   18                   16                    0                    1
                   18                   17                    0                    1
                   18                   18                    0                    1
                   18                   19                    1                    0
                   19                    4                    0                    1
                   19                    5                    0                    1
                   19                    6                    0                    1
                   19                    7                    0                    1
                   19                    8                    1                    0
                   19                    8                    0                    1
                   19                   12                    0                    1
                   19                   13                    1                    0
                   19                   13                    0                    1
                   19                   14                    0                    1
                   19                   15                    0                    1
                   19                   16                    1                    0
                   19                   17                    1                    0
                   19                   17                    0                    1
                   19                   18                    0                    1
                   19                   19                    1                    0
                   19                   19                    0                    1
                   19                   20                    1                    0
                   20                    3                    1                    0
                   20                    3                    0                    1
                   20                    4                    1                    0
                   20                    7                    1                    0
                   20                    7                    0                    1
                   20                    8                    1                    0
                   20                    8                    0                    1
                   20                    9                    1                    0
                   20                   11                    1                    0
                   20                   11                    0                    1
                   20                   12                    1                    0
                   20                   13                    0                    1
                   20                   14                    1                    0
                   20                   15                    1                    0
                   20                   15                    0                    1
                   20                   17                    0                    1
                   20                   18                    0                    1
                   20                   20                    1                    0
                    1                   14
                    9                   19
