                    6                   17                    0                   -1
                    6                   18                    0                    1
                   18                   20                   -1                    0
                   19                   20                    1                    0
                   20                   20                    1                    0
                   19                   20                   -1                    0
                   19                   19                    0                   -1
                    6                   19                    0                    1
                    6                   18                    0                   -1
                    5                   18                   -1                    0
                    4                   18                   -1                    0
                   19                   20                    0                    1
                   19                   19                    0                   -1
                    5                   18                    1                    0
                   18                   19                   -1                    0
                    6                   18                    1                    0
                    5                   18                   -1                    0
                   19                   19                    1                    0
                    6                   18                    1                    0
                    6                   19                    0                    1
                    6                   18                    0                   -1
                   19                   20                    0                    1
                    6                   19                    0                    1
                    5                   19                   -1                    0
                    5                   20                    0                    1
                    6                   20                    1                    0
                    6                    1                    0                    0
                   19                    1                    0                    0
                    6                   20                    0                    0
                   20                    1                    1                    0
                    5                   20                   -1                    0
                    5                   19                    0                   -1
                   19                    1                   -1                    0
                    5                   18                    0                   -1
                   19                    2                    0                    1
                   19                    3                    0                    1
                   18                    3                   -1                    0
                    5                   19                    0                    1
                    5                   18                    0                   -1
                   19                    3                    1                    0
                    6                   18                    1                    0
                   19                    2                    0                   -1
                   19                    1                    0                   -1
                    5                   18                   -1                    0
                    5                   19                    0                    1
                    6                   19                    1                    0
                    6                   18                    0                   -1
                   19                   20                    0                    0
                    7                   18                    1                    0
                   19                   19                    0                   -1
                    6                   18                   -1                    0
                    7                   18                    1                    0
                   19                   20                    0                    1
                   18                   20                   -1                    0
                    6                   18                   -1                    0
                   17                   20                   -1                    0
                   18                   20                    1                    0
                   19                   20                    1                    0
                   18                   20                   -1                    0
                    6                   19                    0                    1
                   19                   20                    1                    0
                   19                   19                    0                   -1
                    6                   18                    0                   -1
                    7                   18                    1                    0
                    6                   18                   -1                    0
                    5                   18                   -1                    0
                   19                   20                    0                    1
                   18                   20                   -1                    0
                   19                   20                    1                    0
                    6                   18                    1                    0
