                   15                    8                    0                    1
                   13                   17                   -1                    0
                   13                   16                    0                   -1
                   14                    8                   -1                    0
                   14                    7                    0                   -1
                   14                    6                    0                   -1
                   14                    5                    0                   -1
                   14                    4                    0                   -1
                   15                    4                    1                    0
                   14                   16                    1                    0
                   15                   16                    1                    0
                   16                    4                    1                    0
                   16                    3                    0                   -1
                   15                   17                    0                    1
                   15                   16                    0                   -1
                   15                    3                   -1                    0
                   16                    3                    1                    0
                   16                    2                    0                   -1
                   15                   17                    0                    1
                   15                   16                    0                   -1
                   17                    2                    1                    0
                   15                   17                    0                    1
                   15                   18                    0                    1
                   14                   18                   -1                    0
                   15                   18                    1                    0
                   16                   18                    1                    0
                   16                   17                    0                   -1
                   15                   17                   -1                    0
                   16                    2                   -1                    0
                   15                    2                   -1                    0
                   16                    2                    1                    0
                   15                   16                    0                   -1
                   14                   16                   -1                    0
                   14                   15                    0                   -1
                   16                    3                    0                    1
                   15                   15                    1                    0
                   16                    4                    0                    1
                   15                    4                   -1                    0
                   14                    4                   -1                    0
                   14                    5                    0                    1
                   15                    5                    1                    0
                   14                   15                   -1                    0
                   15                   15                    1                    0
                   15                    4                    0                   -1
                   15                    3                    0                   -1
                   15                    2                    0                   -1
                   14                    2                   -1                    0
                   15                   16                    0                    1
                   15                   15                    0                   -1
                   13                    2                   -1                    0
                   16                   15                    1                    0
                   15                   15                   -1                    0
                   13                    3                    0                    1
                   14                    3                    1                    0
                   14                   15                   -1                    0
                   14                    2                    0                   -1
                   13                    2                   -1                    0
                   14                   16                    0                    1
                   13                   16                   -1                    0
                   12                    2                   -1                    0
                   13                   15                    0                   -1
                   13                   16                    0                    1
                   12                   16                   -1                    0
                   13                    2                    1                    0
                   12                   17                    0                    1
                   11                   17                   -1                    0
                   13                    3                    0                    1
                   10                   17                   -1                    0
                   14                    3                    1                    0
                   11                   17                    1                    0
                   11                   16                    0                   -1
                   12                   16                    1                    0
                   14                    2                    0                   -1
                   13                   16                    1                    0
                   14                    1                    0                   -1
                   14                    2                    0                    1
                   14                    3                    0                    1
                   14                   16                    1                    0
                   13                   16                   -1                    0
                   14                    4                    0                    1
                   14                    3                    0                   -1
                   13                   17                    0                    1
                   15                    3                    1                    0
                   13                   16                    0                   -1
                   13                   17                    0                    1
                   14                   17                    1                    0
                   15                    4                    0                    1
                   14                   18                    0                    1
                   16                    4                    1                    0
                   16                    5                    0                    1
                   14                   19                    0                    1
                   16                    4                    0                   -1
                   15                    4                   -1                    0
                   15                    5                    0                    1
                   14                   20                    0                    1
                   15                    6                    0                    1
                   15                   20                    1                    0
                   15                    7                    0                    1
                   15                    6                    0                   -1
                   15                    5                    0                   -1
                   15                    1                    0                    0
                   15                    2                    0                    1
                   15                    3                    0                    1
                   14                    3                   -1                    0
                   13                    3                   -1                    0
                   15                    4                    0                   -1
                   15                    3                    0                   -1
                   15                    2                    0                   -1
                   14                    3                    1                    0
                   15                    3                    0                    1
                   14                    3                   -1                    0
                   13                    3                   -1                    0
                   13                    2                    0                   -1
                   13                    1                    0                   -1
                   13                    3                   -1                    0
                   13                    4                    0                    1
                   12                    4                   -1                    0
                   11                    4                   -1                    0
                   12                    1                   -1                    0
                   11                    1                   -1                    0
                   12                    4                    1                    0
                   11                    2                    0                    1
                   13                    4                    1                    0
                   14                    4                    1                    0
                   14                    5                    0                    1
                   11                    3                    0                    1
                   11                    2                    0                   -1
                   10                    2                   -1                    0
                   11                    2                    1                    0
                   11                    1                    0                   -1
                   11                   20                    0                    0
                   15                    5                    1                    0
                   16                    5                    1                    0
                   11                    1                    0                    0
                   15                    5                   -1                    0
                   15                    4                    0                   -1
                   11                   20                    0                    0
                   10                   20                   -1                    0
                   14                    4                   -1                    0
                   13                    4                   -1                    0
                   13                    3                    0                   -1
                   13                    4                    0                    1
                   13                    3                    0                   -1
                   13                    2                    0                   -1
                   12                    2                   -1                    0
                   10                    1                    0                    0
