                    3                    4                    0                    1
                    3                    5                    0                    1
                    3                    6                    0                    1
                    3                    5                    0                   -1
                    5                   20                    1                    0
                    3                    6                    0                    1
                    4                    6                    1                    0
                    5                    1                    0                    0
                    3                    6                   -1                    0
                    5                   20                    0                    0
                    5                   19                    0                   -1
                    5                   20                    0                    1
                    3                    5                    0                   -1
                    3                    4                    0                   -1
                    3                    3                    0                   -1
                    5                    1                    0                    0
                    3                    4                    0                    1
                    5                    2                    0                    1
                    5                    1                    0                   -1
                    3                    5                    0                    1
                    5                    2                    0                    1
                    4                    5                    1                    0
                    4                    6                    0                    1
                    5                    6                    1                    0
                    6                    2                    1                    0
                    6                    3                    0                    1
                    4                    6                   -1                    0
                    4                    7                    0                    1
                    5                    7                    1                    0
                    5                    3                   -1                    0
                    4                    7                   -1                    0
                    6                    3                    1                    0
                    5                    7                    1                    0
                    4                    7                   -1                    0
                    7                    3                    1                    0
                    6                    3                   -1                    0
                    6                    4                    0                    1
                    5                    4                   -1                    0
                    4                    8                    0                    1
                    4                    7                    0                   -1
                    5                    7                    1                    0
                    6                    7                    1                    0
                    6                    4                    1                    0
                    5                    4                   -1                    0
                    6                    4                    1                    0
                    6                    8                    0                    1
                    7                    4                    1                    0
                    7                    5                    0                    1
                    7                    8                    1                    0
                    6                    8                   -1                    0
                    6                    7                    0                   -1
                    6                    6                    0                   -1
                    8                    5                    1                    0
                    8                    6                    0                    1
                    6                    7                    0                    1
                    8                    5                    0                   -1
                    8                    6                    0                    1
                    5                    7                   -1                    0
                    8                    5                    0                   -1
                    6                    7                    1                    0
                    7                    5                   -1                    0
                    7                    6                    0                    1
                    7                    5                    0                   -1
                    5                    7                   -1                    0
                    5                    6                    0                   -1
                    5                    7                    0                    1
                    7                    4                    0                   -1
                    6                    7                    1                    0
                    5                    7                   -1                    0
                    6                    4                   -1                    0
                    4                    7                   -1                    0
                    3                    7                   -1                    0
                    3                    8                    0                    1
                    6                    3                    0                   -1
                    3                    9                    0                    1
                    3                   10                    0                    1
                    3                    9                    0                   -1
                    6                    2                    0                   -1
                    5                    2                   -1                    0
                    3                   10                    0                    1
                    4                    2                   -1                    0
                    4                    3                    0                    1
                    3                    9                    0                   -1
                    4                    2                    0                   -1
                    4                    9                    1                    0
                    3                    9                   -1                    0
                    3                    2                   -1                    0
                    4                    9                    1                    0
                    3                    3                    0                    1
                    3                    4                    0                    1
                    4                    4                    1                    0
                    4                    3                    0                   -1
                    4                    4                    0                    1
                    3                    9                   -1                    0
                    3                   10                    0                    1
                    3                    9                    0                   -1
                    3                   10                    0                    1
                    3                    4                   -1                    0
                    3                    9                    0                   -1
                    3                    8                    0                   -1
                    4                    8                    1                    0
                    3                    8                   -1                    0
                    3                    3                    0                   -1
                    3                    2                    0                   -1
