                   19                   19                    0                   -1
                   19                   20                    0                    1
                   18                   20                   -1                    0
                   19                   20                    1                    0
                    2                   20                    0                    0
                    2                    1                    0                    0
                    3                    1                    1                    0
                    3                   20                    0                    0
                   18                   20                   -1                    0
                   19                   20                    1                    0
                    3                    1                    0                    0
                   20                   20                    1                    0
                   19                   20                   -1                    0
                    2                    1                   -1                    0
                    2                    2                    0                    1
                    2                    1                    0                   -1
                   19                   19                    0                   -1
                   19                   20                    0                    1
                   19                   19                    0                   -1
                   18                   19                   -1                    0
                    1                    1                   -1                    0
                   17                   19                   -1                    0
                   18                   19                    1                    0
                    1                   20                    0                    0
                    1                    1                    0                    0
                    2                    1                    1                    0
                   17                   19                   -1                    0
                   16                   19                   -1                    0
                   15                   19                   -1                    0
                   16                   19                    1                    0
                    3                    1                    1                    0
                    3                   20                    0                    0
                    4                   20                    1                    0
                    3                   20                   -1                    0
                    2                   20                   -1                    0
                   17                   19                    1                    0
                    3                   20                    1                    0
                   18                   19                    1                    0
                   19                   19                    1                    0
                    4                   20                    1                    0
                   19                   20                    0                    1
                   18                   20                   -1                    0
                   18                    1                    0                    0
                    4                   19                    0                   -1
                    3                   19                   -1                    0
                    4                   19                    1                    0
                    4                   20                    0                    1
                   18                   20                    0                    0
                    5                   20                    1                    0
                   18                   19                    0                   -1
                    5                    1                    0                    0
                   19                   19                    1                    0
                    5                   20                    0                    0
                   18                   19                   -1                    0
                   18                   20                    0                    1
                   19                   20                    1                    0
                    6                   20                    1                    0
                    6                   19                    0                   -1
                    7                   19                    1                    0
                    6                   19                   -1                    0
                    6                   20                    0                    1
                   18                   20                   -1                    0
                    7                   20                    1                    0
                   19                   20                    1                    0
                    7                   19                    0                   -1
                    7                   20                    0                    1
                    6                   20                   -1                    0
                   20                   20                    1                    0
                   20                   19                    0                   -1
                   20                   20                    0                    1
                    6                   19                    0                   -1
                   19                   20                   -1                    0
                    5                   19                   -1                    0
                    5                   18                    0                   -1
                   19                    1                    0                    0
                   20                    1                    1                    0
                   19                    1                   -1                    0
