                    1                    1                    0                    1
                    1                    2                    0                    1
                    1                    3                    1                    0
                    1                    5                    0                    1
                    1                    6                    1                    0
                    1                    6                    0                    1
                    1                    7                    0                    1
                    1                    8                    1                    0
                    1                    8                    0                    1
                    1                   10                    1                    0
                    1                   11                    1                    0
                    1                   15                    1                    0
                    1                   15                    0                    1
                    1                   17                    1                    0
                    1                   18                    1                    0
                    1                   19                    0                    1
                    1                   20                    0                    1
                    2                    1                    0                    1
                    2                    2                    1                    0
                    2                    3                    1                    0
                    2                    4                    1                    0
                    2                    4                    0                    1
                    2                    5                    0                    1
                    2                    6                    1                    0
                    2                    6                    0                    1
                    2                    7                    1                    0
                    2                    8                    0                    1
                    2                    9                    1                    0
                    2                   10                    0                    1
                    2                   11                    1                    0
                    2                   11                    0                    1
                    2                   12                    0                    1
                    2                   13                    1                    0
                    2                   14                    1                    0
                    2                   14                    0                    1
                    2                   17                    0                    1
                    2                   19                    1                    0
                    2                   19                    0                    1
                    2                   20                    0                    1
                    3                    2                    1                    0
                    3                    3                    1                    0
                    3                    4                    1                    0
                    3                    6                    1                    0
                    3                    7                    1                    0
                    3                    8                    1                    0
                    3                    8                    0                    1
                    3                   11                    0                    1
                    3                   12                    0                    1
                    3                   14                    1                    0
                    3                   19                    1                    0
                    4                    2                    0                    1
                    4                    4                    0                    1
                    4                    5                    0                    1
                    4                    7                    1                    0
                    4                    8                    1                    0
                    4                   14                    1                    0
                    4                   16                    1                    0
                    4                   16                    0                    1
                    4                   17                    1                    0
                    4                   19                    1                    0
                    5                    7                    0                    1
                    5                   14                    0                    1
                    5                   15                    1                    0
                    5                   16                    1                    0
                    5                   17                    0                    1
                    5                   18                    0                    1
                    6                    9                    1                    0
                    6                    9                    0                    1
                    6                   10                    1                    0
                    6                   11                    1                    0
                    6                   11                    0                    1
                    6                   12                    1                    0
                    6                   15                    1                    0
                    6                   16                    0                    1
                    6                   17                    0                    1
                    6                   18                    0                    1
                    6                   19                    0                    1
                    6                   20                    0                    1
                    7                    1                    0                    1
                    7                    2                    0                    1
                    7                    3                    0                    1
                    7                    4                    0                    1
                    7                    5                    0                    1
                    7                    6                    0                    1
                    7                    7                    0                    1
                    7                    8                    0                    1
                    7                   10                    0                    1
                    7                   12                    0                    1
                    7                   13                    0                    1
                    7                   14                    0                    1
                    7                   17                    1                    0
                    7                   17                    0                    1
                    7                   18                    1                    0
                    7                   20                    1                    0
                    7                   20                    0                    1
                    8                    4                    1                    0
                    8                    4                    0                    1
                    8                    5                    1                    0
                    8                   17                    0                    1
                    8                   20                    1                    0
                    9                    4                    0                    1
                    9                   16                    1                    0
                    9                   16                    0                    1
                    9                   17                    0                    1
                    9                   18                    1                    0
                    9                   20                    1                    0
                   10                    1                    1                    0
                   10                    2                    1                    0
                   10                    2                    0                    1
                   10                    3                    1                    0
                   10                    9                    1                    0
                   10                   13                    1                    0
                   10                   13                    0                    1
                   10                   14                    1                    0
                   10                   16                    1                    0
                   10                   18                    1                    0
                   10                   20                    0                    1
                   11                    1                    1                    0
                   11                    2                    1                    0
                   11                    3                    1                    0
                   11                    7                    1                    0
                   11                    7                    0                    1
                   11                    8                    1                    0
                   11                    9                    1                    0
                   11                   10                    1                    0
                   11                   10                    0                    1
                   11                   11                    0                    1
                   11                   12                    0                    1
                   11                   14                    0                    1
                   11                   15                    1                    0
                   11                   16                    1                    0
                   11                   18                    1                    0
                   12                    1                    1                    0
                   12                    2                    0                    1
                   12                    7                    0                    1
                   12                    9                    0                    1
                   12                   15                    1                    0
                   12                   16                    1                    0
                   12                   18                    1                    0
                   13                    1                    1                    0
                   13                    3                    1                    0
                   13                    3                    0                    1
                   13                    4                    0                    1
                   13                    5                    0                    1
                   13                    6                    0                    1
                   13                    7                    1                    0
                   13                   15                    0                    1
                   13                   17                    1                    0
                   13                   17                    0                    1
                   14                    1                    1                    0
                   14                    3                    1                    0
                   14                    5                    1                    0
                   14                    5                    0                    1
                   14                    6                    0                    1
                   14                   11                    1                    0
                   14                   11                    0                    1
                   14                   12                    1                    0
                   14                   17                    0                    1
                   14                   18                    1                    0
                   15                    1                    1                    0
                   15                    1                    0                    1
                   15                    2                    0                    1
                   15                    4                    1                    0
                   15                    4                    0                    1
                   15                    6                    1                    0
                   15                    6                    0                    1
                   15                    7                    1                    0
                   15                   11                    0                    1
                   15                   13                    1                    0
                   15                   13                    0                    1
                   15                   14                    1                    0
                   15                   15                    1                    0
                   15                   16                    1                    0
                   15                   16                    0                    1
                   15                   17                    0                    1
                   15                   20                    1                    0
                   15                   20                    0                    1
                   16                    1                    1                    0
                   16                    1                    0                    1
                   16                    2                    0                    1
                   16                    3                    0                    1
                   16                    4                    1                    0
                   16                    4                    0                    1
                   16                    5                    1                    0
                   16                    6                    0                    1
                   16                   13                    1                    0
                   16                   14                    0                    1
                   16                   15                    1                    0
                   16                   15                    0                    1
                   16                   20                    0                    1
                   17                    4                    1                    0
                   17                    5                    1                    0
                   17                    8                    1                    0
                   17                    8                    0                    1
                   17                    9                    0                    1
                   17                   10                    1                    0
                   17                   13                    0                    1
                   17                   14                    0                    1
                   17                   15                    1                    0
                   17                   15                    0                    1
                   17                   16                    0                    1
                   17                   17                    1                    0
                   17                   20                    1                    0
                   17                   20                    0                    1
                   18                    4                    1                    0
                   18                    5                    0                    1
                   18                    6                    0                    1
                   18                    7                    1                    0
                   18                    8                    1                    0
                   18                    9                    1                    0
                   18                    9                    0                    1
                   18                   13                    1                    0
                   18                   13                    0                    1
                   18                   14                    0                    1
                   18                   17                    0                    1
                   18                   18                    1                    0
                   18                   20                    1                    0
                   19                    1                    1                    0
                   19                    1                    0                    1
                   19                    2                    0                    1
                   19                    3                    1                    0
                   19                    4                    0                    1
                   19                    5                    1                    0
                   19                    7                    0                    1
                   19                    9                    1                    0
                   19                   13                    1                    0
                   19                   18                    1                    0
                   19                   19                    1                    0
                   19                   19                    0                    1
                   20                    1                    0                    1
                   20                    2                    0                    1
                   20                    4                    0                    1
                   20                    5                    1                    0
                   20                    5                    0                    1
                   20                    6                    1                    0
                   20                    8                    1                    0
                   20                    8                    0                    1
                   20                    9                    1                    0
                   20                    9                    0                    1
                   20                   10                    1                    0
                   20                   11                    1                    0
                   20                   11                    0                    1
                   20                   12                    0                    1
                   20                   16                    1                    0
                   20                   16                    0                    1
                   20                   17                    1                    0
                   20                   18                    1                    0
                   20                   19                    1                    0
                   15                   15
                    6                    1
