                    1                    1                    0                    1
                    1                    2                    0                    1
                    1                    3                    0                    1
                    1                    4                    0                    1
                    1                    8                    1                    0
                    1                    8                    0                    1
                    1                    9                    1                    0
                    1                   14                    0                    1
                    1                   15                    0                    1
                    1                   17                    1                    0
                    1                   17                    0                    1
                    1                   18                    0                    1
                    1                   19                    1                    0
                    1                   20                    0                    1
                    2                    8                    0                    1
                    2                   17                    0                    1
                    2                   18                    0                    1
                    4                    4                    1                    0
                    4                    4                    0                    1
                    4                    5                    0                    1
                    4                    6                    1                    0
                    4                   15                    1                    0
                    4                   15                    0                    1
                    4                   16                    1                    0
                    5                    5                    1                    0
                    5                    5                    0                    1
                    5                   15                    1                    0
                    5                   16                    1                    0
                    6                    5                    0                    1
                    6                    6                    1                    0
                    6                    7                    1                    0
                    6                    7                    0                    1
                    6                    8                    0                    1
                    6                    9                    0                    1
                    6                   10                    0                    1
                    6                   11                    0                    1
                    6                   12                    0                    1
                    6                   13                    0                    1
                    6                   14                    1                    0
                    6                   15                    0                    1
                    7                    1                    1                    0
                    7                    6                    0                    1
                    7                   14                    0                    1
                    7                   15                    1                    0
                    7                   20                    1                    0
                    7                   20                    0                    1
                    8                    1                    0                    1
                    8                    2                    0                    1
                    8                    3                    1                    0
                    8                   10                    1                    0
                    8                   10                    0                    1
                    8                   11                    1                    0
                    8                   13                    1                    0
                    8                   13                    0                    1
                    8                   14                    1                    0
                    8                   15                    1                    0
                    8                   20                    1                    0
                    9                    3                    0                    1
                    9                    4                    0                    1
                    9                    5                    0                    1
                    9                    6                    0                    1
                    9                    7                    0                    1
                    9                    8                    1                    0
                    9                   10                    1                    0
                    9                   11                    0                    1
                    9                   12                    0                    1
                    9                   14                    0                    1
                    9                   19                    1                    0
                    9                   19                    0                    1
                   10                    1                    1                    0
                   10                    1                    0                    1
                   10                    2                    1                    0
                   10                    3                    1                    0
                   10                    3                    0                    1
                   10                    4                    1                    0
                   10                    7                    1                    0
                   10                    7                    0                    1
                   10                   10                    0                    1
                   10                   11                    0                    1
                   10                   12                    1                    0
                   10                   17                    1                    0
                   10                   17                    0                    1
                   10                   18                    1                    0
                   10                   19                    1                    0
                   11                    2                    0                    1
                   11                    4                    1                    0
                   11                    6                    1                    0
                   11                    6                    0                    1
                   11                    9                    1                    0
                   11                    9                    0                    1
                   11                   10                    0                    1
                   11                   11                    0                    1
                   11                   17                    1                    0
                   11                   18                    0                    1
                   11                   20                    1                    0
                   11                   20                    0                    1
                   12                    4                    0                    1
                   12                    5                    0                    1
                   12                    9                    1                    0
                   12                   13                    1                    0
                   12                   13                    0                    1
                   12                   14                    1                    0
                   12                   17                    0                    1
                   12                   18                    1                    0
                   12                   20                    1                    0
                   13                    1                    0                    1
                   13                    2                    1                    0
                   13                    8                    1                    0
                   13                    8                    0                    1
                   13                   13                    1                    0
                   13                   14                    1                    0
                   13                   18                    0                    1
                   13                   19                    0                    1
                   13                   20                    1                    0
                   13                   20                    0                    1
                   14                    1                    0                    1
                   14                    8                    1                    0
                   14                   13                    0                    1
                   14                   20                    0                    1
                   15                    8                    0                    1
                   15                    9                    0                    1
                   15                   10                    1                    0
                   15                   17                    1                    0
                   15                   17                    0                    1
                   15                   18                    1                    0
                   16                    2                    1                    0
                   16                    2                    0                    1
                   16                    3                    1                    0
                   16                    9                    0                    1
                   16                   17                    0                    1
                   17                    2                    0                    1
                   17                    4                    1                    0
                   17                    4                    0                    1
                   17                    5                    0                    1
                   17                    6                    1                    0
                   17                    7                    1                    0
                   17                   16                    1                    0
                   17                   16                    0                    1
                   17                   17                    0                    1
                   17                   18                    0                    1
                   17                   19                    1                    0
                   18                    4                    1                    0
                   18                    5                    1                    0
                   18                    5                    0                    1
                   18                    6                    1                    0
                   18                    6                    0                    1
                   18                   15                    1                    0
                   18                   15                    0                    1
                   18                   18                    1                    0
                   18                   18                    0                    1
                   19                    4                    0                    1
                   19                    6                    1                    0
                   19                   11                    0                    1
                   19                   12                    0                    1
                   19                   13                    0                    1
                   19                   14                    1                    0
                   19                   15                    0                    1
                   19                   16                    1                    0
                   19                   18                    0                    1
                   19                   19                    1                    0
                   20                    5                    1                    0
                   20                    5                    0                    1
                   20                   14                    1                    0
                   20                   16                    1                    0
                   20                   19                    0                    1
                   20                   20                    1                    0
                   16                    9
                    5                    4
