                   13                    2                   -1                    0
                   13                    3                    0                    1
                   12                    3                   -1                    0
                   13                    3                    1                    0
                   14                    3                    1                    0
                    4                    6                    1                    0
                    4                    5                    0                   -1
                    3                    5                   -1                    0
                   13                    3                   -1                    0
                   13                    4                    0                    1
                   13                    5                    0                    1
                   14                    5                    1                    0
                    2                    5                   -1                    0
                    2                    4                    0                   -1
                   13                    5                   -1                    0
                    2                    3                    0                   -1
                   12                    5                   -1                    0
                    3                    3                    1                    0
                   13                    5                    1                    0
                   13                    4                    0                   -1
                   13                    3                    0                   -1
                   14                    3                    1                    0
                   14                    2                    0                   -1
                    3                    4                    0                    1
                   15                    2                    1                    0
                   15                    3                    0                    1
                   15                    2                    0                   -1
                    3                    3                    0                   -1
                   14                    2                   -1                    0
                   14                    3                    0                    1
                   14                    4                    0                    1
                    3                    2                    0                   -1
                   15                    4                    1                    0
                    3                    3                    0                    1
                   14                    4                   -1                    0
                    3                    4                    0                    1
                    3                    5                    0                    1
                    2                    5                   -1                    0
                    1                    5                   -1                    0
                   14                    5                    0                    1
                    1                    6                    0                    1
                   15                    5                    1                    0
                    1                    7                    0                    1
                    1                    6                    0                   -1
                   15                    6                    0                    1
                   16                    6                    1                    0
                   16                    7                    0                    1
                    1                    7                    0                    1
                   16                    6                    0                   -1
                    1                    8                    0                    1
                    1                    7                    0                   -1
                    2                    7                    1                    0
                   16                    5                    0                   -1
                   17                    5                    1                    0
                   17                    6                    0                    1
                   18                    6                    1                    0
                    1                    7                   -1                    0
                   17                    6                   -1                    0
                    1                    6                    0                   -1
                    1                    5                    0                   -1
                   18                    6                    1                    0
                    1                    6                    0                    1
                   18                    5                    0                   -1
                   18                    4                    0                   -1
                    1                    7                    0                    1
                   18                    5                    0                    1
                   18                    6                    0                    1
                   17                    6                   -1                    0
                    2                    7                    1                    0
                    2                    8                    0                    1
                   18                    6                    1                    0
                    3                    8                    1                    0
                   19                    6                    1                    0
                   19                    7                    0                    1
                   20                    7                    1                    0
                   20                    6                    0                   -1
                   20                    5                    0                   -1
                    3                    7                    0                   -1
                   19                    5                   -1                    0
                    3                    6                    0                   -1
                   20                    5                    1                    0
                    3                    7                    0                    1
                   20                    6                    0                    1
                    3                    8                    0                    1
                   20                    7                    0                    1
                    1                    7                    0                    0
                    1                    6                    0                   -1
                    1                    5                    0                   -1
                    4                    8                    1                    0
                    2                    5                    1                    0
                    4                    7                    0                   -1
                    4                    8                    0                    1
                    2                    4                    0                   -1
                    3                    8                   -1                    0
                    2                    5                    0                    1
                    3                    9                    0                    1
                    2                    4                    0                   -1
                    3                   10                    0                    1
                    3                    9                    0                   -1
                    2                    9                   -1                    0
                    1                    9                   -1                    0
                    2                    9                    1                    0
                    3                    9                    1                    0
                    2                    5                    0                    1
                    2                    6                    0                    1
                    3                    8                    0                   -1
                    2                    8                   -1                    0
                    2                    7                    0                    1
                    1                    7                   -1                    0
                    2                    7                    0                   -1
                    2                    6                    0                   -1
                    2                    5                    0                   -1
                   20                    7                    0                    0
                   19                    7                   -1                    0
                   19                    6                    0                   -1
                    2                    4                    0                   -1
                   18                    6                   -1                    0
                   18                    7                    0                    1
                   18                    8                    0                    1
                   18                    9                    0                    1
                    2                    5                    0                    1
                    2                    4                    0                   -1
                    2                    5                    0                    1
                   18                    8                    0                   -1
                   18                    7                    0                   -1
                    2                    6                    0                    1
                    2                    7                    0                    1
                    2                    6                    0                   -1
