                   19                   19                    0                    1
                   18                   19                   -1                    0
                   18                   20                    0                    1
                   18                   19                    0                   -1
                   18                   18                    0                   -1
                   19                   18                    1                    0
                   10                   16                    1                    0
                    9                   16                   -1                    0
                    6                   13                    1                    0
                    5                   13                   -1                    0
                    5                   12                    0                   -1
                    6                   13                    1                    0
                    6                   12                    0                   -1
                    6                   11                    0                   -1
                    6                   12                    0                    1
                    5                   13                    0                    1
                    6                   13                    1                    0
                    6                   12                    0                   -1
                    1                    9                    0                   -1
                    2                   10                    1                    0
                    1                   10                    0                    1
                    1                   11                    0                    1
                    1                   10                   -1                    0
                    1                   10                    0                   -1
                   10                    3                    0                   -1
                    9                    4                   -1                    0
                   10                    4                    0                    1
                   10                    4                    1                    0
                   18                   19                    0                    1
                   19                   19                    1                    0
                   19                   18                    1                    0
                   19                   19                    0                    1
                   18                   14                    1                    0
                   17                   14                   -1                    0
                    2                   11                   -1                    0
                    3                   12                    0                    1
                    3                   13                    0                    1
                    3                   12                    0                   -1
                    2                   12                   -1                    0
                    3                   11                    1                    0
                    4                   11                    1                    0
                    4                   12                    0                    1
                    4                   13                    0                    1
                    2                   11                    0                   -1
                    2                   12                    0                    1
                    4                   12                    0                   -1
                    4                   11                    0                   -1
                    2                   13                    0                    1
                    2                   12                    0                   -1
                    3                   12                    1                    0
                    4                   12                    0                    1
                    2                   12                   -1                    0
                    3                   12                    1                    0
                    4                   11                    0                   -1
                    4                   12                    1                    0
                    4                   10                    0                   -1
                    3                   10                   -1                    0
                    4                   10                    1                    0
                    4                   11                    0                    1
                    3                   12                   -1                    0
                    4                   10                    0                   -1
                    4                   12                    1                    0
                    3                   10                   -1                    0
                    4                   10                    1                    0
                    3                   12                   -1                    0
                    3                   11                    0                   -1
                    2                   11                   -1                    0
                    2                   10                    0                   -1
                    3                   10                    1                    0
                    4                   11                    0                    1
                    4                   10                    0                   -1
                    4                   10                    1                    0
                    5                   10                    1                    0
                    5                   10                    1                    0
