                    1                   11                    0                    1
                    1                   12                    0                    1
                    1                   13                    0                    1
                    1                   14                    1                    0
                    2                   14                    1                    0
                    3                   13                    1                    0
                    3                   13                    0                    1
                    4                    4                    1                    0
                    4                    4                    0                    1
                    4                    5                    1                    0
                    4                   13                    1                    0
                    5                    4                    0                    1
                    5                   11                    1                    0
                    5                   11                    0                    1
                    5                   12                    0                    1
                    6                   11                    1                    0
                    6                   13                    1                    0
                    6                   13                    0                    1
                    6                   14                    1                    0
                    7                    5                    1                    0
                    7                    5                    0                    1
                    7                    6                    0                    1
                    7                    7                    0                    1
                    7                    8                    0                    1
                    7                    9                    1                    0
                    7                   11                    1                    0
                    7                   13                    0                    1
                    7                   15                    1                    0
                    7                   15                    0                    1
                    7                   16                    1                    0
                    8                    5                    0                    1
                    8                    6                    1                    0
                    8                    9                    0                    1
                    8                   10                    0                    1
                    8                   15                    0                    1
                    9                    6                    0                    1
                    9                    7                    1                    0
                   10                    4                    1                    0
                   10                    7                    1                    0
                   10                   10                    1                    0
                   10                   10                    0                    1
                   10                   11                    1                    0
                   11                    4                    0                    1
                   11                    5                    0                    1
                   11                    6                    0                    1
                   11                   10                    1                    0
                   11                   11                    0                    1
                   11                   12                    1                    0
                   11                   13                    0                    1
                   11                   14                    1                    0
                   12                    9                    1                    0
                   12                    9                    0                    1
                   12                   12                    0                    1
                   12                   13                    1                    0
                   12                   14                    0                    1
                   12                   15                    1                    0
                   13                    8                    1                    0
                   13                    8                    0                    1
                   13                   12                    1                    0
                   13                   12                    0                    1
                   13                   15                    0                    1
                   13                   16                    0                    1
                   13                   17                    1                    0
                   13                   19                    1                    0
                   13                   19                    0                    1
                   13                   20                    1                    0
                   14                    7                    1                    0
                   14                    7                    0                    1
                   14                   12                    0                    1
                   14                   13                    1                    0
                   14                   17                    1                    0
                   14                   19                    0                    1
                   15                    1                    1                    0
                   15                    1                    0                    1
                   15                    2                    1                    0
                   15                    5                    1                    0
                   15                    5                    0                    1
                   15                    6                    1                    0
                   15                    7                    1                    0
                   15                   13                    1                    0
                   15                   13                    0                    1
                   15                   14                    1                    0
                   15                   17                    0                    1
                   15                   18                    0                    1
                   15                   19                    1                    0
                   16                    1                    1                    0
                   16                    2                    0                    1
                   16                    3                    0                    1
                   16                    4                    0                    1
                   16                    6                    0                    1
                   16                    9                    1                    0
                   16                    9                    0                    1
                   16                   10                    1                    0
                   16                   13                    1                    0
                   16                   14                    0                    1
                   16                   19                    1                    0
                   17                    1                    1                    0
                   17                    9                    1                    0
                   17                   10                    1                    0
                   17                   12                    1                    0
                   17                   12                    0                    1
                   17                   19                    1                    0
                   18                    8                    1                    0
                   18                    8                    0                    1
                   18                   10                    1                    0
                   18                   12                    1                    0
                   18                   19                    0                    1
                   18                   20                    0                    1
                   19                    8                    0                    1
                   19                    9                    0                    1
                   19                   12                    0                    1
                   19                   13                    0                    1
                   19                   14                    1                    0
                   20                   11                    1                    0
                   20                   11                    0                    1
                   20                   12                    0                    1
                   20                   13                    0                    1
                   10                    4
                   15                   13
