                   18                    2                    0                    1
                   16                    2                    0                   -1
                   17                    2                   -1                    0
                   17                    1                    0                   -1
                   17                    2                    0                    1
                   18                    2                    1                    0
                   17                    2                    1                    0
                   18                    1                    0                   -1
                   16                    2                   -1                    0
                   18                   20                    0                    0
                   18                    1                    0                    0
                   17                    1                   -1                    0
                   17                    2                    0                    1
                   17                    3                    0                    1
                   16                    1                    0                   -1
                   17                    2                    0                   -1
                   17                    1                    0                   -1
                   18                    1                    1                    0
                   18                   20                    0                    0
                   18                    1                    0                    0
                   16                    2                    0                    1
                   16                    1                    0                   -1
                   16                    2                    0                    1
                   17                    2                    1                    0
                   16                    2                   -1                    0
                   19                    1                    1                    0
                   16                    1                    0                   -1
                   15                    1                   -1                    0
                   16                    1                    1                    0
                   18                    1                   -1                    0
                   17                    1                   -1                    0
                   16                    2                    0                    1
                   16                    3                    0                    1
                   16                    1                   -1                    0
                   17                    1                    1                    0
                   16                    4                    0                    1
                   18                    1                    1                    0
                   16                    3                    0                   -1
                   18                   20                    0                    0
                   16                    2                    0                   -1
                   18                   19                    0                   -1
                   18                   18                    0                   -1
                   18                   19                    0                    1
                   18                   20                    0                    1
                   18                   19                    0                   -1
                   19                   19                    1                    0
                   18                   19                   -1                    0
                   16                    3                    0                    1
                   17                    3                    1                    0
                   17                    4                    0                    1
                   17                    3                    0                   -1
                   17                    4                    0                    1
                   18                   20                    0                    1
                   17                    3                    0                   -1
                   17                    2                    0                   -1
                   17                    3                    0                    1
                   16                    3                   -1                    0
                   17                    3                    1                    0
                   16                    3                   -1                    0
                   16                    2                    0                   -1
                   16                    3                    0                    1
                   19                   20                    1                    0
                   18                   20                   -1                    0
                   16                    4                    0                    1
                   19                   20                    1                    0
                   18                   20                   -1                    0
                   16                    3                    0                   -1
                   16                    2                    0                   -1
                   18                   19                    0                   -1
                   15                    2                   -1                    0
                   16                    2                    1                    0
                   16                    3                    0                    1
                   16                    4                    0                    1
                   15                    4                   -1                    0
                   17                   19                   -1                    0
                   16                    4                    1                    0
                   16                    3                    0                   -1
