                   19                   14                    0                   -1
                   19                   15                    0                    1
                   19                   14                    0                   -1
                   19                   15                    0                    1
                   16                   14                   -1                    0
                   16                   15                    0                    1
                   16                   14                    0                   -1
                   20                   15                    1                    0
                   20                   14                    0                   -1
                   20                   13                    0                   -1
                   20                   12                    0                   -1
                   17                   14                    1                    0
                   17                   15                    0                    1
                   19                   12                   -1                    0
                   18                   12                   -1                    0
                   17                   12                   -1                    0
                   17                   14                    0                   -1
                   17                   13                    0                    1
                   16                   13                   -1                    0
                   15                   13                   -1                    0
                   18                   14                    1                    0
                   16                   13                    1                    0
                   18                   15                    0                    1
                   17                   13                    1                    0
                   17                   12                    0                   -1
                   18                   14                    0                   -1
                   17                   14                   -1                    0
                   16                   14                   -1                    0
                   17                   13                    0                    1
                   16                   15                    0                    1
                   17                   12                    0                   -1
                   16                   14                    0                   -1
                   18                   12                    1                    0
                   19                   12                    1                    0
                   20                   12                    1                    0
                   20                   13                    0                    1
                   15                   14                   -1                    0
                   16                   14                    1                    0
                   17                   14                    1                    0
                   16                   14                   -1                    0
                   16                   15                    0                    1
                    1                   13                    0                    0
                   16                   14                    0                   -1
                    1                   14                    0                    1
                    1                   15                    0                    1
                   17                   14                    1                    0
                   17                   13                    0                   -1
                    1                   14                    0                   -1
                    1                   13                    0                   -1
                   16                   13                   -1                    0
                   15                   13                   -1                    0
                   20                   13                    0                    0
                    1                   13                    0                    0
                   16                   13                    1                    0
                   20                   13                    0                    0
                    1                   13                    0                    0
                   20                   13                    0                    0
                   16                   12                    0                   -1
                   20                   14                    0                    1
                   20                   15                    0                    1
                   19                   15                   -1                    0
                   15                   12                   -1                    0
                   19                   14                    0                   -1
                   16                   12                    1                    0
                   20                   14                    1                    0
                   20                   15                    0                    1
                   16                   11                    0                   -1
                   19                   15                   -1                    0
                   16                   10                    0                   -1
                   20                   15                    1                    0
                   20                   14                    0                   -1
                   16                   11                    0                    1
                   20                   15                    0                    1
                   16                   10                    0                   -1
                    1                   15                    0                    0
                   15                   10                   -1                    0
                    1                   16                    0                    1
                   20                   16                    0                    0
                   16                   10                    1                    0
                   17                   10                    1                    0
                   20                   15                    0                   -1
                    1                   15                    0                    0
                   16                   10                   -1                    0
                   16                   11                    0                    1
                   16                   12                    0                    1
                   20                   15                    0                    0
                   16                   13                    0                    1
                   16                   12                    0                   -1
                   20                   16                    0                    1
                   17                   12                    1                    0
                    1                   16                    0                    0
                    1                   17                    0                    1
                    1                   16                    0                   -1
