                    6                   18                    1                    0
                    5                   18                   -1                    0
                   15                   10                    0                   -1
                   16                   10                    1                    0
                    5                   19                    0                    1
                   15                   10                   -1                    0
                   15                    9                    0                   -1
                    4                   19                   -1                    0
                   15                    8                    0                   -1
                    5                   19                    1                    0
                    5                   18                    0                   -1
                   15                    7                    0                   -1
                   14                    7                   -1                    0
                    5                   17                    0                   -1
                    5                   18                    0                    1
                    4                   18                   -1                    0
                    3                   18                   -1                    0
                    4                   18                    1                    0
                   14                    8                    0                    1
                   13                    8                   -1                    0
                   13                    7                    0                   -1
                    5                   18                    1                    0
                    5                   17                    0                   -1
                    6                   17                    1                    0
                    5                   17                   -1                    0
                   14                    7                    1                    0
                    5                   16                    0                   -1
                    4                   16                   -1                    0
                    4                   17                    0                    1
                   13                    7                   -1                    0
                    5                   17                    1                    0
                   12                    7                   -1                    0
                   11                    7                   -1                    0
                   12                    7                    1                    0
                    6                   17                    1                    0
                   12                    8                    0                    1
                   13                    8                    1                    0
                   14                    8                    1                    0
                    5                   17                   -1                    0
                    5                   16                    0                   -1
                    5                   15                    0                   -1
                    5                   14                    0                   -1
                   13                    8                   -1                    0
                   13                    9                    0                    1
                   14                    9                    1                    0
                    6                   14                    1                    0
                    6                   15                    0                    1
                    6                   16                    0                    1
                   13                    9                   -1                    0
                    6                   17                    0                    1
                    7                   17                    1                    0
                    6                   17                   -1                    0
                    5                   17                   -1                    0
                    5                   18                    0                    1
                    6                   18                    1                    0
                    6                   19                    0                    1
                    6                   18                    0                   -1
                   13                   10                    0                    1
                   13                    9                    0                   -1
                   13                    8                    0                   -1
                    5                   18                   -1                    0
                   14                    8                    1                    0
                   14                    9                    0                    1
                   14                   10                    0                    1
                    4                   18                   -1                    0
                    4                   19                    0                    1
                   14                    9                    0                   -1
                    3                   19                   -1                    0
                    3                   20                    0                    1
                   14                    8                    0                   -1
                    3                   19                    0                   -1
                    3                   20                    0                    1
                   14                    7                    0                   -1
                   15                    7                    1                    0
                   15                    6                    0                   -1
                   16                    6                    1                    0
                    3                    1                    0                    0
                    3                   20                    0                    0
                    3                   19                    0                   -1
                    4                   19                    1                    0
                    4                   18                    0                   -1
                   17                    6                    1                    0
                    4                   19                    0                    1
                    4                   18                    0                   -1
                    4                   19                    0                    1
                    4                   20                    0                    1
                    3                   20                   -1                    0
                    3                   19                    0                   -1
                    3                   20                    0                    1
                   18                    6                    1                    0
                    2                   20                   -1                    0
                   18                    7                    0                    1
                    2                    1                    0                    0
                    2                   20                    0                    0
                    1                   20                   -1                    0
                   18                    6                    0                   -1
                    1                    1                    0                    0
                   18                    5                    0                   -1
                   18                    4                    0                   -1
                    1                    2                    0                    1
                   18                    3                    0                   -1
                    1                    1                    0                   -1
                   18                    4                    0                    1
                    1                    2                    0                    1
                   20                    2                    0                    0
                   19                    2                   -1                    0
                   19                    1                    0                   -1
                   19                    4                    1                    0
                   18                    1                   -1                    0
                   18                    4                   -1                    0
                   17                    1                   -1                    0
                   18                    1                    1                    0
                   18                    3                    0                   -1
                   18                    2                    0                   -1
                   17                    2                   -1                    0
                   18                   20                    0                    0
                   19                   20                    1                    0
                   17                    1                    0                   -1
                   17                    2                    0                    1
                   16                    2                   -1                    0
                   19                    1                    0                    0
                   18                    1                   -1                    0
                   17                    2                    1                    0
                   17                    1                    0                   -1
                   18                   20                    0                    0
                   19                   20                    1                    0
                   20                   20                    1                    0
                    1                   20                    0                    0
                   16                    1                   -1                    0
                   15                    1                   -1                    0
                    1                   19                    0                   -1
                   20                   19                    0                    0
                   16                    1                    1                    0
                   20                   18                    0                   -1
                   15                    1                   -1                    0
                   15                   20                    0                    0
                   20                   17                    0                   -1
                   20                   18                    0                    1
                   16                   20                    1                    0
                   16                    1                    0                    0
                   17                    1                    1                    0
                   17                   20                    0                    0
                   20                   17                    0                   -1
                   20                   18                    0                    1
                   17                    1                    0                    0
                    1                   18                    0                    0
                   20                   18                    0                    0
                   20                   19                    0                    1
                   17                   20                    0                    0
                   18                   20                    1                    0
                   17                   20                   -1                    0
                   17                    1                    0                    0
                   20                   20                    0                    1
                   20                   19                    0                   -1
                   18                    1                    1                    0
                   19                    1                    1                    0
                    1                   19                    0                    0
                   19                   20                    0                    0
                   20                   19                    0                    0
                   20                   20                    1                    0
                   20                   18                    0                   -1
                   20                   17                    0                   -1
                   20                   18                    0                    1
                   20                   19                    0                    1
                   19                   19                   -1                    0
                   19                   20                   -1                    0
                   19                   20                    0                    1
                   19                   19                    0                   -1
                   20                   20                    1                    0
                   19                   18                    0                   -1
                   19                   20                   -1                    0
                   20                   20                    1                    0
                    1                   20                    0                    0
                   19                   19                    0                    1
                    1                    1                    0                    0
                    1                    2                    0                    1
                   20                    2                    0                    0
                   19                   18                    0                   -1
                   20                    3                    0                    1
                   20                    2                    0                   -1
                   20                   18                    1                    0
                   19                   18                   -1                    0
                   18                   18                   -1                    0
