                    1                    8                    1                    0
                    1                    8                    0                    1
                    1                    9                    1                    0
                    1                   11                    1                    0
                    1                   12                    0                    1
                    1                   17                    1                    0
                    1                   19                    0                    1
                    1                   20                    0                    1
                    2                    8                    0                    1
                    2                   11                    1                    0
                    2                   13                    1                    0
                    2                   13                    0                    1
                    2                   14                    0                    1
                    2                   15                    0                    1
                    2                   16                    0                    1
                    3                    1                    1                    0
                    3                    1                    0                    1
                    3                    2                    0                    1
                    3                    3                    0                    1
                    3                    5                    1                    0
                    3                    5                    0                    1
                    3                    6                    1                    0
                    3                    7                    1                    0
                    3                    7                    0                    1
                    3                    8                    0                    1
                    3                    9                    1                    0
                    3                   11                    1                    0
                    3                   12                    1                    0
                    3                   12                    0                    1
                    3                   14                    1                    0
                    3                   14                    0                    1
                    3                   15                    0                    1
                    3                   16                    0                    1
                    3                   17                    0                    1
                    3                   18                    1                    0
                    4                    1                    0                    1
                    4                    2                    1                    0
                    4                    4                    1                    0
                    4                    4                    0                    1
                    4                    6                    0                    1
                    4                    9                    1                    0
                    4                   11                    1                    0
                    4                   12                    0                    1
                    4                   13                    0                    1
                    4                   18                    0                    1
                    4                   19                    0                    1
                    4                   20                    1                    0
                    5                    2                    1                    0
                    5                    4                    0                    1
                    5                    5                    0                    1
                    5                    6                    0                    1
                    5                    7                    0                    1
                    5                    8                    1                    0
                    5                    9                    1                    0
                    5                   11                    0                    1
                    5                   12                    0                    1
                    5                   13                    1                    0
                    5                   19                    1                    0
                    5                   19                    0                    1
                    6                    2                    0                    1
                    6                    3                    0                    1
                    6                    4                    1                    0
                    6                    8                    0                    1
                    6                    9                    1                    0
                    6                    9                    0                    1
                    6                   10                    1                    0
                    6                   11                    1                    0
                    6                   11                    0                    1
                    6                   12                    1                    0
                    6                   13                    0                    1
                    6                   14                    0                    1
                    6                   15                    0                    1
                    6                   16                    1                    0
                    6                   17                    1                    0
                    6                   17                    0                    1
                    6                   18                    0                    1
                    7                    3                    1                    0
                    7                    3                    0                    1
                    7                    9                    1                    0
                    7                   10                    1                    0
                    7                   11                    0                    1
                    7                   16                    1                    0
                    7                   17                    0                    1
                    7                   18                    0                    1
                    7                   19                    1                    0
                    8                    1                    0                    1
                    8                    2                    1                    0
                    8                    3                    0                    1
                    8                    4                    0                    1
                    8                    5                    1                    0
                    8                    8                    1                    0
                    8                    8                    0                    1
                    8                   10                    1                    0
                    8                   11                    1                    0
                    8                   11                    0                    1
                    8                   12                    1                    0
                    8                   16                    1                    0
                    8                   19                    1                    0
                    8                   20                    1                    0
                    8                   20                    0                    1
                    9                    1                    0                    1
                    9                    3                    1                    0
                    9                    3                    0                    1
                    9                    4                    1                    0
                    9                    5                    0                    1
                    9                    6                    0                    1
                    9                    7                    1                    0
                    9                    8                    1                    0
                    9                   10                    1                    0
                    9                   10                    0                    1
                    9                   12                    1                    0
                    9                   14                    1                    0
                    9                   14                    0                    1
                    9                   15                    0                    1
                    9                   17                    1                    0
                    9                   17                    0                    1
                    9                   18                    0                    1
                    9                   20                    0                    1
                   10                    3                    0                    1
                   10                    6                    1                    0
                   10                    6                    0                    1
                   10                    7                    1                    0
                   10                    7                    0                    1
                   10                    8                    1                    0
                   10                    8                    0                    1
                   10                    9                    0                    1
                   10                   11                    1                    0
                   10                   11                    0                    1
                   10                   14                    1                    0
                   10                   16                    1                    0
                   10                   16                    0                    1
                   11                    1                    1                    0
                   11                    5                    1                    0
                   11                    5                    0                    1
                   11                    7                    0                    1
                   11                   10                    1                    0
                   11                   10                    0                    1
                   11                   14                    1                    0
                   11                   16                    1                    0
                   11                   20                    1                    0
                   11                   20                    0                    1
                   12                    1                    0                    1
                   12                    2                    1                    0
                   12                    3                    1                    0
                   12                    3                    0                    1
                   12                    4                    0                    1
                   12                    5                    1                    0
                   12                    5                    0                    1
                   12                    6                    0                    1
                   12                    7                    0                    1
                   12                    8                    1                    0
                   12                    9                    1                    0
                   12                    9                    0                    1
                   12                   14                    1                    0
                   12                   15                    1                    0
                   12                   15                    0                    1
                   12                   20                    1                    0
                   13                    1                    1                    0
                   13                    2                    1                    0
                   13                    3                    1                    0
                   13                    5                    1                    0
                   13                    8                    0                    1
                   13                    9                    1                    0
                   13                    9                    0                    1
                   13                   10                    0                    1
                   13                   11                    1                    0
                   13                   12                    1                    0
                   13                   12                    0                    1
                   13                   13                    1                    0
                   13                   14                    0                    1
                   13                   18                    1                    0
                   13                   18                    0                    1
                   13                   19                    1                    0
                   13                   20                    0                    1
                   14                    1                    1                    0
                   14                    2                    0                    1
                   14                    5                    1                    0
                   14                    7                    1                    0
                   14                    7                    0                    1
                   14                    8                    0                    1
                   14                   10                    1                    0
                   14                   10                    0                    1
                   14                   11                    1                    0
                   14                   11                    0                    1
                   14                   13                    0                    1
                   14                   14                    1                    0
                   14                   17                    1                    0
                   14                   17                    0                    1
                   14                   19                    1                    0
                   15                    1                    1                    0
                   15                    5                    0                    1
                   15                    6                    1                    0
                   15                    7                    0                    1
                   15                    8                    0                    1
                   15                    9                    0                    1
                   15                   10                    1                    0
                   15                   10                    0                    1
                   15                   14                    1                    0
                   15                   19                    1                    0
                   16                    4                    1                    0
                   16                    4                    0                    1
                   16                    5                    1                    0
                   16                    6                    1                    0
                   16                   10                    1                    0
                   16                   14                    1                    0
                   16                   15                    1                    0
                   16                   15                    0                    1
                   16                   16                    0                    1
                   16                   17                    1                    0
                   16                   19                    0                    1
                   16                   20                    0                    1
                   17                    1                    1                    0
                   17                    1                    0                    1
                   17                    2                    0                    1
                   17                    3                    0                    1
                   17                    5                    0                    1
                   17                    9                    1                    0
                   17                    9                    0                    1
                   17                   12                    0                    1
                   17                   13                    1                    0
                   17                   14                    1                    0
                   17                   15                    1                    0
                   17                   17                    0                    1
                   17                   18                    0                    1
                   17                   19                    1                    0
                   18                    1                    1                    0
                   18                    8                    1                    0
                   18                    8                    0                    1
                   18                   11                    1                    0
                   18                   11                    0                    1
                   18                   12                    0                    1
                   18                   13                    1                    0
                   18                   13                    0                    1
                   18                   14                    1                    0
                   18                   14                    0                    1
                   18                   19                    0                    1
                   18                   20                    1                    0
                   19                    3                    1                    0
                   19                    3                    0                    1
                   19                    4                    1                    0
                   19                    5                    1                    0
                   19                    5                    0                    1
                   19                    6                    1                    0
                   19                    8                    0                    1
                   19                    9                    0                    1
                   19                   10                    0                    1
                   19                   11                    1                    0
                   19                   11                    0                    1
                   19                   12                    1                    0
                   19                   13                    1                    0
                   19                   14                    0                    1
                   19                   15                    1                    0
                   19                   20                    0                    1
                   20                    1                    1                    0
                   20                    3                    0                    1
                   20                    5                    0                    1
                   20                   11                    1                    0
                   20                   12                    1                    0
                   20                   13                    1                    0
                   20                   15                    0                    1
                   20                   16                    0                    1
                   20                   17                    1                    0
                   20                   19                    1                    0
                   20                   19                    0                    1
                   20                   20                    0                    1
                    9                   10
                   17                   12
