                    5                   18                    0                   -1
                    4                   18                   -1                    0
                   16                    8                   -1                    0
                   15                    8                   -1                    0
                   14                    8                   -1                    0
                   14                    9                    0                    1
                   15                    9                    1                    0
                   15                   10                    0                    1
                   15                   11                    0                    1
                    5                   18                    1                    0
                    5                   19                    0                    1
                   15                   10                    0                   -1
                   15                   11                    0                    1
                   14                   11                   -1                    0
                   13                   11                   -1                    0
                   13                   12                    0                    1
                   14                   12                    1                    0
                   13                   12                   -1                    0
                   13                   13                    0                    1
                   13                   12                    0                   -1
                   13                   13                    0                    1
                    5                   20                    0                    1
                   13                   14                    0                    1
                   13                   15                    0                    1
                   14                   15                    1                    0
                   13                   15                   -1                    0
                    6                   20                    1                    0
                    7                   20                    1                    0
                   12                   15                   -1                    0
                   11                   15                   -1                    0
                   11                   16                    0                    1
                    7                   19                    0                   -1
                   12                   16                    1                    0
                    7                   18                    0                   -1
                    7                   19                    0                    1
                   13                   16                    1                    0
                   12                   16                   -1                    0
                   11                   16                   -1                    0
                   11                   17                    0                    1
                    7                   20                    0                    1
                    7                   19                    0                   -1
                    6                   19                   -1                    0
                    7                   19                    1                    0
                    7                   20                    0                    1
                   10                   17                   -1                    0
                    6                   20                   -1                    0
                    7                   20                    1                    0
                   10                   16                    0                   -1
                   10                   15                    0                   -1
                   11                   15                    1                    0
                   12                   15                    1                    0
                   11                   15                   -1                    0
                   11                   16                    0                    1
                   11                   17                    0                    1
                    7                   19                    0                   -1
                    7                   20                    0                    1
                    8                   20                    1                    0
                    7                   20                   -1                    0
                   10                   17                   -1                    0
                   10                   16                    0                   -1
                    7                    1                    0                    0
                    9                   16                   -1                    0
                    7                    2                    0                    1
                   10                   16                    1                    0
                   10                   17                    0                    1
                   10                   16                    0                   -1
                   10                   15                    0                   -1
                    7                    3                    0                    1
                    7                    2                    0                   -1
                    7                    1                    0                   -1
                    9                   15                   -1                    0
                    7                   20                    0                    0
                    6                   20                   -1                    0
                    6                    1                    0                    0
                   10                   15                    1                    0
                   10                   16                    0                    1
                    6                   20                    0                    0
                   10                   15                    0                   -1
                   11                   15                    1                    0
                    6                   19                    0                   -1
                    6                   20                    0                    1
                   12                   15                    1                    0
                   11                   15                   -1                    0
                   10                   15                   -1                    0
                    5                   20                   -1                    0
                    5                   19                    0                   -1
                    5                   20                    0                    1
                    5                    1                    0                    0
                    5                   20                    0                    0
                    6                   20                    1                    0
                    6                   19                    0                   -1
                    6                   20                    0                    1
                    9                   15                   -1                    0
                    9                   14                    0                   -1
                    5                   20                   -1                    0
                    9                   15                    0                    1
                    5                   19                    0                   -1
                    9                   14                    0                   -1
                    4                   19                   -1                    0
                   10                   14                    1                    0
                   11                   14                    1                    0
                    5                   19                    1                    0
                   11                   15                    0                    1
                   11                   14                    0                   -1
                    5                   20                    0                    1
                    6                   20                    1                    0
                    5                   20                   -1                    0
