                   15                    3                   -1                    0
                   15                    4                    0                    1
                   15                    5                    0                    1
                   20                    4                    0                    1
                   14                    5                   -1                    0
                   14                    4                    0                   -1
                   13                    4                   -1                    0
                   20                    3                    0                   -1
                   20                    2                    0                   -1
                    1                    2                    0                    0
                    1                    1                    0                   -1
                    2                    1                    1                    0
                   13                    3                    0                   -1
                   13                    2                    0                   -1
                   13                    1                    0                   -1
                   13                   20                    0                    0
                    1                    1                   -1                    0
                    2                    1                    1                    0
                    2                   20                    0                    0
                   14                   20                    1                    0
                    2                    1                    0                    0
                   14                    1                    0                    0
                   14                    2                    0                    1
                    2                   20                    0                    0
                    1                   20                   -1                    0
                   14                    1                    0                   -1
                    1                    1                    0                    0
                   14                   20                    0                    0
                   14                   19                    0                   -1
                    1                   20                    0                    0
                   14                   20                    0                    1
                   14                    1                    0                    0
                   14                    2                    0                    1
                   13                    2                   -1                    0
                    1                    1                    0                    0
                   13                    1                    0                   -1
                   13                   20                    0                    0
                    2                    1                    1                    0
                    1                    1                   -1                    0
                   12                   20                   -1                    0
                    2                    1                    1                    0
                   13                   20                    1                    0
                   13                    1                    0                    0
                    3                    1                    1                    0
                   13                   20                    0                    0
                    4                    1                    1                    0
                    4                   20                    0                    0
                    3                   20                   -1                    0
                    4                   20                    1                    0
                   14                   20                    1                    0
                   13                   20                   -1                    0
                    4                   19                    0                   -1
                    4                   18                    0                   -1
                    4                   19                    0                    1
                   14                   20                    1                    0
                   14                   19                    0                   -1
                    4                   18                    0                   -1
                    5                   18                    1                    0
                   14                   20                    0                    1
                   14                   19                    0                   -1
                   13                   19                   -1                    0
                    5                   17                    0                   -1
                   12                   19                   -1                    0
                   12                   20                    0                    1
                   12                   19                    0                   -1
                   13                   19                    1                    0
                    5                   18                    0                    1
                   13                   20                    0                    1
                   13                   19                    0                   -1
                    4                   18                   -1                    0
                    4                   19                    0                    1
                   13                   18                    0                   -1
                    4                   20                    0                    1
                    3                   20                   -1                    0
                    3                   19                    0                   -1
                    2                   19                   -1                    0
                    3                   19                    1                    0
                   13                   19                    0                    1
                    3                   20                    0                    1
                    4                   20                    1                    0
                    4                    1                    0                    0
                    4                    2                    0                    1
                   14                   19                    1                    0
                    5                    2                    1                    0
                   13                   19                   -1                    0
                   14                   19                    1                    0
                    6                    2                    1                    0
                    5                    2                   -1                    0
                    5                    3                    0                    1
                   14                   20                    0                    1
                   14                   19                    0                   -1
                   14                   18                    0                   -1
                   13                   18                   -1                    0
                   13                   17                    0                   -1
                    6                    3                    1                    0
                    7                    3                    1                    0
                   13                   16                    0                   -1
                    7                    2                    0                   -1
                   13                   17                    0                    1
                   12                   17                   -1                    0
                   11                   17                   -1                    0
                    8                    2                    1                    0
                    9                    2                    1                    0
                    9                    1                    0                   -1
                    9                    2                    0                    1
                   12                   17                    1                    0
                    9                    1                    0                   -1
                   10                    1                    1                    0
                   13                   17                    1                    0
                   13                   18                    0                    1
                    9                    1                   -1                    0
                    9                   20                    0                    0
                    9                   19                    0                   -1
                   10                   19                    1                    0
                   10                   20                    0                    1
                   14                   18                    1                    0
                   14                   19                    0                    1
                   10                    1                    0                    0
                   10                    2                    0                    1
                   10                    1                    0                   -1
                   10                   20                    0                    0
                   13                   19                   -1                    0
                   11                   20                    1                    0
                   13                   18                    0                   -1
                   10                   20                   -1                    0
                   13                   19                    0                    1
                   13                   20                    0                    1
                   14                   20                    1                    0
                   14                    1                    0                    0
