                    4                    9                    0                    1
                    4                    4                    0                   -1
                    4                   10                    0                    1
                    3                    4                   -1                    0
                    5                   10                    1                    0
                    3                    5                    0                    1
                    6                   10                    1                    0
                    5                   10                   -1                    0
                    4                    5                    1                    0
                    4                    4                    0                   -1
                    5                    4                    1                    0
                    4                   10                   -1                    0
                    6                    4                    1                    0
                    5                    4                   -1                    0
                    5                    3                    0                   -1
                    5                    2                    0                   -1
                    4                   11                    0                    1
                    4                   10                    0                   -1
                    5                    3                    0                    1
                    4                   11                    0                    1
                    5                   11                    1                    0
                    4                    3                   -1                    0
                    5                    3                    1                    0
                    4                   11                   -1                    0
                    4                   10                    0                   -1
                    5                    4                    0                    1
                    4                    4                   -1                    0
                    4                   11                    0                    1
                    5                    4                    1                    0
                    5                   11                    1                    0
                    6                   11                    1                    0
                    5                    5                    0                    1
                    5                   11                   -1                    0
                    4                    5                   -1                    0
                    3                    5                   -1                    0
                    6                   11                    1                    0
                    7                   11                    1                    0
                    8                   11                    1                    0
                    9                   11                    1                    0
                    2                    5                   -1                    0
                    2                    6                    0                    1
                    2                    5                    0                   -1
                    9                   12                    0                    1
                    1                    5                   -1                    0
                    9                   11                    0                   -1
                    2                    5                    1                    0
                    9                   10                    0                   -1
                    8                   10                   -1                    0
                    9                   10                    1                    0
                    3                    5                    1                    0
                    3                    6                    0                    1
                    3                    5                    0                   -1
                    3                    4                    0                   -1
                    3                    3                    0                   -1
                    9                   11                    0                    1
                    9                   10                    0                   -1
                    3                    4                    0                    1
                    2                    4                   -1                    0
                    2                    5                    0                    1
                    9                   11                    0                    1
                    2                    4                    0                   -1
                   10                   11                    1                    0
                    3                    4                    1                    0
                   11                   11                    1                    0
                    4                    4                    1                    0
                   12                   11                    1                    0
                   11                   11                   -1                    0
                   10                   11                   -1                    0
                    9                   11                   -1                    0
                    5                    4                    1                    0
                    6                    4                    1                    0
                    9                   12                    0                    1
                    5                    4                   -1                    0
                    9                   13                    0                    1
                    5                    5                    0                    1
                   10                   13                    1                    0
                    4                    5                   -1                    0
                    9                   13                   -1                    0
                   10                   13                    1                    0
                   11                   13                    1                    0
                   11                   14                    0                    1
                   10                   14                   -1                    0
                    5                    5                    1                    0
                    5                    6                    0                    1
                    5                    5                    0                   -1
                    4                    5                   -1                    0
                    3                    5                   -1                    0
                    3                    4                    0                   -1
                    3                    5                    0                    1
                    4                    5                    1                    0
                    4                    6                    0                    1
                    5                    6                    1                    0
                    5                    7                    0                    1
                   11                   14                    1                    0
                   11                   13                    0                   -1
                    5                    6                    0                   -1
                    5                    7                    0                    1
                   10                   13                   -1                    0
                   11                   13                    1                    0
                    5                    8                    0                    1
                    5                    9                    0                    1
                   10                   13                   -1                    0
                   10                   12                    0                   -1
                   10                   13                    0                    1
                   10                   14                    0                    1
                   10                   13                    0                   -1
                    9                   13                   -1                    0
                    8                   13                   -1                    0
                    8                   14                    0                    1
                    8                   13                    0                   -1
                    8                   14                    0                    1
                    5                    8                    0                   -1
                    9                   14                    1                    0
                    5                    9                    0                    1
                    5                    8                    0                   -1
                    9                   15                    0                    1
                    9                   14                    0                   -1
                    8                   14                   -1                    0
                    5                    7                    0                   -1
                    7                   14                   -1                    0
                    5                    6                    0                   -1
                    7                   15                    0                    1
                    7                   14                    0                   -1
                    4                    6                   -1                    0
                    4                    7                    0                    1
                    3                    7                   -1                    0
                    3                    6                    0                   -1
                    3                    7                    0                    1
                    7                   13                    0                   -1
                    7                   14                    0                    1
                    7                   13                    0                   -1
                    2                    7                   -1                    0
                    1                    7                   -1                    0
