                    1                    1                    0                    1
                    1                    2                    0                    1
                    1                    8                    1                    0
                    1                    8                    0                    1
                    1                    9                    1                    0
                    2                    5                    1                    0
                    2                    5                    0                    1
                    2                    6                    1                    0
                    2                    8                    1                    0
                    2                    9                    0                    1
                    2                   10                    1                    0
                    3                    1                    1                    0
                    3                    5                    0                    1
                    3                    8                    0                    1
                    3                    9                    0                    1
                    3                   14                    1                    0
                    3                   14                    0                    1
                    3                   15                    1                    0
                    3                   18                    1                    0
                    3                   18                    0                    1
                    3                   19                    1                    0
                    3                   20                    1                    0
                    3                   20                    0                    1
                    4                    1                    0                    1
                    4                    2                    0                    1
                    4                    3                    1                    0
                    4                   11                    1                    0
                    4                   11                    0                    1
                    4                   12                    1                    0
                    4                   14                    0                    1
                    4                   18                    1                    0
                    4                   19                    0                    1
                    5                    3                    0                    1
                    5                    4                    1                    0
                    5                    9                    1                    0
                    5                    9                    0                    1
                    5                   10                    1                    0
                    5                   11                    0                    1
                    6                    4                    1                    0
                    6                    9                    0                    1
                    6                   18                    1                    0
                    6                   18                    0                    1
                    6                   19                    1                    0
                    7                    1                    1                    0
                    7                    1                    0                    1
                    7                    2                    0                    1
                    7                    3                    1                    0
                    7                    4                    1                    0
                    7                   18                    1                    0
                    7                   19                    1                    0
                    8                    1                    1                    0
                    8                    3                    0                    1
                    8                    4                    1                    0
                    8                    4                    0                    1
                    8                    5                    1                    0
                    8                   11                    1                    0
                    8                   11                    0                    1
                    8                   12                    1                    0
                    8                   15                    1                    0
                    8                   15                    0                    1
                    8                   16                    1                    0
                    8                   18                    1                    0
                    8                   19                    0                    1
                    8                   20                    1                    0
                    9                    1                    0                    1
                    9                    2                    0                    1
                    9                    3                    0                    1
                    9                    5                    0                    1
                    9                    6                    1                    0
                    9                   11                    1                    0
                    9                   12                    0                    1
                    9                   13                    0                    1
                    9                   14                    0                    1
                    9                   15                    1                    0
                    9                   15                    0                    1
                    9                   18                    0                    1
                    9                   19                    0                    1
                   10                    1                    1                    0
                   10                    2                    1                    0
                   10                    2                    0                    1
                   10                    3                    1                    0
                   10                    6                    0                    1
                   10                    7                    1                    0
                   10                    8                    1                    0
                   10                    9                    1                    0
                   10                    9                    0                    1
                   10                   10                    0                    1
                   10                   15                    1                    0
                   10                   19                    1                    0
                   10                   19                    0                    1
                   10                   20                    0                    1
                   11                    1                    0                    1
                   11                    2                    1                    0
                   11                    2                    0                    1
                   11                    6                    1                    0
                   11                    6                    0                    1
                   11                    8                    0                    1
                   11                   11                    1                    0
                   11                   11                    0                    1
                   11                   12                    0                    1
                   11                   13                    1                    0
                   11                   15                    1                    0
                   11                   17                    1                    0
                   11                   17                    0                    1
                   11                   18                    0                    1
                   12                    2                    0                    1
                   12                    3                    0                    1
                   12                    4                    0                    1
                   12                    5                    0                    1
                   12                   11                    0                    1
                   12                   12                    0                    1
                   12                   15                    1                    0
                   12                   16                    1                    0
                   12                   16                    0                    1
                   12                   19                    1                    0
                   12                   19                    0                    1
                   13                   10                    0                    1
                   13                   11                    1                    0
                   13                   15                    1                    0
                   13                   16                    0                    1
                   13                   17                    1                    0
                   13                   19                    1                    0
                   14                   11                    1                    0
                   14                   14                    1                    0
                   14                   14                    0                    1
                   14                   16                    1                    0
                   14                   16                    0                    1
                   14                   17                    1                    0
                   14                   17                    0                    1
                   14                   18                    0                    1
                   15                    3                    1                    0
                   15                    3                    0                    1
                   15                    4                    0                    1
                   15                    5                    0                    1
                   15                    6                    1                    0
                   15                    8                    1                    0
                   15                    8                    0                    1
                   15                    9                    1                    0
                   15                   11                    0                    1
                   15                   12                    0                    1
                   15                   13                    0                    1
                   15                   16                    0                    1
                   16                    2                    1                    0
                   16                    2                    0                    1
                   16                    6                    1                    0
                   16                    8                    0                    1
                   17                    2                    0                    1
                   17                    3                    1                    0
                   17                    5                    1                    0
                   17                    5                    0                    1
                   17                   15                    1                    0
                   17                   15                    0                    1
                   17                   16                    1                    0
                   18                    3                    0                    1
                   18                    4                    0                    1
                   18                    5                    1                    0
                   18                    5                    0                    1
                   18                    6                    1                    0
                   18                   14                    1                    0
                   18                   14                    0                    1
                   18                   16                    1                    0
                   19                    4                    1                    0
                   19                    4                    0                    1
                   19                    5                    1                    0
                   19                    5                    0                    1
                   19                    8                    1                    0
                   19                    8                    0                    1
                   19                    9                    1                    0
                   19                   14                    0                    1
                   19                   15                    0                    1
                   20                    1                    1                    0
                   20                    1                    0                    1
                   20                    2                    0                    1
                   20                    3                    1                    0
                   20                    4                    0                    1
                   20                    8                    0                    1
                    5                   18
                   13                   10
