                   14                    9                    0                    1
                   14                    2                   -1                    0
                   14                   10                    0                    1
                   15                   10                    1                    0
                   14                    3                    0                    1
                   15                    9                    0                   -1
                   14                    2                    0                   -1
                   13                    2                   -1                    0
                   15                   10                    0                    1
                   13                    1                    0                   -1
                   13                    2                    0                    1
                   12                    2                   -1                    0
                   13                    2                    1                    0
                   14                    2                    1                    0
                   14                    3                    0                    1
                   14                   10                   -1                    0
                   14                    2                    0                   -1
                   14                    3                    0                    1
                   14                    4                    0                    1
                   13                   10                   -1                    0
                   14                    3                    0                   -1
                   12                   10                   -1                    0
                   15                    3                    1                    0
                   14                    3                   -1                    0
                   12                    9                    0                   -1
                   15                    3                    1                    0
                   11                    9                   -1                    0
                   12                    9                    1                    0
                   15                    4                    0                    1
                   11                    9                   -1                    0
                   16                    4                    1                    0
                   10                    9                   -1                    0
                   15                    4                   -1                    0
                    9                    9                   -1                    0
                    9                   10                    0                    1
                   10                   10                    1                    0
                   10                   11                    0                    1
                    9                   11                   -1                    0
                   15                    3                    0                   -1
                   10                   11                    1                    0
                   15                    4                    0                    1
                   15                    5                    0                    1
                   10                   10                    0                   -1
                   10                    9                    0                   -1
                   11                    9                    1                    0
                   12                    9                    1                    0
                   16                    5                    1                    0
                   17                    5                    1                    0
                   12                    8                    0                   -1
                   11                    8                   -1                    0
                   16                    5                   -1                    0
                   15                    5                   -1                    0
                   12                    8                    1                    0
                   12                    7                    0                   -1
                   14                    5                   -1                    0
                   14                    6                    0                    1
                   11                    7                   -1                    0
                   10                    7                   -1                    0
                   10                    8                    0                    1
                   14                    7                    0                    1
                   14                    8                    0                    1
                    9                    8                   -1                    0
                    9                    7                    0                   -1
                    9                    8                    0                    1
                    9                    9                    0                    1
                   14                    7                    0                   -1
                   15                    7                    1                    0
                   10                    9                    1                    0
                    9                    9                   -1                    0
                   10                    9                    1                    0
                   10                   10                    0                    1
                   15                    6                    0                   -1
                   15                    7                    0                    1
                   10                   11                    0                    1
                   10                   10                    0                   -1
                   15                    6                    0                   -1
                    9                   10                   -1                    0
                   15                    7                    0                    1
                    9                    9                    0                   -1
                   10                    9                    1                    0
                   14                    7                   -1                    0
                   10                    8                    0                   -1
                   10                    9                    0                    1
                    9                    9                   -1                    0
                    8                    9                   -1                    0
                   14                    6                    0                   -1
                   13                    6                   -1                    0
                    8                    8                    0                   -1
                   14                    6                    1                    0
                   14                    5                    0                   -1
                    7                    8                   -1                    0
                   15                    5                    1                    0
                    8                    8                    1                    0
                   15                    6                    0                    1
                   15                    7                    0                    1
                    7                    8                   -1                    0
                    7                    7                    0                   -1
                    7                    6                    0                   -1
                    7                    5                    0                   -1
                    7                    6                    0                    1
                    6                    6                   -1                    0
                   16                    7                    1                    0
                    7                    6                    1                    0
                    7                    7                    0                    1
                    7                    6                    0                   -1
                    6                    6                   -1                    0
                    6                    5                    0                   -1
                   15                    7                   -1                    0
                    6                    4                    0                   -1
                    6                    3                    0                   -1
                   15                    8                    0                    1
                   14                    8                   -1                    0
                   13                    8                   -1                    0
                   14                    8                    1                    0
                    6                    4                    0                    1
                   15                    8                    1                    0
                    6                    5                    0                    1
                   15                    9                    0                    1
                    6                    6                    0                    1
                   15                    8                    0                   -1
                   15                    9                    0                    1
                    5                    6                   -1                    0
                    6                    6                    1                    0
                    7                    6                    1                    0
                    7                    5                    0                   -1
                    6                    5                   -1                    0
                   15                    8                    0                   -1
                    5                    5                   -1                    0
                   16                    8                    1                    0
                   16                    7                    0                   -1
                   17                    7                    1                    0
                   17                    8                    0                    1
