                    1                    2                    1                    0
                    1                    2                    0                    1
                    1                    3                    1                    0
                    1                    7                    1                    0
                    1                    7                    0                    1
                    1                    8                    1                    0
                    1                   15                    1                    0
                    1                   15                    0                    1
                    2                    2                    1                    0
                    2                    3                    1                    0
                    2                    7                    0                    1
                    2                   15                    1                    0
                    2                   16                    1                    0
                    2                   16                    0                    1
                    2                   17                    0                    1
                    2                   18                    0                    1
                    2                   19                    1                    0
                    3                    2                    0                    1
                    3                   10                    1                    0
                    3                   15                    0                    1
                    3                   19                    0                    1
                    3                   20                    1                    0
                    4                    8                    0                    1
                    4                    9                    0                    1
                    4                   20                    1                    0
                    5                   18                    1                    0
                    5                   18                    0                    1
                    5                   19                    0                    1
                    6                   16                    1                    0
                    6                   16                    0                    1
                    6                   17                    0                    1
                    7                   16                    1                    0
                    8                   16                    1                    0
                    9                   11                    1                    0
                    9                   16                    1                    0
                   10                   11                    0                    1
                   10                   12                    1                    0
                   10                   15                    1                    0
                   10                   15                    0                    1
                   11                    9                    1                    0
                   11                    9                    0                    1
                   11                   10                    1                    0
                   11                   12                    0                    1
                   11                   13                    0                    1
                   11                   14                    0                    1
                   12                    9                    0                    1
                   12                   15                    1                    0
                   12                   15                    0                    1
                   12                   16                    1                    0
                   12                   18                    1                    0
                   12                   18                    0                    1
                   12                   19                    0                    1
                   12                   20                    1                    0
                   13                   14                    1                    0
                   13                   14                    0                    1
                   13                   16                    1                    0
                   13                   18                    0                    1
                   13                   19                    0                    1
                   14                   14                    1                    0
                   14                   16                    1                    0
                   15                   14                    0                    1
                   15                   15                    0                    1
                   17                    9                    1                    0
                   17                    9                    0                    1
                   17                   10                    1                    0
                   18                    1                    1                    0
                   18                    1                    0                    1
                   18                    2                    1                    0
                   18                    9                    0                    1
                   19                    1                    1                    0
                   19                    2                    1                    0
                   20                    1                    0                    1
                   20                   13                    0                    1
                   20                   14                    0                    1
                   20                   15                    0                    1
                   20                   16                    1                    0
                    4                    8
                   20                   13
