                   17                    7                    0                    1
                   16                   15                   -1                    0
                   17                   15                    1                    0
                   18                    7                    1                    0
                   18                   15                    1                    0
                   18                   14                    0                   -1
                   18                   15                    0                    1
                   18                   16                    0                    1
                   17                   16                   -1                    0
                   17                    7                   -1                    0
                   16                   16                   -1                    0
                   17                   16                    1                    0
                   18                   16                    1                    0
                   17                    6                    0                   -1
                   17                   16                   -1                    0
                   17                   15                    0                   -1
                   17                    7                    0                    1
                   17                   16                    0                    1
                   18                    7                    1                    0
                   17                   15                    0                   -1
                   17                   16                    0                    1
                   19                    7                    1                    0
                   16                   16                   -1                    0
                   18                    7                   -1                    0
                   17                    7                   -1                    0
                   16                   15                    0                   -1
                   18                    7                    1                    0
                   18                    8                    0                    1
                   18                    7                    0                   -1
                   17                    7                   -1                    0
                   17                    6                    0                   -1
                   16                   16                    0                    1
                   17                   16                    1                    0
                   18                   16                    1                    0
                   17                   16                   -1                    0
                   18                   16                    1                    0
                   17                   16                   -1                    0
                   18                    6                    1                    0
                   18                   16                    1                    0
                   19                    6                    1                    0
                   17                   16                   -1                    0
                   18                    6                   -1                    0
                   17                    6                   -1                    0
                   17                   15                    0                   -1
                   17                   16                    0                    1
                   17                   17                    0                    1
                   18                    6                    1                    0
                   18                    5                    0                   -1
                   18                    6                    0                    1
                   17                    6                   -1                    0
                   17                    7                    0                    1
                   16                    7                   -1                    0
                   17                    7                    1                    0
                   18                   17                    1                    0
                   16                    7                   -1                    0
                   17                    7                    1                    0
                   19                   17                    1                    0
                   18                    7                    1                    0
                   18                   17                   -1                    0
                   18                    6                    0                   -1
                   18                   16                    0                   -1
                   18                    7                    0                    1
                   18                   17                    0                    1
                   17                   17                   -1                    0
                   17                    7                   -1                    0
                   17                   18                    0                    1
                   17                    6                    0                   -1
                   18                   18                    1                    0
                   17                    7                    0                    1
                   18                   17                    0                   -1
                   17                    6                    0                   -1
                   18                   18                    0                    1
                   16                    6                   -1                    0
                   17                    6                    1                    0
                   18                   19                    0                    1
                   18                    6                    1                    0
                   18                   18                    0                   -1
                   19                   18                    1                    0
                   19                   19                    0                    1
                   18                   19                   -1                    0
                   17                    6                   -1                    0
                   16                    6                   -1                    0
                   17                    6                    1                    0
                   17                    5                    0                   -1
                   16                    5                   -1                    0
                   17                   19                   -1                    0
                   17                    5                    1                    0
                   18                   19                    1                    0
                   19                   19                    1                    0
                   19                   18                    0                   -1
                   19                   17                    0                   -1
                   17                    6                    0                    1
                   18                   17                   -1                    0
                   17                    5                    0                   -1
                   18                   16                    0                   -1
                   18                   15                    0                   -1
                   17                    4                    0                   -1
                   17                    5                    0                    1
                   17                   15                   -1                    0
