                   14                   15                    1                    0
                   13                   15                   -1                    0
                   14                   15                    1                    0
                   14                   14                    0                   -1
                   14                   13                    0                   -1
                   14                   14                    0                    1
                   13                   14                   -1                    0
                   12                   14                   -1                    0
                   11                   14                   -1                    0
                   10                   14                   -1                    0
                    5                   20                    0                    0
                    6                   20                    1                    0
                   11                   14                    1                    0
                    7                   20                    1                    0
                   11                   15                    0                    1
                    7                    1                    0                    0
                    8                    1                    1                    0
                    7                    1                   -1                    0
                   11                   16                    0                    1
                    7                   20                    0                    0
                   10                   16                   -1                    0
                   11                   16                    1                    0
                    7                    1                    0                    0
                    7                    2                    0                    1
                    6                    2                   -1                    0
                    5                    2                   -1                    0
                   11                   15                    0                   -1
                    5                    1                    0                   -1
                    4                    1                   -1                    0
                   12                   15                    1                    0
                    4                   20                    0                    0
                   12                   14                    0                   -1
                    4                   19                    0                   -1
                    3                   19                   -1                    0
                    3                   18                    0                   -1
                   13                   14                    1                    0
                    4                   18                    1                    0
                    5                   18                    1                    0
                   14                   14                    1                    0
                   15                   14                    1                    0
                   16                   14                    1                    0
                   15                   14                   -1                    0
                    4                   18                   -1                    0
                    5                   18                    1                    0
                    5                   17                    0                   -1
                   15                   15                    0                    1
                    4                   17                   -1                    0
                   16                   15                    1                    0
                   15                   15                   -1                    0
                    4                   18                    0                    1
                    4                   19                    0                    1
                   15                   14                    0                   -1
                    4                   20                    0                    1
                   15                   13                    0                   -1
                    4                    1                    0                    0
                   15                   12                    0                   -1
                   15                   13                    0                    1
                    3                    1                   -1                    0
                   14                   13                   -1                    0
                    3                    2                    0                    1
                   14                   12                    0                   -1
                   14                   11                    0                   -1
                   14                   12                    0                    1
                    3                    3                    0                    1
                   15                   12                    1                    0
                    3                    2                    0                   -1
                    3                    3                    0                    1
                   14                   12                   -1                    0
                    3                    4                    0                    1
                    3                    3                    0                   -1
                    4                    3                    1                    0
                   14                   13                    0                    1
                    3                    3                   -1                    0
                   15                   13                    1                    0
                    3                    2                    0                   -1
                   15                   12                    0                   -1
                   16                   12                    1                    0
                    3                    3                    0                    1
                   16                   13                    0                    1
                    3                    4                    0                    1
                    3                    3                    0                   -1
                    3                    2                    0                   -1
                    3                    3                    0                    1
                   16                   14                    0                    1
                    3                    2                    0                   -1
                   16                   15                    0                    1
                   15                   15                   -1                    0
                    3                    1                    0                   -1
                   15                   16                    0                    1
                    4                    1                    1                    0
                    4                    2                    0                    1
                   14                   16                   -1                    0
                   15                   16                    1                    0
                    5                    2                    1                    0
                   16                   16                    1                    0
                   15                   16                   -1                    0
                    5                    1                    0                   -1
                    6                    1                    1                    0
                    7                    1                    1                    0
                    7                    2                    0                    1
                   15                   15                    0                   -1
                    7                    3                    0                    1
                    6                    3                   -1                    0
                   14                   15                   -1                    0
                    6                    4                    0                    1
                   14                   14                    0                   -1
                   15                   14                    1                    0
                    7                    4                    1                    0
                   15                   15                    0                    1
                    6                    4                   -1                    0
                    6                    5                    0                    1
                    7                    5                    1                    0
                    7                    6                    0                    1
                   15                   16                    0                    1
                   15                   15                    0                   -1
                    6                    6                   -1                    0
                   16                   15                    1                    0
                    7                    6                    1                    0
                   16                   16                    0                    1
                   16                   15                    0                   -1
                   16                   16                    0                    1
                    6                    6                   -1                    0
                   16                   15                    0                   -1
                    6                    5                    0                   -1
                   16                   14                    0                   -1
                   16                   15                    0                    1
                   15                   15                   -1                    0
                   14                   15                   -1                    0
                    6                    6                    0                    1
                   13                   15                   -1                    0
