                    1                    1                    1                    0
                    1                    1                    0                    1
                    1                    2                    0                    1
                    1                    3                    0                    1
                    1                    5                    0                    1
                    1                    6                    0                    1
                    1                    8                    0                    1
                    1                    9                    1                    0
                    1                   10                    0                    1
                    1                   11                    0                    1
                    1                   12                    1                    0
                    1                   14                    1                    0
                    1                   14                    0                    1
                    2                    1                    1                    0
                    2                    8                    1                    0
                    2                    8                    0                    1
                    2                   10                    1                    0
                    2                   10                    0                    1
                    2                   11                    0                    1
                    2                   13                    1                    0
                    2                   13                    0                    1
                    3                    1                    0                    1
                    3                    2                    0                    1
                    3                    3                    1                    0
                    3                    5                    1                    0
                    3                    8                    1                    0
                    3                    9                    1                    0
                    3                    9                    0                    1
                    3                   12                    1                    0
                    3                   12                    0                    1
                    3                   15                    1                    0
                    3                   15                    0                    1
                    3                   16                    1                    0
                    3                   19                    1                    0
                    3                   19                    0                    1
                    3                   20                    1                    0
                    4                    1                    1                    0
                    4                    2                    1                    0
                    4                    2                    0                    1
                    4                    5                    1                    0
                    4                    7                    1                    0
                    4                    7                    0                    1
                    4                    9                    1                    0
                    4                   12                    0                    1
                    4                   13                    0                    1
                    4                   14                    0                    1
                    4                   16                    0                    1
                    4                   17                    1                    0
                    4                   19                    0                    1
                    4                   20                    1                    0
                    4                   20                    0                    1
                    5                    2                    1                    0
                    5                    4                    1                    0
                    5                    4                    0                    1
                    5                    7                    1                    0
                    5                    9                    1                    0
                    5                   13                    1                    0
                    5                   13                    0                    1
                    5                   14                    1                    0
                    5                   17                    0                    1
                    5                   18                    0                    1
                    5                   19                    1                    0
                    5                   20                    0                    1
                    6                    2                    1                    0
                    6                    4                    0                    1
                    6                    5                    0                    1
                    6                    6                    1                    0
                    6                    7                    0                    1
                    6                    8                    1                    0
                    6                    9                    1                    0
                    6                   13                    0                    1
                    6                   18                    1                    0
                    6                   18                    0                    1
                    7                    1                    1                    0
                    7                    1                    0                    1
                    7                    5                    1                    0
                    7                    5                    0                    1
                    7                    8                    1                    0
                    7                    9                    1                    0
                    7                   18                    0                    1
                    7                   19                    0                    1
                    7                   20                    1                    0
                    8                    1                    1                    0
                    8                    4                    1                    0
                    8                    4                    0                    1
                    8                    6                    1                    0
                    8                    6                    0                    1
                    8                    7                    0                    1
                    8                    8                    1                    0
                    8                    8                    0                    1
                    8                   11                    1                    0
                    8                   11                    0                    1
                    8                   12                    1                    0
                    8                   15                    1                    0
                    8                   15                    0                    1
                    8                   16                    0                    1
                    8                   17                    1                    0
                    8                   18                    0                    1
                    8                   19                    0                    1
                    9                    4                    1                    0
                    9                    6                    0                    1
                    9                    7                    1                    0
                    9                    8                    0                    1
                    9                    9                    1                    0
                    9                   10                    1                    0
                    9                   10                    0                    1
                    9                   12                    1                    0
                    9                   13                    1                    0
                    9                   13                    0                    1
                    9                   14                    0                    1
                    9                   16                    1                    0
                    9                   16                    0                    1
                   10                    4                    1                    0
                   10                    7                    0                    1
                   10                    8                    1                    0
                   10                    9                    1                    0
                   10                   10                    1                    0
                   10                   12                    1                    0
                   10                   13                    0                    1
                   10                   14                    1                    0
                   10                   16                    0                    1
                   10                   17                    0                    1
                   10                   18                    0                    1
                   10                   19                    1                    0
                   11                    4                    1                    0
                   11                    8                    0                    1
                   11                   10                    0                    1
                   11                   11                    1                    0
                   11                   12                    1                    0
                   11                   14                    0                    1
                   11                   15                    0                    1
                   11                   16                    1                    0
                   11                   18                    1                    0
                   11                   18                    0                    1
                   12                    1                    0                    1
                   12                    2                    0                    1
                   12                    3                    0                    1
                   12                    4                    1                    0
                   12                    4                    0                    1
                   12                    5                    1                    0
                   12                   11                    1                    0
                   12                   12                    0                    1
                   12                   13                    0                    1
                   12                   14                    1                    0
                   12                   16                    0                    1
                   12                   17                    1                    0
                   12                   18                    1                    0
                   12                   20                    1                    0
                   12                   20                    0                    1
                   13                    4                    0                    1
                   13                    6                    1                    0
                   13                    6                    0                    1
                   13                    7                    1                    0
                   13                   11                    1                    0
                   13                   12                    1                    0
                   13                   14                    1                    0
                   13                   17                    0                    1
                   13                   20                    1                    0
                   14                    1                    0                    1
                   14                    2                    0                    1
                   14                    3                    1                    0
                   14                    6                    0                    1
                   14                   11                    0                    1
                   14                   14                    0                    1
                   14                   15                    1                    0
                   14                   20                    0                    1
                   15                    3                    0                    1
                   15                    4                    1                    0
                   15                    8                    1                    0
                   15                    8                    0                    1
                   15                    9                    0                    1
                   15                   10                    0                    1
                   15                   11                    1                    0
                   15                   12                    1                    0
                   15                   12                    0                    1
                   15                   13                    1                    0
                   15                   14                    1                    0
                   15                   14                    0                    1
                   16                    1                    1                    0
                   16                    4                    1                    0
                   16                    7                    1                    0
                   16                    7                    0                    1
                   16                   11                    1                    0
                   16                   12                    0                    1
                   16                   13                    1                    0
                   16                   13                    0                    1
                   16                   19                    1                    0
                   16                   19                    0                    1
                   16                   20                    0                    1
                   17                    4                    0                    1
                   17                    5                    1                    0
                   17                    7                    1                    0
                   17                   11                    1                    0
                   17                   12                    1                    0
                   17                   12                    0                    1
                   17                   19                    1                    0
                   17                   20                    1                    0
                   17                   20                    0                    1
                   18                    4                    1                    0
                   18                    4                    0                    1
                   18                    7                    0                    1
                   18                    8                    0                    1
                   18                    9                    1                    0
                   18                   11                    0                    1
                   18                   17                    1                    0
                   18                   17                    0                    1
                   18                   18                    0                    1
                   18                   20                    1                    0
                   19                    3                    1                    0
                   19                    3                    0                    1
                   19                    6                    1                    0
                   19                    6                    0                    1
                   19                    7                    0                    1
                   19                    8                    1                    0
                   19                    9                    1                    0
                   19                   15                    1                    0
                   19                   15                    0                    1
                   19                   16                    1                    0
                   19                   17                    1                    0
                   19                   20                    1                    0
                   20                    1                    0                    1
                   20                    2                    0                    1
                   20                    4                    1                    0
                   20                    4                    0                    1
                   20                    5                    1                    0
                   20                    6                    0                    1
                   20                    7                    1                    0
                   20                    8                    1                    0
                   20                    9                    0                    1
                   20                   10                    1                    0
                   20                   15                    1                    0
                   20                   16                    0                    1
                   20                   20                    0                    1
                    8                   18
                   13                   12
