                    6                    9                   -1                    0
                    6                    8                    0                   -1
                   12                    6                    0                   -1
                   13                    6                    1                    0
                   12                    6                   -1                    0
                   11                    6                   -1                    0
                    6                    7                    0                   -1
                    5                    7                   -1                    0
                   12                    6                    1                    0
                   11                    6                   -1                    0
                    5                    6                    0                   -1
                   10                    6                   -1                    0
                    6                    6                    1                    0
                    6                    7                    0                    1
                    6                    8                    0                    1
                    6                    9                    0                    1
                    5                    9                   -1                    0
                    6                    9                    1                    0
                    7                    9                    1                    0
                   11                    6                    1                    0
                   11                    5                    0                   -1
                   11                    4                    0                   -1
                    7                    8                    0                   -1
                   11                    3                    0                   -1
                    7                    7                    0                   -1
                   12                    3                    1                    0
                   12                    4                    0                    1
                   11                    4                   -1                    0
                    7                    8                    0                    1
                   11                    5                    0                    1
                   10                    5                   -1                    0
                    7                    9                    0                    1
                    9                    5                   -1                    0
                    9                    6                    0                    1
                    9                    5                    0                   -1
                    6                    9                   -1                    0
                    9                    6                    0                    1
                    9                    5                    0                   -1
                    9                    6                    0                    1
                    7                    9                    1                    0
                    9                    5                    0                   -1
                   10                    5                    1                    0
                    9                    5                   -1                    0
                   10                    5                    1                    0
                    7                   10                    0                    1
                    7                    9                    0                   -1
                    6                    9                   -1                    0
                    9                    5                   -1                    0
                    5                    9                   -1                    0
                    9                    6                    0                    1
                    6                    9                    1                    0
                    8                    6                   -1                    0
                    6                   10                    0                    1
                    7                   10                    1                    0
                    8                    7                    0                    1
                    8                    8                    0                    1
                    7                    8                   -1                    0
                    7                    7                    0                   -1
                    7                   11                    0                    1
                    6                    7                   -1                    0
                    8                   11                    1                    0
                    8                   10                    0                   -1
                    5                    7                   -1                    0
                    5                    6                    0                   -1
                    5                    7                    0                    1
                    8                   11                    0                    1
                    5                    8                    0                    1
                    9                   11                    1                    0
                    9                   12                    0                    1
                    5                    7                    0                   -1
                    4                    7                   -1                    0
                    9                   11                    0                   -1
                    3                    7                   -1                    0
                    9                   10                    0                   -1
                    9                    9                    0                   -1
                   10                    9                    1                    0
                   10                    8                    0                   -1
                   11                    8                    1                    0
                   10                    8                   -1                    0
                   11                    8                    1                    0
                   10                    8                   -1                    0
                   10                    9                    0                    1
                    3                    6                    0                   -1
                   10                   10                    0                    1
                   10                    9                    0                   -1
                    3                    7                    0                    1
                    3                    8                    0                    1
                    3                    7                    0                   -1
                   10                   10                    0                    1
                    3                    8                    0                    1
                    4                    8                    1                    0
                    5                    8                    1                    0
                   10                    9                    0                   -1
                    5                    7                    0                   -1
                   11                    9                    1                    0
                    5                    8                    0                    1
                    4                    8                   -1                    0
                    4                    7                    0                   -1
                    4                    8                    0                    1
                   11                    8                    0                   -1
                   12                    8                    1                    0
                   12                    7                    0                   -1
                   12                    8                    0                    1
                    3                    8                   -1                    0
                   11                    8                   -1                    0
                    4                    8                    1                    0
                    3                    8                   -1                    0
                    3                    7                    0                   -1
                    3                    6                    0                   -1
                   11                    9                    0                    1
                    3                    5                    0                   -1
                   11                   10                    0                    1
                    3                    4                    0                   -1
                    4                    4                    1                    0
                   11                   11                    0                    1
                   12                   11                    1                    0
                   13                   11                    1                    0
                    3                    4                   -1                    0
                   13                   10                    0                   -1
                    2                    4                   -1                    0
                   14                   10                    1                    0
                   14                   11                    0                    1
                    2                    3                    0                   -1
                   15                   11                    1                    0
                    2                    2                    0                   -1
                   16                   11                    1                    0
                   16                   12                    0                    1
                    1                    2                   -1                    0
                   16                   13                    0                    1
                    2                    2                    1                    0
                    1                    2                   -1                    0
                   17                   13                    1                    0
                    2                    2                    1                    0
                   16                   13                   -1                    0
                   16                   14                    0                    1
                    2                    1                    0                   -1
                    1                    1                   -1                    0
                   16                   15                    0                    1
                    2                    1                    1                    0
                   15                   15                   -1                    0
                   15                   16                    0                    1
                   16                   16                    1                    0
                    2                    2                    0                    1
                   15                   16                   -1                    0
                    3                    2                    1                    0
                    4                    2                    1                    0
                    5                    2                    1                    0
                   15                   15                    0                   -1
                   16                   15                    1                    0
                    5                    1                    0                   -1
                   15                   15                   -1                    0
                   14                   15                   -1                    0
                    6                    1                    1                    0
                    6                    2                    0                    1
                    6                    1                    0                   -1
                   13                   15                   -1                    0
                    5                    1                   -1                    0
