                   17                   11                    0                   -1
                   17                   12                    0                    1
                   20                   16                    0                    0
                   17                   13                    0                    1
                   17                   12                    0                   -1
                   17                   11                    0                   -1
                   18                   11                    1                    0
                   20                   15                    0                   -1
                   20                   14                    0                   -1
                   20                   15                    0                    1
                   20                   16                    0                    1
                   17                   11                   -1                    0
                    1                   16                    0                    0
                   17                   12                    0                    1
                    2                   16                    1                    0
                    2                   17                    0                    1
                   18                   12                    1                    0
                    2                   16                    0                   -1
                    1                   16                   -1                    0
                   20                   16                    0                    0
                   20                   17                    0                    1
                   19                   17                   -1                    0
                   20                   17                    1                    0
                   20                   16                    0                   -1
                   19                   12                    1                    0
                    1                   16                    0                    0
                   18                   12                   -1                    0
                   20                   16                    0                    0
                    1                   16                    0                    0
                   19                   12                    1                    0
                    1                   17                    0                    1
                   20                   12                    1                    0
                   20                   17                    0                    0
                   20                   11                    0                   -1
                    1                   17                    0                    0
                   20                   12                    0                    1
                    1                   18                    0                    1
                    1                   19                    0                    1
                   19                   12                   -1                    0
                    1                   20                    0                    1
                   18                   12                   -1                    0
                   18                   11                    0                   -1
                    1                   19                    0                   -1
                    2                   19                    1                    0
                   18                   12                    0                    1
                   18                   13                    0                    1
                    2                   18                    0                   -1
                    2                   19                    0                    1
                    1                   19                   -1                    0
                    2                   19                    1                    0
                    1                   19                   -1                    0
                   17                   13                   -1                    0
                   18                   13                    1                    0
                    1                   18                    0                   -1
                    1                   17                    0                   -1
                   18                   12                    0                   -1
                    1                   16                    0                   -1
                   19                   12                    1                    0
                    2                   16                    1                    0
                    2                   15                    0                   -1
                    3                   15                    1                    0
                    3                   16                    0                    1
                    3                   17                    0                    1
                    3                   16                    0                   -1
                   20                   12                    1                    0
                    1                   12                    0                    0
                    3                   15                    0                   -1
                   20                   12                    0                    0
                    2                   15                   -1                    0
                    1                   15                   -1                    0
                    1                   12                    0                    0
                   20                   12                    0                    0
                   20                   15                    0                    0
                    1                   15                    0                    0
                   20                   15                    0                    0
                    1                   15                    0                    0
                   20                   15                    0                    0
                   20                   13                    0                    1
                   20                   12                    0                   -1
                   20                   13                    0                    1
                    1                   15                    0                    0
                   20                   14                    0                    1
                    1                   14                    0                   -1
                    1                   15                    0                    1
                    1                   14                    0                   -1
                    2                   14                    1                    0
                   20                   13                    0                   -1
                    1                   14                   -1                    0
                   20                   14                    0                    1
                   19                   14                   -1                    0
                    2                   14                    1                    0
                   20                   14                    1                    0
                    1                   14                   -1                    0
                    2                   14                    1                    0
                    3                   14                    1                    0
                    3                   13                    0                   -1
                    3                   12                    0                   -1
                   20                   15                    0                    1
