                    1                   10                    1                    0
                    4                   11                    1                    0
                    4                   11                    0                    1
                    4                   12                    1                    0
                    5                   11                    0                    1
                    7                    2                    1                    0
                    7                    2                    0                    1
                    7                    3                    1                    0
                    8                    2                    1                    0
                    8                    3                    1                    0
                    8                    7                    1                    0
                    8                    7                    0                    1
                    8                    8                    1                    0
                    9                    2                    0                    1
                    9                    7                    0                    1
                    9                    8                    1                    0
                    9                    8                    0                    1
                    9                    9                    1                    0
                    9                   13                    1                    0
                   10                    4                    1                    0
                   10                    4                    0                    1
                   10                    5                    0                    1
                   10                    6                    1                    0
                   10                    8                    1                    0
                   10                    9                    1                    0
                   10                   13                    1                    0
                   11                    4                    0                    1
                   11                    5                    0                    1
                   11                    8                    0                    1
                   11                   11                    1                    0
                   11                   11                    0                    1
                   11                   12                    0                    1
                   12                   11                    1                    0
                   15                   12                    1                    0
                   15                   12                    0                    1
                   15                   13                    1                    0
                   16                   12                    0                    1
                   18                    3                    1                    0
                   18                    3                    0                    1
                   18                    4                    1                    0
                   19                    3                    0                    1
                   19                   11                    1                    0
                   20                   10                    1                    0
                   20                   10                    0                    1
                   19                   11
                    2                   10
