                    1                   18                    0                    0
                   20                    2                    0                   -1
                    1                   17                    0                   -1
                   20                    3                    0                    1
                   20                   17                    0                    0
                   19                    3                   -1                    0
                    1                   17                    0                    0
                    2                   17                    1                    0
                    1                   17                   -1                    0
                   20                   17                    0                    0
                    1                   17                    0                    0
                    1                   16                    0                   -1
                    2                   16                    1                    0
                   20                    3                    1                    0
                    1                   16                   -1                    0
                    1                   17                    0                    1
                    1                   18                    0                    1
                    1                   19                    0                    1
                   19                    3                   -1                    0
                   20                    3                    1                    0
                    1                   18                    0                   -1
                   20                    2                    0                   -1
                   20                    1                    0                   -1
                   20                   20                    0                    0
                   20                   19                    0                   -1
                   19                   19                   -1                    0
                   20                   18                    0                    0
                   19                   20                    0                    1
                   19                    1                    0                    0
                   20                   17                    0                   -1
                   20                   18                    0                    1
                   19                    2                    0                    1
                   19                   18                   -1                    0
                   18                    2                   -1                    0
                   20                   18                    1                    0
                   19                    2                    1                    0
                   20                    2                    1                    0
                   20                    1                    0                   -1
                   19                    1                   -1                    0
                   19                   20                    0                    0
                   19                   19                    0                   -1
                   19                   20                    0                    1
                   19                   19                    0                   -1
                   20                   19                    0                    1
                   20                   18                    0                   -1
                   19                   18                   -1                    0
                   20                   18                    1                    0
                   20                   19                    1                    0
                   20                   19                    0                    1
                   12                    5                    1                    0
                   11                    5                   -1                    0
                   12                    5                    1                    0
                   11                    4                    0                   -1
                   13                    5                    1                    0
                   11                    5                    0                    1
                   11                    6                    0                    1
                   13                    4                    0                   -1
                   11                    5                    0                   -1
                   11                    4                    0                   -1
                   13                    5                    0                    1
                   11                    5                    0                    1
                   10                    5                   -1                    0
                   11                    5                    1                    0
                   12                    5                   -1                    0
                   11                    6                    0                    1
                   11                    5                   -1                    0
                   11                    5                    0                   -1
                   14                   17                    1                    0
                   13                   16                    0                   -1
                   13                   17                   -1                    0
                   13                   18                    0                    1
                   13                   17                    0                   -1
                   13                   16                    0                   -1
                   12                   16                   -1                    0
                   12                   16                   -1                    0
                    9                   14                   -1                    0
                    9                   14                   -1                    0
                    9                   15                    0                    1
                    9                   16                    0                    1
                    9                   15                    0                    1
                    8                   16                   -1                    0
                   10                   15                    1                    0
                    9                   15                   -1                    0
                    9                   16                    1                    0
                    8                   15                   -1                    0
                    9                   15                    0                   -1
                    7                   15                   -1                    0
                    8                   15                   -1                    0
                    7                   16                    0                    1
                    9                   15                    1                    0
                    8                   15                   -1                    0
                    7                   17                    0                    1
                    7                   16                    0                   -1
                    7                   15                   -1                    0
                    6                   16                   -1                    0
                    7                   16                    0                    1
                    7                   16                    1                    0
                    9                    8                    0                   -1
                   10                    8                    1                    0
                    9                    8                    0                   -1
                   10                    7                    0                   -1
                   10                    6                    0                   -1
