                   11                    1                    1                    0
                   11                    1                    0                    1
                   11                    2                    0                    1
                   11                    3                    1                    0
                   12                    1                    0                    1
                   12                    2                    0                    1
                   18                    7                    1                    0
                   18                    7                    0                    1
                   18                    8                    1                    0
                   19                    7                    0                    1
                   16                   17
                   10                   10
