                    1                    2                    0                    1
                    1                    5                    1                    0
                    1                    6                    0                    1
                    1                    7                    1                    0
                    1                    7                    0                    1
                    1                    8                    1                    0
                    1                    9                    0                    1
                    1                   11                    1                    0
                    1                   12                    1                    0
                    1                   12                    0                    1
                    1                   13                    0                    1
                    1                   18                    0                    1
                    1                   19                    1                    0
                    2                    2                    1                    0
                    2                    2                    0                    1
                    2                    3                    1                    0
                    2                    5                    0                    1
                    2                    6                    1                    0
                    2                    7                    1                    0
                    2                    8                    1                    0
                    2                   11                    0                    1
                    2                   13                    1                    0
                    2                   13                    0                    1
                    2                   14                    1                    0
                    2                   16                    1                    0
                    2                   16                    0                    1
                    2                   17                    1                    0
                    2                   18                    1                    0
                    2                   18                    0                    1
                    3                    1                    0                    1
                    3                    2                    1                    0
                    3                    2                    0                    1
                    3                    4                    1                    0
                    3                    4                    0                    1
                    3                    5                    1                    0
                    3                    6                    0                    1
                    3                    8                    0                    1
                    3                    9                    0                    1
                    3                   10                    1                    0
                    3                   11                    1                    0
                    3                   11                    0                    1
                    3                   12                    1                    0
                    3                   13                    1                    0
                    3                   13                    0                    1
                    3                   14                    1                    0
                    3                   14                    0                    1
                    3                   15                    0                    1
                    3                   16                    1                    0
                    3                   16                    0                    1
                    3                   18                    0                    1
                    3                   19                    1                    0
                    3                   20                    1                    0
                    3                   20                    0                    1
                    4                    2                    1                    0
                    4                    4                    0                    1
                    4                    5                    1                    0
                    4                    5                    0                    1
                    4                    6                    1                    0
                    4                    7                    1                    0
                    4                    7                    0                    1
                    4                    8                    1                    0
                    4                   10                    0                    1
                    4                   12                    0                    1
                    4                   13                    1                    0
                    4                   13                    0                    1
                    4                   14                    1                    0
                    4                   14                    0                    1
                    4                   15                    0                    1
                    4                   16                    1                    0
                    4                   16                    0                    1
                    4                   17                    1                    0
                    4                   18                    1                    0
                    4                   18                    0                    1
                    4                   20                    1                    0
                    5                    1                    1                    0
                    5                    2                    0                    1
                    5                    3                    1                    0
                    5                    4                    1                    0
                    5                    4                    0                    1
                    5                    6                    1                    0
                    5                    7                    1                    0
                    5                    8                    0                    1
                    5                    9                    0                    1
                    5                   10                    1                    0
                    5                   11                    1                    0
                    5                   11                    0                    1
                    5                   12                    0                    1
                    5                   14                    0                    1
                    5                   15                    1                    0
                    5                   16                    1                    0
                    5                   17                    0                    1
                    5                   19                    1                    0
                    5                   19                    0                    1
                    5                   20                    1                    0
                    5                   20                    0                    1
                    6                    1                    1                    0
                    6                    2                    1                    0
                    6                    2                    0                    1
                    6                    3                    1                    0
                    6                    3                    0                    1
                    6                    4                    1                    0
                    6                    4                    0                    1
                    6                    5                    1                    0
                    6                    6                    0                    1
                    6                    9                    1                    0
                    6                    9                    0                    1
                    6                   11                    1                    0
                    6                   12                    1                    0
                    6                   12                    0                    1
                    6                   13                    1                    0
                    6                   14                    1                    0
                    6                   14                    0                    1
                    6                   15                    1                    0
                    6                   15                    0                    1
                    6                   19                    0                    1
                    7                    1                    0                    1
                    7                    3                    1                    0
                    7                    4                    0                    1
                    7                    5                    1                    0
                    7                    5                    0                    1
                    7                    6                    1                    0
                    7                    8                    1                    0
                    7                    8                    0                    1
                    7                    9                    1                    0
                    7                    9                    0                    1
                    7                   10                    0                    1
                    7                   12                    1                    0
                    7                   13                    1                    0
                    7                   14                    1                    0
                    7                   15                    0                    1
                    7                   16                    0                    1
                    7                   17                    0                    1
                    7                   18                    1                    0
                    7                   19                    1                    0
                    7                   19                    0                    1
                    7                   20                    1                    0
                    8                    1                    1                    0
                    8                    3                    0                    1
                    8                    4                    1                    0
                    8                    5                    0                    1
                    8                    8                    0                    1
                    8                    9                    1                    0
                    8                    9                    0                    1
                    8                   10                    0                    1
                    8                   11                    1                    0
                    8                   12                    0                    1
                    8                   14                    1                    0
                    8                   18                    0                    1
                    8                   19                    1                    0
                    8                   19                    0                    1
                    8                   20                    1                    0
                    8                   20                    0                    1
                    9                    1                    1                    0
                    9                    1                    0                    1
                    9                    2                    0                    1
                    9                    3                    1                    0
                    9                    4                    0                    1
                    9                    5                    0                    1
                    9                    6                    0                    1
                    9                    7                    0                    1
                    9                    8                    1                    0
                    9                    9                    1                    0
                    9                   10                    1                    0
                    9                   10                    0                    1
                    9                   11                    1                    0
                    9                   11                    0                    1
                    9                   12                    0                    1
                    9                   13                    1                    0
                    9                   14                    1                    0
                    9                   16                    1                    0
                    9                   16                    0                    1
                    9                   17                    1                    0
                    9                   18                    1                    0
                    9                   19                    0                    1
                    9                   20                    1                    0
                    9                   20                    0                    1
                   10                    2                    1                    0
                   10                    2                    0                    1
                   10                    4                    1                    0
                   10                    4                    0                    1
                   10                    5                    0                    1
                   10                    6                    1                    0
                   10                    7                    1                    0
                   10                    7                    0                    1
                   10                    9                    1                    0
                   10                   10                    0                    1
                   10                   11                    1                    0
                   10                   11                    0                    1
                   10                   12                    1                    0
                   10                   13                    1                    0
                   10                   14                    1                    0
                   10                   15                    1                    0
                   10                   15                    0                    1
                   10                   16                    1                    0
                   10                   16                    0                    1
                   10                   17                    1                    0
                   10                   17                    0                    1
                   10                   19                    1                    0
                   10                   19                    0                    1
                   10                   20                    1                    0
                   10                   20                    0                    1
                   11                    2                    0                    1
                   11                    3                    0                    1
                   11                    4                    0                    1
                   11                    5                    0                    1
                   11                    7                    1                    0
                   11                    9                    0                    1
                   11                   10                    0                    1
                   11                   12                    0                    1
                   11                   14                    0                    1
                   11                   16                    1                    0
                   11                   17                    0                    1
                   11                   18                    1                    0
                   11                   19                    0                    1
                   12                    1                    0                    1
                   12                    2                    1                    0
                   12                    6                    1                    0
                   12                    6                    0                    1
                   12                    7                    1                    0
                   12                    7                    0                    1
                   12                    8                    0                    1
                   12                    9                    1                    0
                   12                   12                    1                    0
                   12                   12                    0                    1
                   12                   13                    0                    1
                   12                   14                    0                    1
                   12                   15                    1                    0
                   12                   16                    0                    1
                   12                   17                    1                    0
                   12                   18                    0                    1
                   12                   19                    0                    1
                   12                   20                    0                    1
                   13                    2                    1                    0
                   13                    3                    1                    0
                   13                    3                    0                    1
                   13                    4                    0                    1
                   13                    5                    1                    0
                   13                    6                    1                    0
                   13                    7                    0                    1
                   13                    8                    0                    1
                   13                    9                    1                    0
                   13                    9                    0                    1
                   13                   10                    1                    0
                   13                   11                    1                    0
                   13                   11                    0                    1
                   13                   13                    1                    0
                   13                   13                    0                    1
                   13                   14                    1                    0
                   13                   15                    0                    1
                   13                   16                    1                    0
                   13                   17                    0                    1
                   13                   18                    0                    1
                   13                   19                    0                    1
                   13                   20                    1                    0
                   14                    1                    1                    0
                   14                    1                    0                    1
                   14                    3                    1                    0
                   14                    5                    1                    0
                   14                    6                    1                    0
                   14                    9                    0                    1
                   14                   11                    0                    1
                   14                   12                    0                    1
                   14                   14                    1                    0
                   14                   16                    0                    1
                   14                   17                    1                    0
                   14                   18                    1                    0
                   14                   18                    0                    1
                   14                   19                    1                    0
                   14                   20                    1                    0
                   15                    1                    1                    0
                   15                    1                    0                    1
                   15                    2                    0                    1
                   15                    4                    1                    0
                   15                    4                    0                    1
                   15                    6                    1                    0
                   15                    7                    1                    0
                   15                    7                    0                    1
                   15                    8                    1                    0
                   15                    9                    1                    0
                   15                    9                    0                    1
                   15                   10                    0                    1
                   15                   11                    1                    0
                   15                   12                    1                    0
                   15                   12                    0                    1
                   15                   13                    1                    0
                   15                   14                    0                    1
                   15                   15                    1                    0
                   15                   16                    1                    0
                   15                   16                    0                    1
                   15                   18                    1                    0
                   15                   19                    0                    1
                   15                   20                    1                    0
                   15                   20                    0                    1
                   16                    1                    1                    0
                   16                    1                    0                    1
                   16                    2                    0                    1
                   16                    3                    1                    0
                   16                    4                    1                    0
                   16                    6                    0                    1
                   16                    7                    1                    0
                   16                    7                    0                    1
                   16                    9                    1                    0
                   16                   10                    1                    0
                   16                   10                    0                    1
                   16                   11                    1                    0
                   16                   11                    0                    1
                   16                   13                    0                    1
                   16                   14                    0                    1
                   16                   16                    1                    0
                   16                   18                    1                    0
                   16                   19                    1                    0
                   16                   19                    0                    1
                   16                   20                    1                    0
                   16                   20                    0                    1
                   17                    1                    1                    0
                   17                    1                    0                    1
                   17                    2                    0                    1
                   17                    4                    1                    0
                   17                    6                    1                    0
                   17                    6                    0                    1
                   17                    9                    0                    1
                   17                   11                    0                    1
                   17                   12                    0                    1
                   17                   13                    1                    0
                   17                   15                    1                    0
                   17                   15                    0                    1
                   17                   17                    1                    0
                   17                   17                    0                    1
                   17                   18                    1                    0
                   17                   18                    0                    1
                   17                   19                    1                    0
                   17                   19                    0                    1
                   17                   20                    1                    0
                   17                   20                    0                    1
                   18                    2                    1                    0
                   18                    2                    0                    1
                   18                    3                    1                    0
                   18                    4                    1                    0
                   18                    5                    1                    0
                   18                    5                    0                    1
                   18                    6                    1                    0
                   18                    6                    0                    1
                   18                    7                    1                    0
                   18                    8                    1                    0
                   18                    8                    0                    1
                   18                    9                    1                    0
                   18                   10                    1                    0
                   18                   10                    0                    1
                   18                   11                    0                    1
                   18                   12                    0                    1
                   18                   14                    1                    0
                   18                   14                    0                    1
                   18                   15                    1                    0
                   18                   15                    0                    1
                   18                   16                    0                    1
                   18                   18                    0                    1
                   18                   19                    1                    0
                   18                   19                    0                    1
                   18                   20                    1                    0
                   18                   20                    0                    1
                   19                    2                    1                    0
                   19                    3                    1                    0
                   19                    4                    1                    0
                   19                    5                    0                    1
                   19                    7                    1                    0
                   19                    8                    1                    0
                   19                    9                    1                    0
                   19                    9                    0                    1
                   19                   10                    1                    0
                   19                   10                    0                    1
                   19                   11                    1                    0
                   19                   12                    1                    0
                   19                   12                    0                    1
                   19                   13                    0                    1
                   19                   15                    0                    1
                   19                   16                    0                    1
                   19                   17                    0                    1
                   19                   18                    0                    1
                   19                   19                    1                    0
                   19                   19                    0                    1
                   20                    2                    1                    0
                   20                    3                    1                    0
                   20                    4                    0                    1
                   20                    5                    1                    0
                   20                    6                    1                    0
                   20                    6                    0                    1
                   20                    7                    1                    0
                   20                    7                    0                    1
                   20                    9                    1                    0
                   20                   10                    1                    0
                   20                   11                    1                    0
                   20                   12                    0                    1
                   20                   13                    0                    1
                   20                   14                    1                    0
                   20                   18                    1                    0
                   20                   18                    0                    1
                    3                   13
                   19                    9
