                    8                    1                    1                    0
                    8                   10                    1                    0
                    8                   20                    1                    0
                    8                   20                    0                    1
                    9                   20                    0                    1
                   13                   13                    1                    0
                   14                   13                    1                    0
                   15                   13                    1                    0
                   16                   13                    0                    1
                   19                    6                    1                    0
                   19                    6                    0                    1
                   19                    7                    1                    0
                   20                    6                    0                    1
                   16                   14
                    9                   10
