                    2                    8                    0                    1
                    3                    8                    1                    0
                    2                    6                    0                   -1
                    2                    8                   -1                    0
                    2                    7                    0                    1
                    2                    7                    0                   -1
                   16                    6                    0                   -1
                   16                    7                    0                    1
                    1                   19                    0                    1
                   20                   18                    0                    0
                    1                   20                    0                    1
                   20                   19                    0                    1
                   20                   20                    0                    1
                   19                   20                   -1                    0
                    1                   19                    0                   -1
                   20                   20                    1                    0
                   20                    1                    0                    0
                    1                   18                    0                   -1
                   20                   20                    0                    0
                   20                   19                    0                   -1
                   20                   18                    0                    0
                    1                   19                    0                    0
                    1                   20                    0                    1
                    1                   18                    0                    0
                    1                   19                    0                    1
                   20                   20                    0                    0
                   20                   19                    0                    0
                    1                   19                    0                    0
                   20                   19                    0                    0
                   19                   20                   -1                    0
                   19                    1                    0                    0
                   19                   20                    0                    0
                   20                   20                    1                    0
                   20                   18                    0                   -1
                    1                   18                    0                    0
                   20                   18                    0                    0
                   20                   19                    0                   -1
                   20                   20                    0                    1
                    1                   18                    0                    0
                    1                   19                    0                    1
                    1                   20                    0                    1
                    1                   19                    0                   -1
                    1                   20                    0                    1
                   19                   20                   -1                    0
                   20                   20                    0                    0
                   19                   19                    0                   -1
                   19                   20                   -1                    0
                   20                   20                    1                    0
                   18                   19                   -1                    0
                   19                   19                    1                    0
                   20                   19                    0                   -1
                   20                   19                    1                    0
                   20                   20                    0                    1
                   20                   20                    0                    1
                   11                   12                   -1                    0
                   11                   13                    0                    1
                   13                   12                    1                    0
                   13                   11                    0                   -1
                   12                   13                    1                    0
                   14                   11                    1                    0
                   13                   13                    1                    0
                   13                   11                   -1                    0
                   14                   11                    1                    0
                   13                   11                   -1                    0
                   13                   12                    0                    1
                   12                   13                   -1                    0
                   11                   13                   -1                    0
                   13                   13                    0                    1
                   13                   12                    0                   -1
                   12                   12                   -1                    0
                   12                   11                    0                   -1
                   12                   12                    0                    1
                   12                   13                    0                    1
                   11                   13                   -1                    0
                   11                   12                    0                   -1
                   12                   13                    1                    0
                   11                   13                    0                    1
                   12                   14                    0                    1
                   12                   13                    1                    0
                   12                   12                    0                   -1
                   12                   13                    0                    1
                   12                   12                    0                   -1
                   12                   13                    0                   -1
                   11                   12                   -1                    0
                   12                   12                    1                    0
                   13                   12                    1                    0
                   13                   11                    0                   -1
                   12                   12                    0                   -1
                   13                   12                    1                    0
                   13                   10                    0                   -1
                   13                   11                    0                   -1
                   14                   10                    1                    0
                   13                   10                   -1                    0
                   13                   10                    0                   -1
                   14                   10                    1                    0
                   14                    9                    0                   -1
                   14                   10                    1                    0
                   14                    9                    0                   -1
                   14                    8                    0                   -1
                   14                    9                    0                    1
                   13                    9                   -1                    0
