                   11                   15                    1                    0
                    5                    2                    1                    0
                   10                   15                   -1                    0
                   11                   15                    1                    0
                   12                   15                    1                    0
                    5                    3                    0                    1
                    5                    4                    0                    1
                    5                    5                    0                    1
                   11                   15                   -1                    0
                   12                   15                    1                    0
                    6                    5                    1                    0
                    7                    5                    1                    0
                   13                   15                    1                    0
                    6                    5                   -1                    0
                   13                   16                    0                    1
                    6                    6                    0                    1
                   14                   16                    1                    0
                    6                    5                    0                   -1
                   13                   16                   -1                    0
                    7                    5                    1                    0
                   13                   15                    0                   -1
                   13                   16                    0                    1
                    6                    5                   -1                    0
                    6                    6                    0                    1
                   14                   16                    1                    0
                    6                    5                    0                   -1
                    6                    4                    0                   -1
                   15                   16                    1                    0
                    7                    4                    1                    0
                   14                   16                   -1                    0
                   15                   16                    1                    0
                   15                   17                    0                    1
                    6                    4                   -1                    0
                   14                   17                   -1                    0
                    6                    5                    0                    1
                    5                    5                   -1                    0
                    6                    5                    1                    0
                   14                   18                    0                    1
                    5                    5                   -1                    0
                   14                   17                    0                   -1
                    5                    4                    0                   -1
                    5                    3                    0                   -1
                   14                   16                    0                   -1
                   14                   15                    0                   -1
                   15                   15                    1                    0
                    5                    2                    0                   -1
                   16                   15                    1                    0
                   16                   14                    0                   -1
                   16                   15                    0                    1
                    4                    2                   -1                    0
                   16                   16                    0                    1
                   16                   15                    0                   -1
                    3                    2                   -1                    0
                    3                    1                    0                   -1
                    4                    1                    1                    0
                    4                    2                    0                    1
                   17                   15                    1                    0
                    4                    1                    0                   -1
                   16                   15                   -1                    0
                   16                   16                    0                    1
                   16                   15                    0                   -1
                    3                    1                   -1                    0
                   15                   15                   -1                    0
                    3                    2                    0                    1
                    3                    1                    0                   -1
                    3                    2                    0                    1
                   16                   15                    1                    0
                    3                    3                    0                    1
                   15                   15                   -1                    0
                    3                    4                    0                    1
                    3                    5                    0                    1
                   15                   16                    0                    1
                   14                   16                   -1                    0
                   14                   15                    0                   -1
                   13                   15                   -1                    0
                    4                    5                    1                    0
                    3                    5                   -1                    0
                   14                   15                    1                    0
                    3                    4                    0                   -1
                    4                    4                    1                    0
                   13                   15                   -1                    0
                    3                    4                   -1                    0
                   14                   15                    1                    0
                    2                    4                   -1                    0
                   14                   16                    0                    1
                    1                    4                   -1                    0
                    1                    3                    0                   -1
                    1                    4                    0                    1
                    1                    3                    0                   -1
                    1                    2                    0                   -1
                   13                   16                   -1                    0
                   13                   15                    0                   -1
                   12                   15                   -1                    0
                    1                    3                    0                    1
                    1                    4                    0                    1
                    1                    3                    0                   -1
                    2                    3                    1                    0
                   12                   16                    0                    1
                    1                    3                   -1                    0
                   12                   17                    0                    1
                   12                   16                    0                   -1
                   12                   15                    0                   -1
                   13                   15                    1                    0
                   13                   16                    0                    1
                   20                    3                    0                    0
                   19                    3                   -1                    0
                   18                    3                   -1                    0
                   18                    2                    0                   -1
                   18                    3                    0                    1
                   13                   15                    0                   -1
                   12                   15                   -1                    0
                   17                    3                   -1                    0
                   18                    3                    1                    0
                   19                    3                    1                    0
                   11                   15                   -1                    0
                   10                   15                   -1                    0
                   10                   16                    0                    1
                   20                    3                    1                    0
                    1                    3                    0                    0
                   10                   15                    0                   -1
                   10                   16                    0                    1
                   10                   17                    0                    1
