                   10                    8                    1                    0
                   10                    9                    0                    1
                   10                    8                    0                   -1
                    9                    8                   -1                    0
                   20                    6                    1                    0
                   19                    6                   -1                    0
                   19                    5                    0                   -1
                    9                    9                    0                    1
                   19                    6                    0                    1
                    9                    8                    0                   -1
                   20                    6                    1                    0
                    9                    7                    0                   -1
                    8                    7                   -1                    0
                    9                    7                    1                    0
                   20                    5                    0                   -1
                   20                    6                    0                    1
                    8                    7                   -1                    0
                   20                    5                    0                   -1
                    8                    6                    0                   -1
                    8                    7                    0                    1
                   20                    4                    0                   -1
                    9                    7                    1                    0
                    1                    4                    0                    0
                    8                    7                   -1                    0
                   20                    4                    0                    0
                    9                    7                    1                    0
                   20                    5                    0                    1
                    9                    6                    0                   -1
                    9                    7                    0                    1
                    8                    7                   -1                    0
                    8                    6                    0                   -1
                   20                    4                    0                   -1
                    8                    7                    0                    1
                    7                    7                   -1                    0
                    8                    7                    1                    0
                    9                    7                    1                    0
                   20                    5                    0                    1
                   20                    6                    0                    1
                    9                    8                    0                    1
                   20                    7                    0                    1
                    9                    7                    0                   -1
                   10                    7                    1                    0
                   19                    7                   -1                    0
                    9                    7                   -1                    0
                    8                    7                   -1                    0
                    9                    7                    1                    0
                   19                    6                    0                   -1
                   20                    6                    1                    0
                    9                    8                    0                    1
                   20                    7                    0                    1
                    1                    7                    0                    0
                   10                    8                    1                    0
                    9                    8                   -1                    0
                   20                    7                    0                    0
                    9                    7                    0                   -1
                   20                    8                    0                    1
                   20                    7                    0                   -1
                    9                    8                    0                    1
                   20                    6                    0                   -1
                    8                    8                   -1                    0
                   19                    6                   -1                    0
                   20                    6                    1                    0
                   20                    7                    0                    1
                    8                    9                    0                    1
                   19                    7                   -1                    0
                    7                    9                   -1                    0
                    7                   10                    0                    1
                   19                    6                    0                   -1
                   19                    7                    0                    1
                    7                    9                    0                   -1
                    8                    9                    1                    0
                   19                    6                    0                   -1
                    8                   10                    0                    1
                    8                    9                    0                   -1
                    8                    8                    0                   -1
                   20                    6                    1                    0
                    9                    8                    1                    0
                    1                    6                    0                    0
                   20                    6                    0                    0
