                   18                    9                    1                    0
                    6                    6                    1                    0
                   17                    9                   -1                    0
                    5                    6                   -1                    0
                   17                   10                    0                    1
                   17                    9                    0                   -1
                    5                    5                    0                   -1
                   17                   10                    0                    1
                    5                    6                    0                    1
                   17                    9                    0                   -1
                   16                    9                   -1                    0
                    6                    6                    1                    0
                   16                   10                    0                    1
                   16                    9                    0                   -1
                    6                    5                    0                   -1
                    6                    6                    0                    1
                   15                    9                   -1                    0
                    5                    6                   -1                    0
                   14                    9                   -1                    0
                   14                   10                    0                    1
                   13                   10                   -1                    0
                    6                    6                    1                    0
                   14                   10                    1                    0
                   14                    9                    0                   -1
                   14                   10                    0                    1
                    5                    6                   -1                    0
                   14                   11                    0                    1
                    5                    5                    0                   -1
                    6                    5                    1                    0
                   15                   11                    1                    0
                    6                    4                    0                   -1
                    6                    5                    0                    1
                    7                    5                    1                    0
                   14                   11                   -1                    0
                    6                    5                   -1                    0
                    6                    6                    0                    1
                    7                    6                    1                    0
                    7                    5                    0                   -1
                   14                   10                    0                   -1
                   14                    9                    0                   -1
                   15                    9                    1                    0
                   15                   10                    0                    1
                   15                    9                    0                   -1
                    8                    5                    1                    0
                    7                    5                   -1                    0
                   16                    9                    1                    0
                   17                    9                    1                    0
                    6                    5                   -1                    0
                    7                    5                    1                    0
                    7                    6                    0                    1
                   18                    9                    1                    0
                   18                   10                    0                    1
                   18                   11                    0                    1
                    7                    5                    0                   -1
                   18                   10                    0                   -1
                    6                    5                   -1                    0
                    5                    5                   -1                    0
                    5                    6                    0                    1
                    5                    5                    0                   -1
                    5                    6                    0                    1
                    5                    7                    0                    1
                   18                    9                    0                   -1
                   17                    9                   -1                    0
                   17                   10                    0                    1
                    5                    6                    0                   -1
                    5                    7                    0                    1
                   16                   10                   -1                    0
                   16                    9                    0                   -1
                    5                    8                    0                    1
                    5                    7                    0                   -1
                   16                   10                    0                    1
                   17                   10                    1                    0
                    5                    8                    0                    1
                   17                   11                    0                    1
                   18                   11                    1                    0
                    5                    7                    0                   -1
                   18                   10                    0                   -1
                    5                    6                    0                   -1
                   19                   10                    1                    0
                   18                   10                   -1                    0
                   18                   11                    0                    1
                   19                   11                    1                    0
                   18                   11                   -1                    0
                    5                    5                    0                   -1
