                    1                    9                    0                    1
                    1                   10                    0                    1
                    1                   11                    1                    0
                    1                   13                    1                    0
                    1                   13                    0                    1
                    1                   14                    1                    0
                    1                   18                    0                    1
                    1                   19                    0                    1
                    1                   20                    0                    1
                    2                   11                    0                    1
                    2                   12                    0                    1
                    2                   14                    0                    1
                    2                   15                    1                    0
                    2                   17                    1                    0
                    2                   17                    0                    1
                    2                   18                    0                    1
                    2                   19                    1                    0
                    3                    9                    1                    0
                    3                    9                    0                    1
                    3                   10                    0                    1
                    3                   11                    0                    1
                    3                   12                    0                    1
                    3                   13                    0                    1
                    3                   14                    1                    0
                    3                   15                    1                    0
                    3                   17                    1                    0
                    3                   19                    1                    0
                    4                    9                    0                    1
                    4                   10                    0                    1
                    4                   11                    1                    0
                    4                   12                    1                    0
                    4                   12                    0                    1
                    4                   13                    1                    0
                    4                   15                    0                    1
                    4                   16                    0                    1
                    4                   18                    1                    0
                    4                   18                    0                    1
                    5                   12                    0                    1
                    5                   18                    1                    0
                    6                   18                    1                    0
                    7                    1                    1                    0
                    7                    2                    1                    0
                    7                    2                    0                    1
                    7                    3                    0                    1
                    7                    4                    1                    0
                    7                   11                    1                    0
                    7                   11                    0                    1
                    7                   12                    1                    0
                    7                   15                    1                    0
                    7                   15                    0                    1
                    7                   16                    0                    1
                    7                   17                    0                    1
                    7                   20                    1                    0
                    7                   20                    0                    1
                    8                    1                    1                    0
                    8                    2                    1                    0
                    8                    4                    1                    0
                    8                   11                    0                    1
                    8                   15                    1                    0
                    8                   17                    1                    0
                    8                   17                    0                    1
                    8                   18                    0                    1
                    8                   19                    0                    1
                    9                    1                    0                    1
                    9                    4                    1                    0
                    9                   15                    1                    0
                    9                   16                    1                    0
                    9                   16                    0                    1
                    9                   17                    1                    0
                    9                   17                    0                    1
                    9                   18                    0                    1
                    9                   19                    1                    0
                   10                    4                    1                    0
                   10                   15                    0                    1
                   10                   17                    1                    0
                   10                   19                    1                    0
                   11                    8                    1                    0
                   11                    8                    0                    1
                   11                    9                    1                    0
                   11                   10                    1                    0
                   11                   10                    0                    1
                   11                   11                    1                    0
                   11                   15                    1                    0
                   11                   15                    0                    1
                   11                   16                    1                    0
                   11                   17                    0                    1
                   11                   18                    1                    0
                   11                   19                    1                    0
                   12                    8                    0                    1
                   12                   10                    1                    0
                   12                   11                    0                    1
                   12                   12                    1                    0
                   12                   15                    0                    1
                   12                   18                    0                    1
                   13                    6                    1                    0
                   13                    6                    0                    1
                   13                    7                    1                    0
                   13                    9                    1                    0
                   13                    9                    0                    1
                   13                   11                    1                    0
                   13                   11                    0                    1
                   14                    6                    0                    1
                   14                    9                    0                    1
                   14                   10                    0                    1
                   14                   13                    1                    0
                   14                   13                    0                    1
                   14                   14                    0                    1
                   15                   13                    1                    0
                   16                   13                    0                    1
                   16                   14                    1                    0
                   17                   13                    1                    0
                   17                   13                    0                    1
                   17                   18                    1                    0
                   17                   18                    0                    1
                   17                   19                    1                    0
                   18                   13                    1                    0
                   18                   18                    1                    0
                   18                   19                    1                    0
                   19                    1                    1                    0
                   19                    8                    1                    0
                   19                    8                    0                    1
                   19                    9                    0                    1
                   19                   10                    0                    1
                   19                   11                    0                    1
                   19                   12                    0                    1
                   19                   18                    1                    0
                   19                   19                    0                    1
                   19                   20                    0                    1
                   20                    1                    1                    0
                   20                    8                    0                    1
                   20                    9                    1                    0
                   20                   18                    1                    0
                    4                   14
                   11                    4
