                    1                    3                    1                    0
                    1                    3                    0                    1
                    1                    4                    1                    0
                    1                    6                    0                    1
                    1                    8                    1                    0
                    1                    8                    0                    1
                    1                    9                    0                    1
                    1                   10                    0                    1
                    1                   11                    0                    1
                    1                   12                    1                    0
                    1                   13                    1                    0
                    1                   13                    0                    1
                    1                   14                    0                    1
                    2                    1                    1                    0
                    2                    3                    1                    0
                    2                    4                    0                    1
                    2                    5                    0                    1
                    2                    6                    0                    1
                    2                    7                    0                    1
                    2                    9                    1                    0
                    2                    9                    0                    1
                    2                   10                    0                    1
                    2                   11                    1                    0
                    2                   12                    0                    1
                    2                   13                    1                    0
                    2                   13                    0                    1
                    2                   14                    0                    1
                    2                   15                    1                    0
                    2                   20                    1                    0
                    2                   20                    0                    1
                    3                    3                    1                    0
                    3                    9                    1                    0
                    3                   11                    0                    1
                    3                   12                    1                    0
                    3                   13                    0                    1
                    3                   14                    0                    1
                    3                   20                    0                    1
                    4                    1                    0                    1
                    4                    2                    0                    1
                    4                    8                    1                    0
                    4                    8                    0                    1
                    4                   12                    0                    1
                    4                   13                    0                    1
                    4                   14                    1                    0
                    4                   18                    1                    0
                    4                   18                    0                    1
                    4                   19                    0                    1
                    4                   20                    0                    1
                    5                    7                    1                    0
                    5                    7                    0                    1
                    5                   14                    0                    1
                    5                   15                    1                    0
                    6                    2                    1                    0
                    6                    2                    0                    1
                    6                    3                    1                    0
                    6                    7                    0                    1
                    6                    8                    1                    0
                    6                   15                    0                    1
                    6                   16                    0                    1
                    6                   17                    1                    0
                    7                    1                    1                    0
                    7                    2                    0                    1
                    7                    4                    1                    0
                    7                    4                    0                    1
                    7                    5                    1                    0
                    7                    7                    1                    0
                    7                    7                    0                    1
                    7                   17                    0                    1
                    7                   18                    0                    1
                    7                   19                    0                    1
                    7                   20                    0                    1
                    8                    1                    0                    1
                    8                    2                    0                    1
                    8                    3                    0                    1
                    8                    5                    0                    1
                    8                    6                    0                    1
                    8                    7                    1                    0
                    8                    7                    0                    1
                    8                    8                    0                    1
                    8                    9                    1                    0
                    8                   10                    1                    0
                    8                   10                    0                    1
                    8                   11                    0                    1
                    8                   12                    1                    0
                    9                    7                    0                    1
                    9                    8                    1                    0
                    9                    9                    1                    0
                    9                   10                    0                    1
                    9                   11                    1                    0
                    9                   12                    0                    1
                    9                   13                    1                    0
                    9                   14                    1                    0
                    9                   14                    0                    1
                    9                   15                    1                    0
                    9                   16                    1                    0
                    9                   16                    0                    1
                    9                   17                    1                    0
                   10                    1                    1                    0
                   10                    1                    0                    1
                   10                    2                    0                    1
                   10                    3                    0                    1
                   10                    4                    1                    0
                   10                    8                    0                    1
                   10                   11                    0                    1
                   10                   12                    0                    1
                   10                   13                    1                    0
                   10                   13                    0                    1
                   10                   15                    1                    0
                   10                   16                    0                    1
                   11                    1                    0                    1
                   11                    2                    0                    1
                   11                    3                    0                    1
                   11                   13                    0                    1
                   11                   14                    0                    1
                   11                   17                    1                    0
                   11                   17                    0                    1
                   11                   18                    1                    0
                   12                    2                    1                    0
                   12                    2                    0                    1
                   12                    3                    0                    1
                   12                    4                    1                    0
                   12                   10                    1                    0
                   12                   10                    0                    1
                   12                   11                    0                    1
                   12                   12                    1                    0
                   12                   16                    1                    0
                   12                   16                    0                    1
                   12                   17                    1                    0
                   12                   17                    0                    1
                   12                   18                    1                    0
                   12                   18                    0                    1
                   12                   19                    1                    0
                   13                    2                    0                    1
                   13                    3                    0                    1
                   13                    8                    1                    0
                   13                    8                    0                    1
                   13                    9                    0                    1
                   13                   10                    1                    0
                   13                   12                    1                    0
                   13                   16                    0                    1
                   13                   18                    0                    1
                   14                    8                    1                    0
                   14                   10                    1                    0
                   14                   12                    0                    1
                   14                   13                    0                    1
                   14                   14                    1                    0
                   14                   17                    1                    0
                   14                   17                    0                    1
                   14                   18                    0                    1
                   14                   19                    0                    1
                   14                   20                    1                    0
                   15                    1                    1                    0
                   15                    5                    1                    0
                   15                    5                    0                    1
                   15                    6                    1                    0
                   15                    8                    0                    1
                   15                    9                    1                    0
                   15                   10                    1                    0
                   15                   13                    0                    1
                   15                   17                    1                    0
                   15                   20                    0                    1
                   16                    1                    1                    0
                   16                    2                    1                    0
                   16                    2                    0                    1
                   16                    3                    0                    1
                   16                    4                    0                    1
                   16                    6                    1                    0
                   16                    9                    0                    1
                   16                   17                    1                    0
                   17                    1                    1                    0
                   17                    2                    1                    0
                   17                    6                    0                    1
                   17                   17                    1                    0
                   17                   19                    1                    0
                   17                   19                    0                    1
                   17                   20                    1                    0
                   18                    1                    0                    1
                   18                   13                    1                    0
                   18                   13                    0                    1
                   18                   14                    1                    0
                   18                   15                    1                    0
                   18                   15                    0                    1
                   18                   16                    0                    1
                   18                   19                    1                    0
                   18                   20                    1                    0
                   19                   10                    1                    0
                   19                   10                    0                    1
                   19                   11                    1                    0
                   19                   13                    0                    1
                   19                   15                    1                    0
                   19                   19                    0                    1
                   20                    6                    1                    0
                   20                    6                    0                    1
                   20                    7                    1                    0
                   20                   10                    0                    1
                   20                   15                    1                    0
                   15                   13
                   17                    7
