                    1                   13                    0                    0
                    4                   17                    0                   -1
                    1                   14                    0                    1
                    3                   17                   -1                    0
                   20                   14                    0                    0
                    3                   16                    0                   -1
                    1                   14                    0                    0
                    1                   13                    0                   -1
                    1                   12                    0                   -1
                   20                   12                    0                    0
                    1                   12                    0                    0
                    2                   16                   -1                    0
                    3                   16                    1                    0
                    4                   16                    1                    0
                    1                   11                    0                   -1
                   20                   11                    0                    0
                    5                   16                    1                    0
                    1                   11                    0                    0
                    5                   17                    0                    1
                    5                   16                    0                   -1
                    1                   12                    0                    1
                    4                   16                   -1                    0
                    1                   11                    0                   -1
                    5                   16                    1                    0
                    5                   15                    0                   -1
                    2                   11                    1                    0
                    5                   16                    0                    1
                    1                   11                   -1                    0
                    1                   12                    0                    1
                    1                   11                    0                   -1
                   20                   11                    0                    0
                   20                   12                    0                    1
                    5                   15                    0                   -1
                    5                   14                    0                   -1
                   20                   13                    0                    1
                   20                   14                    0                    1
                    5                   13                    0                   -1
                    5                   12                    0                   -1
                    4                   12                   -1                    0
                    4                   13                    0                    1
                   20                   13                    0                   -1
                    5                   13                    1                    0
                    4                   13                   -1                    0
                   19                   13                   -1                    0
                   20                   13                    1                    0
                    4                   14                    0                    1
                   19                   13                   -1                    0
                    3                   14                   -1                    0
                    4                   14                    1                    0
                    4                   13                    0                   -1
                    4                   14                    0                    1
                    4                   13                    0                   -1
                    3                   13                   -1                    0
                   18                   13                   -1                    0
                    3                   12                    0                   -1
                   18                   12                    0                   -1
                    4                   12                    1                    0
                   18                   13                    0                    1
                    4                   11                    0                   -1
                    4                   10                    0                   -1
                   18                   14                    0                    1
                    3                   10                   -1                    0
                    3                   11                    0                    1
                   18                   13                    0                   -1
                    3                   10                    0                   -1
                    3                    9                    0                   -1
                    4                    9                    1                    0
                    4                    8                    0                   -1
                   18                   12                    0                   -1
                   18                   13                    0                    1
                   19                   13                    1                    0
                   18                   13                   -1                    0
                   18                   12                    0                   -1
                    3                    8                   -1                    0
                   17                   12                   -1                    0
                    3                    9                    0                    1
                   17                   13                    0                    1
                    4                    9                    1                    0
                    5                    9                    1                    0
                    5                    8                    0                   -1
                   16                   13                   -1                    0
                   17                   13                    1                    0
                   17                   14                    0                    1
                   17                   15                    0                    1
                    5                    9                    0                    1
                   17                   16                    0                    1
                    5                    8                    0                   -1
                    5                    7                    0                   -1
                    5                    6                    0                   -1
                   18                   16                    1                    0
                   18                   17                    0                    1
                    6                    6                    1                    0
                   18                   18                    0                    1
                    6                    5                    0                   -1
                    6                    6                    0                    1
                    5                    6                   -1                    0
                   18                   19                    0                    1
                    4                    6                   -1                    0
                    4                    5                    0                   -1
                   18                   18                    0                   -1
                   17                   18                   -1                    0
                    3                    5                   -1                    0
                    4                    5                    1                    0
                   17                   17                    0                   -1
                    5                    5                    1                    0
                   18                   17                    1                    0
                    6                    5                    1                    0
                    6                    4                    0                   -1
                   19                   17                    1                    0
                    6                    5                    0                    1
                   20                   17                    1                    0
                   20                   16                    0                   -1
                   20                   17                    0                    1
                   20                   18                    0                    1
                   20                   17                    0                   -1
                    7                    5                    1                    0
                    8                    5                    1                    0
                   19                   17                   -1                    0
                    8                    6                    0                    1
                   19                   16                    0                   -1
                   19                   17                    0                    1
                    8                    5                    0                   -1
                   18                   17                   -1                    0
                    9                    5                    1                    0
                   18                   18                    0                    1
                   19                   18                    1                    0
                    9                    6                    0                    1
                    9                    5                    0                   -1
                   18                   18                   -1                    0
                   17                   18                   -1                    0
                    9                    6                    0                    1
                    8                    6                   -1                    0
                   16                   18                   -1                    0
                   15                   18                   -1                    0
                    9                    6                    1                    0
                   15                   17                    0                   -1
                   15                   18                    0                    1
                   15                   19                    0                    1
                    9                    5                    0                   -1
                   10                    5                    1                    0
                   15                   18                    0                   -1
                   14                   18                   -1                    0
                    9                    5                   -1                    0
                   13                   18                   -1                    0
                   14                   18                    1                    0
                    8                    5                   -1                    0
                   15                   18                    1                    0
                    8                    6                    0                    1
                   16                   18                    1                    0
                   17                   18                    1                    0
                    8                    5                    0                   -1
                    8                    4                    0                   -1
                   16                   18                   -1                    0
                    9                    4                    1                    0
                    9                    5                    0                    1
                   10                    5                    1                    0
                   15                   18                   -1                    0
                   11                    5                    1                    0
                   10                    5                   -1                    0
                   14                   18                   -1                    0
                   15                   18                    1                    0
                   10                    4                    0                   -1
                   15                   19                    0                    1
                   15                   18                    0                   -1
                    9                    4                   -1                    0
                   15                   17                    0                   -1
                    8                    4                   -1                    0
                   15                   18                    0                    1
                    7                    4                   -1                    0
                   15                   19                    0                    1
                    6                    4                   -1                    0
                    6                    3                    0                   -1
                   16                   19                    1                    0
                   16                   18                    0                   -1
                   16                   19                    0                    1
