                    3                    7                   -1                    0
                    5                   11                    1                    0
                    5                   12                    0                    1
                    5                   13                    0                    1
                    3                    8                    0                    1
                    3                    9                    0                    1
                    3                    8                    0                   -1
                    4                    8                    1                    0
                    5                    8                    1                    0
                    4                    8                   -1                    0
                    5                   14                    0                    1
                    4                    9                    0                    1
                    5                    9                    1                    0
                    5                    8                    0                   -1
                    6                   14                    1                    0
                    5                    7                    0                   -1
                    5                   14                   -1                    0
                    5                    8                    0                    1
                    5                    7                    0                   -1
                    4                    7                   -1                    0
                    5                   13                    0                   -1
                    4                   13                   -1                    0
                    4                    8                    0                    1
                    5                   13                    1                    0
                    5                   12                    0                   -1
                    5                    8                    1                    0
                    6                    8                    1                    0
                    6                    7                    0                   -1
                    4                   12                   -1                    0
                    6                    6                    0                   -1
                    5                    6                   -1                    0
                    3                   12                   -1                    0
                    5                    7                    0                    1
                    4                   12                    1                    0
                    5                    6                    0                   -1
                    4                   11                    0                   -1
                    5                    5                    0                   -1
                    5                    6                    0                    1
                    5                    5                    0                   -1
                    5                    6                    0                    1
                    4                   10                    0                   -1
                    4                    6                   -1                    0
                    4                    5                    0                   -1
                    4                    6                    0                    1
                    3                   10                   -1                    0
                    3                    9                    0                   -1
                    2                    9                   -1                    0
                    5                    6                    1                    0
                    2                    8                    0                   -1
                    6                    6                    1                    0
                    5                    6                   -1                    0
                    4                    6                   -1                    0
                    2                    7                    0                   -1
                    3                    6                   -1                    0
                    2                    8                    0                    1
                    3                    5                    0                   -1
                    2                    7                    0                   -1
                    1                    7                   -1                    0
                    4                    5                    1                    0
                    4                    6                    0                    1
                    4                    5                    0                   -1
                    4                    6                    0                    1
                    5                    6                    1                    0
                    5                    5                    0                   -1
                   20                    7                    0                    0
                   19                    7                   -1                    0
                   19                    8                    0                    1
                   19                    9                    0                    1
                    5                    4                    0                   -1
                   20                    9                    1                    0
                    6                    4                    1                    0
                   20                    8                    0                   -1
                   20                    9                    0                    1
                   19                    9                   -1                    0
                   18                    9                   -1                    0
                    7                    4                    1                    0
                   18                   10                    0                    1
                    6                    4                   -1                    0
                   19                   10                    1                    0
                   18                   10                   -1                    0
                   17                   10                   -1                    0
                    7                    4                    1                    0
                    6                    4                   -1                    0
                   16                   10                   -1                    0
                    5                    4                   -1                    0
                    6                    4                    1                    0
                   16                   11                    0                    1
                   17                   11                    1                    0
                    5                    4                   -1                    0
                    5                    5                    0                    1
                   17                   10                    0                   -1
                    4                    5                   -1                    0
                    3                    5                   -1                    0
                    3                    4                    0                   -1
                    4                    4                    1                    0
                    3                    4                   -1                    0
                    3                    3                    0                   -1
                    3                    2                    0                   -1
                    4                    2                    1                    0
                    4                    3                    0                    1
                    3                    3                   -1                    0
                    3                    4                    0                    1
                    2                    4                   -1                    0
                   17                    9                    0                   -1
                    2                    3                    0                   -1
                   18                    9                    1                    0
                    2                    4                    0                    1
                    1                    4                   -1                    0
                    1                    5                    0                    1
                   18                   10                    0                    1
                   17                   10                   -1                    0
                   16                   10                   -1                    0
                   20                    5                    0                    0
                   17                   10                    1                    0
                    1                    5                    0                    0
                   16                   10                   -1                    0
                   16                   11                    0                    1
                   15                   11                   -1                    0
                   15                   12                    0                    1
                   20                    5                    0                    0
                   16                   12                    1                    0
                    1                    5                    0                    0
                    1                    6                    0                    1
                   17                   12                    1                    0
                    2                    6                    1                    0
                   17                   11                    0                   -1
                    1                    6                   -1                    0
                    1                    7                    0                    1
                   17                   10                    0                   -1
                   16                   10                   -1                    0
                   17                   10                    1                    0
                    1                    8                    0                    1
                    1                    7                    0                   -1
                    2                    7                    1                    0
                    1                    7                   -1                    0
                   17                    9                    0                   -1
                    2                    7                    1                    0
                   17                   10                    0                    1
                   18                   10                    1                    0
                    2                    6                    0                   -1
                    3                    6                    1                    0
                   18                   11                    0                    1
                    3                    7                    0                    1
                   18                   12                    0                    1
                    2                    7                   -1                    0
                   19                   12                    1                    0
                    2                    6                    0                   -1
                    1                    6                   -1                    0
                    1                    7                    0                    1
                   19                   11                    0                   -1
                   18                   11                   -1                    0
                   20                    7                    0                    0
                   19                    7                   -1                    0
                   17                   11                   -1                    0
                   20                    7                    1                    0
                   19                    7                   -1                    0
                   18                   11                    1                    0
                   18                    7                   -1                    0
                   19                    7                    1                    0
                   18                   12                    0                    1
                   19                   12                    1                    0
                   19                   11                    0                   -1
                   18                   11                   -1                    0
                   18                    7                   -1                    0
                   17                   11                   -1                    0
                   17                   10                    0                   -1
                   18                    8                    0                    1
                   19                    8                    1                    0
                   18                   10                    1                    0
                   19                    9                    0                    1
                   19                   10                    0                    1
                   18                    9                    0                   -1
                   17                    9                   -1                    0
                   19                   11                    0                    1
                   19                   12                    0                    1
                   19                   13                    0                    1
                   19                   12                    0                   -1
                   19                   11                    0                   -1
                   16                    9                   -1                    0
                   15                    9                   -1                    0
                   15                   10                    0                    1
                   19                   12                    0                    1
                   20                   12                    1                    0
                   20                   13                    0                    1
                   20                   14                    0                    1
                   20                   15                    0                    1
                   16                   10                    1                    0
                   19                   15                   -1                    0
                   15                   10                   -1                    0
                   15                   11                    0                    1
                   19                   14                    0                   -1
                   19                   15                    0                    1
                   19                   16                    0                    1
                   19                   15                    0                   -1
                   14                   11                   -1                    0
                   19                   16                    0                    1
                   19                   15                    0                   -1
                   15                   11                    1                    0
                   15                   12                    0                    1
                   18                   15                   -1                    0
