                    1                    1                    0                    0
                    1                   20                    0                    0
                    2                   20                    1                    0
                    2                   19                    0                   -1
                    6                   12                   -1                    0
                    6                   11                    0                   -1
                    2                   20                    0                    1
                    6                   10                    0                   -1
                    6                    9                    0                   -1
                    6                   10                    0                    1
                    3                   20                    1                    0
                    3                    1                    0                    0
                    3                   20                    0                    0
                    6                    9                    0                   -1
                    2                   20                   -1                    0
                    1                   20                   -1                    0
                   20                   20                    0                    0
                    6                   10                    0                    1
                    6                   11                    0                    1
                    6                   12                    0                    1
                    1                   20                    0                    0
                    1                   19                    0                   -1
                    7                   12                    1                    0
                    8                   12                    1                    0
                    1                   20                    0                    1
                    7                   12                   -1                    0
                    2                   20                    1                    0
                    1                   20                   -1                    0
                   20                   20                    0                    0
                    7                   13                    0                    1
                    1                   20                    0                    0
                    7                   12                    0                   -1
                    8                   12                    1                    0
                    7                   12                   -1                    0
                    7                   13                    0                    1
                    7                   14                    0                    1
                    7                   13                    0                   -1
                   20                   20                    0                    0
                    1                   20                    0                    0
                    7                   12                    0                   -1
                    1                    1                    0                    0
                    7                   11                    0                   -1
                    7                   10                    0                   -1
                    1                   20                    0                    0
                    6                   10                   -1                    0
                    6                   11                    0                    1
                    1                    1                    0                    0
                   20                    1                    0                    0
                    7                   11                    1                    0
                    6                   11                   -1                    0
                    5                   11                   -1                    0
                    1                    1                    0                    0
                    1                   20                    0                    0
                    6                   11                    1                    0
                   20                   20                    0                    0
                    1                   20                    0                    0
                    7                   11                    1                    0
                    7                   12                    0                    1
                    8                   12                    1                    0
                    8                   13                    0                    1
                    8                   12                    0                   -1
                    1                   19                    0                   -1
                    1                   20                    0                    1
                    8                   11                    0                   -1
                    8                   12                    0                    1
                    7                   12                   -1                    0
                    8                   12                    1                    0
