                   13                   15                   -1                    0
                    4                    3                   -1                    0
                    3                    3                   -1                    0
                   13                   16                    0                    1
                    3                    2                    0                   -1
                    3                    1                    0                   -1
                    4                    1                    1                    0
                   14                   16                    1                    0
                    4                   20                    0                    0
                   13                   16                   -1                    0
                    5                   20                    1                    0
                   12                   16                   -1                    0
                    6                   20                    1                    0
                   12                   17                    0                    1
                    6                   19                    0                   -1
                   12                   16                    0                   -1
                   11                   16                   -1                    0
                    6                   18                    0                   -1
                   12                   16                    1                    0
                   12                   17                    0                    1
                   12                   16                    0                   -1
                    6                   17                    0                   -1
                    6                   16                    0                   -1
                    6                   17                    0                    1
                   11                   16                   -1                    0
                    7                   17                    1                    0
                    8                   17                    1                    0
                   10                   16                   -1                    0
                    9                   17                    1                    0
                   10                   17                    0                    1
                   10                   18                    0                    1
                    9                   18                    0                    1
                   10                   19                    0                    1
                   10                   20                    0                    1
                    9                   19                    0                    1
                   10                   19                    0                   -1
                    9                   18                    0                   -1
                    8                   18                   -1                    0
                    9                   19                   -1                    0
                    8                   19                   -1                    0
                    9                   18                    1                    0
                    9                   17                    0                   -1
                    8                   17                   -1                    0
                    9                   19                    1                    0
                    9                   18                    0                   -1
                    8                   16                    0                   -1
                    9                   19                    0                    1
                    8                   19                   -1                    0
                    7                   19                   -1                    0
                    8                   17                    0                    1
                    8                   19                    1                    0
                    7                   19                   -1                    0
                    8                   19                    1                    0
                    8                   18                    0                   -1
                    8                   18                    0                    1
                    8                   19                    0                    1
                    7                   18                   -1                    0
                    6                   18                   -1                    0
                    5                   18                   -1                    0
                    8                   18                    0                   -1
                    5                   19                    0                    1
                    5                   18                    0                   -1
                    9                   18                    1                    0
                    8                   18                   -1                    0
                    7                   18                   -1                    0
                    6                   18                   -1                    0
                    6                   18                    1                    0
                    6                   17                    0                   -1
                    5                   17                   -1                    0
                    5                   16                    0                   -1
                    5                   15                    0                   -1
                    6                   17                    0                   -1
                    5                   17                   -1                    0
                    4                   17                   -1                    0
                    5                   17                    1                    0
                    4                   17                   -1                    0
                    5                   17                    1                    0
                    5                   16                    0                    1
                    6                   16                    1                    0
                    6                   17                    1                    0
                    5                   16                   -1                    0
                    4                   16                   -1                    0
                    6                   18                    0                    1
                    7                   18                    1                    0
                    3                   16                   -1                    0
                    2                   16                   -1                    0
                    2                   17                    0                    1
                    3                   17                    1                    0
                    7                   17                    0                   -1
                    7                   16                    0                   -1
                    7                   15                    0                   -1
                    3                   16                    0                   -1
                    8                   15                    1                    0
                    9                   15                    1                    0
                    2                   16                   -1                    0
                    8                   15                   -1                    0
                    1                   16                   -1                    0
                    8                   16                    0                    1
                    8                   17                    0                    1
                    7                   17                   -1                    0
                    2                   16                    1                    0
                    2                   17                    0                    1
                    6                   17                   -1                    0
                    3                   17                    1                    0
                    5                   17                   -1                    0
                    2                   17                   -1                    0
                    2                   16                    0                   -1
                    3                   16                    1                    0
                    4                   17                   -1                    0
                    3                   17                    0                    1
                    3                   16                    0                   -1
                    3                   17                   -1                    0
                    2                   16                   -1                    0
                    2                   15                    0                   -1
                    2                   17                   -1                    0
                    2                   18                    0                    1
                    1                   15                   -1                    0
                   20                   15                    0                    0
                   19                   15                   -1                    0
                   20                   15                    1                    0
                    1                   15                    0                    0
                    2                   15                    1                    0
                    1                   15                   -1                    0
                   20                   15                    0                    0
                   19                   15                   -1                    0
                    2                   19                    0                    1
                   19                   14                    0                   -1
                    1                   19                   -1                    0
                   18                   14                   -1                    0
                   17                   14                   -1                    0
                    1                   20                    0                    1
                    1                   19                    0                   -1
                    1                   20                    0                    1
                    2                   20                    1                    0
                    2                   19                    0                   -1
                    1                   19                   -1                    0
                   16                   14                   -1                    0
                    1                   18                    0                   -1
                   16                   15                    0                    1
                    1                   19                    0                    1
                   20                   19                    0                    0
                   19                   19                   -1                    0
                   18                   19                   -1                    0
                   16                   14                    0                   -1
                   18                   18                    0                   -1
                   15                   14                   -1                    0
                   18                   19                    0                    1
                   16                   14                    1                    0
                   16                   15                    0                    1
                   18                   20                    0                    1
                   18                    1                    0                    0
                   16                   14                    0                   -1
                   18                   20                    0                    0
                   18                    1                    0                    0
                   18                    2                    0                    1
                   16                   15                    0                    1
                   17                    2                   -1                    0
                   17                   15                    1                    0
                   17                   14                    0                   -1
                   17                   13                    0                   -1
                   17                   12                    0                   -1
                   17                   11                    0                   -1
                   17                   10                    0                   -1
                   18                   10                    1                    0
                   16                    2                   -1                    0
                   17                   10                   -1                    0
                   17                   11                    0                    1
                   16                   11                   -1                    0
                   17                   11                    1                    0
                   17                   12                    0                    1
                   16                    1                    0                   -1
                   17                   11                    0                   -1
                   16                   20                    0                    0
                   17                   20                    1                    0
                   17                   12                    0                    1
                   16                   12                   -1                    0
                   18                   20                    1                    0
                   17                   12                    1                    0
                   19                   20                    1                    0
                   18                   12                    1                    0
                   19                   12                    1                    0
                   18                   12                   -1                    0
                   18                   11                    0                   -1
                   18                   10                    0                   -1
                   18                    9                    0                   -1
                   17                    9                   -1                    0
                   19                    1                    0                    0
                   18                    9                    1                    0
                   17                    9                   -1                    0
                   18                    9                    1                    0
                   18                    1                   -1                    0
                   18                    2                    0                    1
                   19                    2                    1                    0
                   17                    9                   -1                    0
                   20                    2                    1                    0
                    1                    2                    0                    0
                   16                    9                   -1                    0
                   20                    2                    0                    0
