                    7                    4                    1                    0
                   12                   10                    1                    0
                   12                    9                    0                   -1
                   13                    9                    1                    0
                   13                    8                    0                   -1
                    7                    5                    0                    1
                   12                    8                   -1                    0
                   12                    7                    0                   -1
                   12                    8                    0                    1
                    8                    5                    1                    0
                   12                    7                    0                   -1
                   11                    7                   -1                    0
                   10                    7                   -1                    0
                   10                    8                    0                    1
                    8                    6                    0                    1
                   10                    7                    0                   -1
                    8                    5                    0                   -1
                    8                    4                    0                   -1
                   10                    6                    0                   -1
                    8                    5                    0                    1
                    7                    5                   -1                    0
                    7                    6                    0                    1
                    7                    5                    0                   -1
                   11                    6                    1                    0
                    8                    5                    1                    0
                    8                    4                    0                   -1
                   11                    7                    0                    1
                    7                    4                   -1                    0
                   10                    7                   -1                    0
                    7                    3                    0                   -1
                    9                    7                   -1                    0
                    6                    3                   -1                    0
                    7                    3                    1                    0
                   10                    7                    1                    0
                   11                    7                    1                    0
                   10                    7                   -1                    0
                    7                    4                    0                    1
                    8                    4                    1                    0
                    9                    7                   -1                    0
                    9                    4                    1                    0
                    8                    7                   -1                    0
                    8                    6                    0                   -1
                    7                    6                   -1                    0
                    9                    5                    0                    1
                   10                    5                    1                    0
                    7                    5                    0                   -1
                   10                    4                    0                   -1
                    9                    4                   -1                    0
                    6                    5                   -1                    0
                    9                    3                    0                   -1
                    7                    5                    1                    0
                    7                    4                    0                   -1
                    7                    3                    0                   -1
                    9                    4                    0                    1
                    7                    4                    0                    1
                    6                    4                   -1                    0
                    5                    4                   -1                    0
                   10                    4                    1                    0
                    5                    3                    0                   -1
                    4                    3                   -1                    0
                   10                    5                    0                    1
                    5                    3                    1                    0
                   10                    4                    0                   -1
                    4                    3                   -1                    0
                    9                    4                   -1                    0
                    4                    4                    0                    1
                    5                    4                    1                    0
                    6                    4                    1                    0
                    7                    4                    1                    0
                    8                    4                   -1                    0
                    8                    5                    0                    1
                    7                    5                    0                    1
                    7                    4                    0                   -1
                    8                    6                    0                    1
                    8                    5                    0                   -1
                    8                    6                    0                    1
                    8                    7                    0                    1
                    6                    4                   -1                    0
                    6                    3                    0                   -1
                    7                    3                    1                    0
                    9                    7                    1                    0
                    9                    8                    0                    1
                    9                    9                    0                    1
                   10                    9                    1                    0
                    7                    4                    0                    1
                   11                    9                    1                    0
                   10                    9                   -1                    0
                    8                    4                    1                    0
                    7                    4                   -1                    0
                   11                    9                    1                    0
                    7                    3                    0                   -1
                    8                    3                    1                    0
                    8                    2                    0                   -1
                   11                    8                    0                   -1
                   12                    8                    1                    0
                   11                    8                   -1                    0
                   11                    7                    0                   -1
                   11                    8                    0                    1
                   12                    8                    1                    0
                   13                    8                    1                    0
                   12                    8                   -1                    0
                   12                    7                    0                   -1
                   13                    7                    1                    0
                   14                    7                    1                    0
                   13                    7                   -1                    0
                    8                    3                    0                    1
                    8                    4                    0                    1
                    9                    4                    1                    0
                   14                    7                    1                    0
                   13                    7                   -1                    0
                   13                    6                    0                   -1
                    9                    3                    0                   -1
                    8                    3                   -1                    0
                   14                    6                    1                    0
                    8                    4                    0                    1
                    8                    5                    0                    1
                    9                    5                    1                    0
                   13                    6                   -1                    0
                   10                    5                    1                    0
                   13                    5                    0                   -1
                   10                    6                    0                    1
                   12                    5                   -1                    0
                   11                    6                    1                    0
                   12                    6                    1                    0
                   12                    6                    0                    1
                   12                    5                    0                   -1
                   12                    6                    0                    1
                   20                   17                    0                    1
                   20                   16                    0                   -1
                   12                    8                    0                   -1
                   11                    9                   -1                    0
                   11                    8                    0                   -1
                   11                    7                    0                   -1
                   12                    9                    0                    1
                   11                    9                   -1                    0
                   12                    9                    1                    0
                   11                    8                    0                    1
                   12                   10                    0                    1
                   13                   10                    1                    0
                   11                    9                    0                    1
                   13                    9                    0                   -1
                   12                    9                    1                    0
                   12                    8                    0                   -1
                   12                    7                    0                   -1
                   13                   10                    0                    1
                   12                    6                    0                   -1
                   14                   10                    1                    0
                   11                    6                   -1                    0
                   12                    6                    1                    0
                   12                    7                    0                    1
                   12                    8                    0                    1
                   11                    8                   -1                    0
                   11                    7                    0                   -1
                   13                   10                   -1                    0
                   10                    7                   -1                    0
                   10                    8                    0                    1
                   10                    9                    0                    1
                   12                   10                   -1                    0
                   12                   11                    0                    1
                   12                   12                    0                    1
                   12                   13                    0                    1
                   10                   10                    0                    1
                    9                   10                   -1                    0
                    8                   10                   -1                    0
                   11                   13                   -1                    0
                    7                   10                   -1                    0
                    8                   10                    1                    0
                    8                    9                    0                   -1
                    8                    8                    0                   -1
                    9                    8                    1                    0
                    8                    8                   -1                    0
                    9                    8                    1                    0
                   10                   13                   -1                    0
                    8                    8                   -1                    0
                    9                    8                    1                    0
                   10                   14                    0                    1
                    9                   14                   -1                    0
                    9                    7                    0                   -1
                    8                   14                   -1                    0
                    9                   14                    1                    0
                    8                    7                   -1                    0
                    9                    7                    1                    0
                    9                    8                    0                    1
                    9                    7                    0                   -1
                   10                   14                    1                    0
                    8                    7                   -1                    0
                    9                   14                   -1                    0
                    9                   15                    0                    1
                    9                   16                    0                    1
                    8                    8                    0                    1
                    8                    7                    0                   -1
                   10                   16                    1                    0
                   10                   17                    0                    1
                    8                    6                    0                   -1
                   10                   18                    0                    1
                    8                    5                    0                   -1
                    9                   18                   -1                    0
                    9                    5                    1                    0
                    8                   18                   -1                    0
                    9                   18                    1                    0
