                    1                    5                    1                    0
                    1                    6                    1                    0
                    1                    6                    0                    1
                    1                    7                    0                    1
                    1                    8                    1                    0
                    1                   13                    0                    1
                    1                   14                    1                    0
                    1                   14                    0                    1
                    1                   15                    0                    1
                    1                   16                    0                    1
                    1                   17                    1                    0
                    2                    3                    1                    0
                    2                    3                    0                    1
                    2                    4                    1                    0
                    2                    5                    0                    1
                    2                    8                    0                    1
                    2                    9                    1                    0
                    2                   10                    1                    0
                    2                   14                    1                    0
                    2                   15                    1                    0
                    2                   15                    0                    1
                    2                   16                    0                    1
                    3                    3                    0                    1
                    3                    9                    0                    1
                    3                   14                    0                    1
                    7                   12                    1                    0
                    7                   12                    0                    1
                    7                   13                    1                    0
                    8                   12                    0                    1
                    8                   18                    1                    0
                    8                   18                    0                    1
                    8                   19                    1                    0
                    9                    1                    0                    1
                    9                    2                    0                    1
                    9                    3                    0                    1
                    9                    4                    0                    1
                    9                    5                    0                    1
                    9                    6                    0                    1
                    9                    7                    0                    1
                    9                    8                    1                    0
                    9                   14                    1                    0
                    9                   14                    0                    1
                    9                   15                    1                    0
                    9                   18                    1                    0
                    9                   19                    0                    1
                    9                   20                    0                    1
                   10                    1                    1                    0
                   10                    8                    1                    0
                   10                   14                    1                    0
                   10                   15                    1                    0
                   10                   18                    0                    1
                   10                   19                    1                    0
                   10                   20                    1                    0
                   10                   20                    0                    1
                   11                    3                    1                    0
                   11                    3                    0                    1
                   11                    4                    1                    0
                   11                    5                    1                    0
                   11                    5                    0                    1
                   11                    6                    1                    0
                   11                    7                    1                    0
                   11                    7                    0                    1
                   11                   13                    1                    0
                   11                   13                    0                    1
                   11                   15                    0                    1
                   11                   16                    0                    1
                   11                   17                    1                    0
                   11                   19                    1                    0
                   11                   20                    0                    1
                   12                    3                    1                    0
                   12                    4                    0                    1
                   12                    5                    1                    0
                   12                    5                    0                    1
                   12                    7                    1                    0
                   12                   12                    1                    0
                   12                   12                    0                    1
                   12                   17                    1                    0
                   12                   18                    1                    0
                   12                   18                    0                    1
                   13                    3                    1                    0
                   13                    5                    1                    0
                   13                    7                    1                    0
                   13                    9                    1                    0
                   13                    9                    0                    1
                   13                   10                    1                    0
                   13                   12                    1                    0
                   13                   17                    0                    1
                   14                    3                    0                    1
                   14                    4                    1                    0
                   14                    5                    1                    0
                   14                    9                    0                    1
                   14                   10                    1                    0
                   14                   10                    0                    1
                   14                   11                    0                    1
                   15                    4                    0                    1
                   15                   10                    0                    1
                   15                   11                    1                    0
                   16                    6                    1                    0
                   16                    6                    0                    1
                   16                    7                    1                    0
                   16                   11                    1                    0
                   17                    1                    1                    0
                   17                    2                    1                    0
                   17                    2                    0                    1
                   17                    3                    1                    0
                   17                    6                    0                    1
                   17                    9                    1                    0
                   17                    9                    0                    1
                   17                   10                    0                    1
                   17                   19                    1                    0
                   17                   19                    0                    1
                   17                   20                    0                    1
                   18                    1                    0                    1
                   18                    2                    1                    0
                   18                    2                    0                    1
                   18                    9                    1                    0
                   18                   11                    1                    0
                   18                   11                    0                    1
                   18                   12                    0                    1
                   18                   13                    1                    0
                   18                   18                    1                    0
                   18                   18                    0                    1
                   19                    2                    1                    0
                   19                    5                    1                    0
                   19                    5                    0                    1
                   19                    6                    1                    0
                   19                    9                    0                    1
                   19                   10                    0                    1
                   19                   12                    1                    0
                   19                   12                    0                    1
                   19                   16                    1                    0
                   19                   16                    0                    1
                   19                   17                    0                    1
                   20                    5                    1                    0
                   20                    5                    0                    1
                   20                   12                    0                    1
                   20                   13                    1                    0
                   20                   14                    1                    0
                   20                   14                    0                    1
                   20                   15                    0                    1
                    2                   10
                   20                    5
