                    6                    2                    1                    0
                    7                    2                    1                    0
                    7                   15                    0                    1
                    8                    2                    1                    0
                    8                    3                    1                    0
                    8                    3                    0                    1
                    8                    4                    1                    0
                    8                    7                    1                    0
                    8                    7                    0                    1
                    8                    8                    1                    0
                    9                    2                    0                    1
                    9                    7                    0                    1
                   11                    9                    1                    0
                   11                    9                    0                    1
                   11                   10                    1                    0
                   12                    9                    0                    1
                   15                   17                    1                    0
                   15                   17                    0                    1
                   15                   18                    1                    0
                   16                   17                    0                    1
                   17                    6                    1                    0
                   17                    6                    0                    1
                   17                    7                    1                    0
                   18                    6                    0                    1
                   19                   19                    1                    0
                   19                   19                    0                    1
                   19                   20                    1                    0
                   20                   19                    0                    1
                    7                   15
                    6                    2
