                    1                   14                    0                    1
                    2                   17                    1                    0
                    2                   17                    0                    1
                    2                   18                    1                    0
                    3                    1                    1                    0
                    3                   17                    0                    1
                   11                   19                    1                    0
                   12                   19                    1                    0
                   15                   17                    1                    0
                   15                   17                    0                    1
                   15                   18                    1                    0
                   16                   17                    1                    0
                   16                   18                    1                    0
                   17                   17                    0                    1
                   18                   18                    1                    0
                   18                   18                    0                    1
                   18                   19                    0                    1
                   18                   20                    1                    0
                   19                   18                    0                    1
                   19                   19                    0                    1
                   20                   14                    1                    0
                   20                   14                    0                    1
                   20                   15                    1                    0
                   11                   19
                   13                   19
