                    6                   18                    0                    1
                    6                   17                    0                   -1
                   13                    9                    0                    1
                   13                    8                    0                   -1
                   14                    8                    1                    0
                   13                    8                   -1                    0
                   12                    8                   -1                    0
                   11                    8                   -1                    0
                   12                    8                    1                    0
                   13                    8                    1                    0
                    6                   18                    0                    1
                   14                    8                    1                    0
                   15                    8                    1                    0
                    6                   17                    0                   -1
                   15                    7                    0                   -1
                   15                    8                    0                    1
                   14                    8                   -1                    0
                    5                   17                   -1                    0
                   13                    8                   -1                    0
                    4                   17                   -1                    0
                   12                    8                   -1                    0
                    5                   17                    1                    0
                    5                   16                    0                   -1
                   11                    8                   -1                    0
                   12                    8                    1                    0
                    6                   16                    1                    0
                   13                    8                    1                    0
                    5                   16                   -1                    0
                    5                   17                    0                    1
                    6                   17                    1                    0
                   13                    7                    0                   -1
                    7                   17                    1                    0
                    6                   17                   -1                    0
                   13                    8                    0                    1
                    7                   17                    1                    0
                   12                    8                   -1                    0
                    6                   17                   -1                    0
                    7                   17                    1                    0
                    8                   17                    1                    0
                    7                   17                   -1                    0
                    7                   16                    0                   -1
                    8                   16                    1                    0
                    7                   16                   -1                    0
                   12                    9                    0                    1
                   12                    8                    0                   -1
                   12                    7                    0                   -1
                    7                   17                    0                    1
                    7                   16                    0                   -1
                    7                   17                    0                    1
                   12                    8                    0                    1
                   12                    9                    0                    1
                   12                   10                    0                    1
                    6                   17                   -1                    0
                    5                   17                   -1                    0
                    6                   17                    1                    0
                    6                   18                    0                    1
                    6                   19                    0                    1
                    5                   19                   -1                    0
                   12                    9                    0                   -1
                   13                    9                    1                    0
                   13                   10                    0                    1
                    4                   19                   -1                    0
                    3                   19                   -1                    0
                   13                   11                    0                    1
                    4                   19                    1                    0
                   14                   11                    1                    0
                    4                   18                    0                   -1
                   15                   11                    1                    0
                    4                   19                    0                    1
                    4                   18                    0                   -1
                    5                   18                    1                    0
                   16                   11                    1                    0
                   16                   10                    0                   -1
                   16                   11                    0                    1
                    4                   18                   -1                    0
                    4                   19                    0                    1
                    5                   19                    1                    0
                    5                   20                    0                    1
                   17                   11                    1                    0
