                    9                    9                    1                    0
                    9                    9                    0                    1
                   10                    9                    0                    1
                   13                   15                    1                    0
                   13                   15                    0                    1
                   13                   16                    0                    1
                   14                   14                    1                    0
                   14                   14                    0                    1
                   15                   14                    1                    0
                   16                   14                    0                    1
                   16                   15                    0                    1
                   16                   16                    0                    1
                   13                   17
                    9                   10
