                    6                   16                    0                    1
                    3                   10                    1                    0
                    7                   16                    1                    0
                    6                   16                   -1                    0
                    4                   10                    1                    0
                    5                   16                   -1                    0
                    4                   16                   -1                    0
                    4                   17                    0                    1
                    4                    9                    0                   -1
                    3                   17                   -1                    0
                    2                   17                   -1                    0
                    3                   17                    1                    0
                    2                   17                   -1                    0
                    4                   10                    0                    1
                    4                   11                    0                    1
                    4                   10                    0                   -1
                    3                   10                   -1                    0
                    4                   10                    1                    0
                    5                   10                    1                    0
                    6                   10                    1                    0
                    3                   17                    1                    0
                    3                   16                    0                   -1
                    7                   10                    1                    0
                    6                   10                   -1                    0
                    6                    9                    0                   -1
                    3                   17                    0                    1
                    6                   10                    0                    1
                    5                   10                   -1                    0
                    6                   10                    1                    0
                    4                   17                    1                    0
                    5                   10                   -1                    0
                    4                   10                   -1                    0
                    3                   17                   -1                    0
                    4                   11                    0                    1
                    3                   11                   -1                    0
                    3                   10                    0                   -1
                    4                   17                    1                    0
                    4                   16                    0                   -1
                    3                   11                    0                    1
                    4                   11                    1                    0
                    3                   16                   -1                    0
                    4                   10                    0                   -1
                    3                   15                    0                   -1
                    3                   10                   -1                    0
                    4                   10                    1                    0
                    3                   14                    0                   -1
                    3                   13                    0                   -1
                    4                   13                    1                    0
                    4                   14                    0                    1
                    3                   10                   -1                    0
                    4                   13                    0                   -1
                    2                   10                   -1                    0
                    4                   12                    0                   -1
                    2                   11                    0                    1
                    3                   12                   -1                    0
                    2                   12                    0                    1
                    2                   13                    0                    1
                    2                   12                    0                   -1
                    3                   11                    0                   -1
                    3                   10                    0                   -1
                    2                   13                    0                    1
                    1                   13                   -1                    0
                    1                   14                    0                    1
                    2                   14                    1                    0
                    1                   14                   -1                    0
                    1                   13                    0                   -1
                    1                   14                    0                    1
                    3                    9                    0                   -1
                    2                    9                   -1                    0
                    1                   13                    0                   -1
                    2                   10                    0                    1
                    2                    9                    0                   -1
                    3                    9                    1                    0
                    3                   10                    0                    1
                    2                   13                    1                    0
                    3                   11                    0                    1
                    2                   12                    0                   -1
                    4                   11                    1                    0
                    4                   12                    0                    1
                    5                   12                    1                    0
                    2                   13                    0                    1
                    5                   13                    0                    1
                    4                   13                   -1                    0
                    4                   12                    0                   -1
                    5                   12                    1                    0
                    5                   13                    0                    1
                    2                   14                    0                    1
                    2                   15                    0                    1
                    1                   15                   -1                    0
                    2                   15                    1                    0
                    6                   13                    1                    0
                    6                   12                    0                   -1
                    7                   12                    1                    0
                    2                   14                    0                   -1
                    6                   12                   -1                    0
                    6                   13                    0                    1
                    6                   12                    0                   -1
                    7                   12                    1                    0
                    7                   11                    0                   -1
                    7                   10                    0                   -1
                    3                   14                    1                    0
                    2                   14                   -1                    0
                    1                   14                   -1                    0
                    1                   13                    0                   -1
                    1                   12                    0                   -1
                    2                   12                    1                    0
                    6                   10                   -1                    0
                    1                   12                   -1                    0
                    1                   13                    0                    1
                    1                   12                    0                   -1
                    7                   10                    1                    0
                    1                   13                    0                    1
                    7                    9                    0                   -1
                    1                   14                    0                    1
                    7                    8                    0                   -1
                    6                    8                   -1                    0
                    2                   14                    1                    0
                    7                    8                    1                    0
                    2                   13                    0                   -1
                    8                    8                    1                    0
                    2                   14                    0                    1
                    7                    8                   -1                    0
                    1                   14                   -1                    0
                    2                   14                    1                    0
                    6                    8                   -1                    0
                    6                    9                    0                    1
