                    3                   19                    1                    0
                    3                   19                    0                    1
                    3                   20                    1                    0
                    4                   19                    0                    1
                    6                    3                    1                    0
                    6                    3                    0                    1
                    6                    4                    1                    0
                    7                    3                    0                    1
                    8                   18                    1                    0
                    8                   18                    0                    1
                    8                   19                    1                    0
                    9                   18                    0                    1
                   11                    7                    1                    0
                   11                    7                    0                    1
                   11                    8                    1                    0
                   12                    3                    0                    1
                   12                    7                    0                    1
                   12                   13                    1                    0
                   12                   13                    0                    1
                   12                   14                    0                    1
                   12                   15                    0                    1
                   12                   16                    0                    1
                   12                   17                    0                    1
                   12                   18                    1                    0
                   12                   19                    1                    0
                   12                   19                    0                    1
                   12                   20                    1                    0
                   13                   13                    1                    0
                   13                   18                    0                    1
                   13                   20                    1                    0
                   14                   13                    1                    0
                   14                   20                    1                    0
                   15                   13                    0                    1
                   15                   14                    1                    0
                   16                    1                    1                    0
                   16                   13                    0                    1
                   16                   20                    1                    0
                   16                   20                    0                    1
                   17                   20                    0                    1
                   12                    3
                   16                   13
