                    6                    5                    0                    1
                    6                    4                    0                   -1
                    2                    7                    0                    1
                    6                    3                    0                   -1
                    5                    3                   -1                    0
                    3                    7                    1                    0
                    3                    6                    0                   -1
                    3                    7                    0                    1
                    5                    4                    0                    1
                    6                    4                    1                    0
                    5                    4                   -1                    0
                    5                    3                    0                   -1
                    2                    7                   -1                    0
                    6                    3                    1                    0
                    2                    6                    0                   -1
                    6                    2                    0                   -1
                    6                    1                    0                   -1
                    6                    2                    0                    1
                    7                    2                    1                    0
                    6                    2                   -1                    0
                    7                    2                    1                    0
                    3                    6                    1                    0
                    3                    5                    0                   -1
                    7                    3                    0                    1
                    8                    3                    1                    0
                    7                    3                   -1                    0
                    3                    6                    0                    1
                    2                    6                   -1                    0
                    7                    2                    0                   -1
                    1                    6                   -1                    0
                    7                    3                    0                    1
                    6                    3                   -1                    0
                   20                    6                    0                    0
                    7                    3                    1                    0
                   19                    6                   -1                    0
                   20                    6                    1                    0
                    7                    2                    0                   -1
                    8                    2                    1                    0
                    7                    2                   -1                    0
                   20                    7                    0                    1
                   20                    8                    0                    1
                   20                    7                    0                   -1
                   20                    6                    0                   -1
                    1                    6                    0                    0
                    6                    2                   -1                    0
                    7                    2                    1                    0
                    7                    3                    0                    1
                   20                    6                    0                    0
                    8                    3                    1                    0
                    1                    6                    0                    0
                    2                    6                    1                    0
                    7                    3                   -1                    0
                    1                    6                   -1                    0
                    8                    3                    1                    0
                    9                    3                    1                    0
                   20                    6                    0                    0
                   19                    6                   -1                    0
                    8                    3                   -1                    0
                   20                    6                    1                    0
                    1                    6                    0                    0
                   20                    6                    0                    0
                    1                    6                    0                    0
                    7                    3                   -1                    0
                    7                    2                    0                   -1
                    2                    6                    1                    0
                    7                    1                    0                   -1
                    7                   20                    0                    0
                    1                    6                   -1                    0
                    1                    5                    0                   -1
                    1                    6                    0                    1
                    1                    5                    0                   -1
                    1                    6                    0                    1
                    2                    6                    1                    0
                    8                   20                    1                    0
                    1                    6                   -1                    0
                    8                   19                    0                   -1
                   20                    6                    0                    0
                   20                    7                    0                    1
