                   12                    9                    0                   -1
                   11                    9                   -1                    0
                   14                   12                    0                    1
                   14                   13                    0                    1
                   15                   13                    1                    0
                   14                   13                   -1                    0
                   13                   13                   -1                    0
                   14                   13                    1                    0
                   10                    9                   -1                    0
                   10                    8                    0                   -1
                   13                   13                   -1                    0
                   14                   13                    1                    0
                   10                    9                    0                    1
                   14                   12                    0                   -1
                   10                   10                    0                    1
                   10                    9                    0                   -1
                   11                    9                    1                    0
                   11                    8                    0                   -1
                   15                   12                    1                    0
                   14                   12                   -1                    0
                   14                   11                    0                   -1
                   11                    9                    0                    1
                   10                    9                   -1                    0
                   13                   11                   -1                    0
                   14                   11                    1                    0
                   11                    9                    1                    0
                   14                   12                    0                    1
                   14                   11                    0                   -1
                   12                    9                    1                    0
                   12                   10                    0                    1
                   13                   11                   -1                    0
                   12                   11                    0                    1
                   13                   11                    1                    0
                    5                    7                    0                    1
                    5                    5                    0                   -1
                    4                    7                   -1                    0
                    4                    6                    0                   -1
                    4                    5                   -1                    0
                    4                    4                    0                   -1
                    4                    5                    0                    1
                    4                    7                    0                    1
                    4                    4                    0                   -1
                    5                    7                    1                    0
                    6                    7                    1                    0
                    5                    7                   -1                    0
                    3                    4                   -1                    0
                    5                    6                    0                   -1
                    6                    6                    1                    0
                    3                    3                    0                   -1
                    3                    4                    0                    1
                    5                    6                   -1                    0
                    4                    4                    1                    0
                    5                    4                    1                    0
                    6                    6                    1                    0
                    5                    5                    0                    1
                    5                    6                    0                    1
                    4                    6                   -1                    0
                    4                    5                    0                   -1
                    4                    6                    0                    1
                    5                    6                    1                    0
                    7                    6                    1                    0
                    6                    6                   -1                    0
                    5                    5                    0                   -1
                    5                    6                    0                    1
                    6                    6                    1                    0
                    6                   11                    1                    0
                    6                   10                    0                   -1
                    7                   10                    1                    0
                    6                   10                   -1                    0
                    5                   10                   -1                    0
                    4                   11                   -1                    0
                    5                   11                    1                    0
                    5                   10                    0                   -1
                    6                   10                    1                    0
                    5                   10                   -1                    0
                   19                    5                    0                   -1
                   19                    4                    0                   -1
                   19                    7                    0                    1
                   20                    4                    1                    0
                   19                    6                    0                   -1
                   20                    3                    0                   -1
                   20                    4                    0                    1
                   19                    7                    0                    1
                    1                    4                    0                    0
                   20                    7                    1                    0
                   20                    4                    0                    0
                   20                    8                    0                    1
                   20                    9                    0                    1
