                    1                    2                    1                    0
                    1                    2                    0                    1
                    1                    3                    1                    0
                    1                    6                    0                    1
                    1                    7                    0                    1
                    1                   10                    1                    0
                    1                   10                    0                    1
                    1                   11                    1                    0
                    1                   13                    0                    1
                    1                   14                    0                    1
                    1                   15                    0                    1
                    1                   18                    1                    0
                    1                   18                    0                    1
                    1                   19                    1                    0
                    2                    2                    0                    1
                    2                    9                    1                    0
                    2                    9                    0                    1
                    2                   11                    1                    0
                    2                   18                    1                    0
                    2                   19                    0                    1
                    2                   20                    1                    0
                    3                    2                    1                    0
                    3                    2                    0                    1
                    3                    3                    0                    1
                    3                    4                    1                    0
                    3                    8                    1                    0
                    3                    8                    0                    1
                    3                   11                    1                    0
                    3                   16                    1                    0
                    3                   16                    0                    1
                    3                   17                    1                    0
                    3                   18                    1                    0
                    3                   20                    1                    0
                    4                    2                    1                    0
                    4                    3                    1                    0
                    4                    3                    0                    1
                    4                    7                    1                    0
                    4                    7                    0                    1
                    4                   11                    0                    1
                    4                   12                    1                    0
                    4                   14                    1                    0
                    4                   14                    0                    1
                    4                   15                    1                    0
                    4                   16                    0                    1
                    4                   18                    0                    1
                    4                   19                    0                    1
                    5                    1                    1                    0
                    5                    1                    0                    1
                    5                    3                    1                    0
                    5                    6                    1                    0
                    5                    6                    0                    1
                    5                    9                    1                    0
                    5                    9                    0                    1
                    5                   10                    1                    0
                    5                   12                    0                    1
                    5                   13                    0                    1
                    5                   15                    0                    1
                    5                   16                    0                    1
                    5                   17                    0                    1
                    5                   18                    0                    1
                    5                   19                    1                    0
                    6                    1                    0                    1
                    6                    2                    1                    0
                    6                    3                    1                    0
                    6                    6                    0                    1
                    6                    7                    0                    1
                    6                    9                    1                    0
                    6                   10                    1                    0
                    6                   19                    1                    0
                    7                    2                    0                    1
                    7                    9                    1                    0
                    7                   10                    1                    0
                    7                   15                    1                    0
                    7                   15                    0                    1
                    7                   16                    1                    0
                    7                   19                    0                    1
                    7                   20                    1                    0
                    8                    9                    0                    1
                    8                   11                    1                    0
                    8                   11                    0                    1
                    8                   12                    0                    1
                    8                   13                    0                    1
                    8                   14                    0                    1
                    8                   16                    1                    0
                    8                   17                    1                    0
                    8                   17                    0                    1
                    8                   18                    0                    1
                    8                   19                    1                    0
                    8                   20                    1                    0
                    9                    1                    1                    0
                    9                   11                    1                    0
                    9                   14                    1                    0
                    9                   14                    0                    1
                    9                   15                    0                    1
                    9                   17                    0                    1
                    9                   18                    0                    1
                    9                   20                    0                    1
                   10                    1                    0                    1
                   10                    2                    1                    0
                   10                    9                    0                    1
                   10                   10                    0                    1
                   10                   14                    0                    1
                   10                   15                    1                    0
                   11                    2                    1                    0
                   11                   13                    1                    0
                   11                   13                    0                    1
                   11                   14                    0                    1
                   12                    2                    1                    0
                   12                   13                    1                    0
                   13                    1                    1                    0
                   13                    1                    0                    1
                   13                   11                    1                    0
                   13                   11                    0                    1
                   13                   12                    0                    1
                   14                    3                    0                    1
                   14                    4                    1                    0
                   14                   11                    0                    1
                   14                   12                    0                    1
                   14                   13                    1                    0
                   14                   19                    1                    0
                   14                   19                    0                    1
                   14                   20                    0                    1
                   15                   12                    1                    0
                   15                   12                    0                    1
                   15                   19                    0                    1
                   15                   20                    1                    0
                   16                    1                    1                    0
                   16                   12                    1                    0
                   16                   20                    0                    1
                   17                    1                    0                    1
                   17                    2                    0                    1
                   17                    3                    1                    0
                   17                   12                    1                    0
                   18                    3                    0                    1
                   18                    4                    1                    0
                   18                   10                    1                    0
                   18                   10                    0                    1
                   18                   11                    0                    1
                   18                   13                    1                    0
                   18                   13                    0                    1
                   18                   14                    0                    1
                   18                   15                    1                    0
                   19                    4                    0                    1
                   19                    5                    1                    0
                   19                    8                    1                    0
                   19                    8                    0                    1
                   19                    9                    0                    1
                   19                   11                    1                    0
                   19                   11                    0                    1
                   19                   12                    0                    1
                   19                   15                    0                    1
                   19                   16                    0                    1
                   19                   17                    1                    0
                   20                    5                    0                    1
                   20                    6                    1                    0
                   20                    8                    1                    0
                   20                   11                    0                    1
                   20                   12                    0                    1
                   20                   13                    1                    0
                   20                   16                    1                    0
                   20                   16                    0                    1
                   15                    4
                   14                    3
