                    8                   17                    1                    0
                    1                    4                    0                   -1
                    7                   17                   -1                    0
                    1                    5                    0                    1
                   20                    5                    0                    0
                    6                   17                   -1                    0
                   20                    6                    0                    1
                    7                   17                    1                    0
                    7                   18                    0                    1
                   20                    7                    0                    1
                   19                    7                   -1                    0
                   20                    7                    1                    0
                   20                    6                    0                   -1
                    7                   17                    0                   -1
                   20                    5                    0                   -1
                   20                    4                    0                   -1
                    7                   16                    0                   -1
                    7                   17                    0                    1
                   19                    4                   -1                    0
                    7                   18                    0                    1
                    6                   18                   -1                    0
                   18                    4                   -1                    0
                   18                    5                    0                    1
                    5                   18                   -1                    0
                   17                    5                   -1                    0
                   17                    6                    0                    1
                   17                    5                    0                   -1
                    5                   17                    0                   -1
                    5                   18                    0                    1
                   18                    5                    1                    0
                   19                    5                    1                    0
                   19                    4                    0                   -1
                    6                   18                    1                    0
                    6                   19                    0                    1
                   20                    4                    1                    0
                    5                   19                   -1                    0
                    4                   19                   -1                    0
                    5                   19                    1                    0
                   19                    4                   -1                    0
                   19                    5                    0                    1
                   18                    5                   -1                    0
                   18                    4                    0                   -1
                    5                   20                    0                    1
                    5                   19                    0                   -1
                    5                   18                    0                   -1
                    5                   19                    0                    1
                    5                   20                    0                    1
                   17                    4                   -1                    0
                   17                    3                    0                   -1
                   16                    3                   -1                    0
                   15                    3                   -1                    0
                   15                    4                    0                    1
                    5                    1                    0                    0
                   16                    4                    1                    0
                   17                    4                    1                    0
                   17                    3                    0                   -1
                   16                    3                   -1                    0
                   15                    3                   -1                    0
                    5                   20                    0                    0
                   15                    2                    0                   -1
                   14                    2                   -1                    0
                    5                    1                    0                    0
                    4                    1                   -1                    0
                   14                    1                    0                   -1
                    5                    1                    1                    0
                    6                    1                    1                    0
                    5                    1                   -1                    0
                   13                    1                   -1                    0
                   13                    2                    0                    1
                    4                    1                   -1                    0
                   13                    1                    0                   -1
                    4                    2                    0                    1
                    4                    1                    0                   -1
                    5                    1                    1                    0
                    4                    1                   -1                    0
                    3                    1                   -1                    0
                   13                   20                    0                    0
                   14                   20                    1                    0
                    3                    2                    0                    1
                   14                   19                    0                   -1
                    3                    1                    0                   -1
                   14                   18                    0                   -1
                    4                    1                    1                    0
                    4                    2                    0                    1
                    4                    1                    0                   -1
                   14                   17                    0                   -1
                    4                    2                    0                    1
                   15                   17                    1                    0
                   14                   17                   -1                    0
                    5                    2                    1                    0
                   15                   17                    1                    0
                    5                    1                    0                   -1
                   15                   18                    0                    1
                   14                   18                   -1                    0
                    5                   20                    0                    0
                   14                   19                    0                    1
                   14                   20                    0                    1
                    5                    1                    0                    0
                    4                    1                   -1                    0
                   13                   20                   -1                    0
                   13                   19                    0                   -1
                    5                    1                    1                    0
                   14                   19                    1                    0
                   13                   19                   -1                    0
                   13                   20                    0                    1
                   14                   20                    1                    0
                   13                   20                   -1                    0
                   13                   19                    0                   -1
                    4                    1                   -1                    0
                    4                   20                    0                    0
                    5                   20                    1                    0
                   13                   20                    0                    1
                    5                   19                    0                   -1
                   14                   20                    1                    0
                    6                   19                    1                    0
                   14                   19                    0                   -1
                    6                   18                    0                   -1
                    6                   19                    0                    1
                   14                   20                    0                    1
                    6                   20                    0                    1
                    6                   19                    0                   -1
                    6                   18                    0                   -1
                    5                   18                   -1                    0
                   13                   20                   -1                    0
                    5                   17                    0                   -1
                    4                   17                   -1                    0
                   13                    1                    0                    0
                    5                   17                    1                    0
                    6                   17                    1                    0
                    5                   17                   -1                    0
                   14                    1                    1                    0
                   14                   20                    0                    0
                   14                   19                    0                   -1
                    5                   18                    0                    1
                   15                   19                    1                    0
                   14                   19                   -1                    0
