                   19                    9                    0                   -1
                   19                   10                    0                    1
                   18                   10                   -1                    0
                   12                   16                   -1                    0
                   13                   16                    1                    0
                   12                   16                   -1                    0
                   18                    9                    0                   -1
                   19                    9                    1                    0
                   18                    9                   -1                    0
                   12                   15                    0                   -1
                   12                   16                    0                    1
                   11                   16                   -1                    0
                   12                   16                    1                    0
                   18                    8                    0                   -1
                   12                   15                    0                   -1
                   12                   14                    0                   -1
                   13                   14                    1                    0
                   17                    8                   -1                    0
                   12                   14                   -1                    0
                   17                    9                    0                    1
                   16                    9                   -1                    0
                   12                   13                    0                   -1
                   16                    8                    0                   -1
                   16                    9                    0                    1
                   17                    9                    1                    0
                   17                    8                    0                   -1
                   13                   13                    1                    0
                   17                    9                    0                    1
                   12                   13                   -1                    0
                   12                   14                    0                    1
                   18                    9                    1                    0
                   17                    9                   -1                    0
                   18                    9                    1                    0
                   18                   10                    0                    1
                   18                   11                    0                    1
                   18                   10                    0                   -1
                   12                   15                    0                    1
                   18                   11                    0                    1
                   12                   16                    0                    1
                   18                   10                    0                   -1
                   13                   16                    1                    0
                   13                   17                    0                    1
                   13                   18                    0                    1
                   18                    9                    0                   -1
                   18                    8                    0                   -1
                   18                    9                    0                    1
                   17                    9                   -1                    0
                   14                   18                    1                    0
                   17                    8                    0                   -1
                   14                   17                    0                   -1
                   18                    8                    1                    0
                   14                   16                    0                   -1
                   19                    8                    1                    0
                   18                    8                   -1                    0
                   18                    7                    0                   -1
                   14                   17                    0                    1
                   15                   17                    1                    0
                   18                    6                    0                   -1
                   14                   17                   -1                    0
                   19                    6                    1                    0
                   18                    6                   -1                    0
                   18                    5                    0                   -1
                   18                    6                    0                    1
                   18                    7                    0                    1
                   13                   17                   -1                    0
                   13                   18                    0                    1
                   18                    6                    0                   -1
                   14                   18                    1                    0
                   14                   17                    0                   -1
                   13                   17                   -1                    0
                   19                    6                    1                    0
                   13                   16                    0                   -1
                   18                    6                   -1                    0
                   17                    6                   -1                    0
                   17                    5                    0                   -1
                   13                   15                    0                   -1
                   18                    5                    1                    0
                   17                    5                   -1                    0
                   17                    6                    0                    1
                   18                    6                    1                    0
                   18                    7                    0                    1
                   13                   14                    0                   -1
                   19                    7                    1                    0
                   19                    8                    0                    1
                   12                   14                   -1                    0
                   13                   14                    1                    0
                   12                   14                   -1                    0
                   20                    8                    1                    0
                   19                    8                   -1                    0
                   13                   14                    1                    0
                   18                    8                   -1                    0
                   18                    7                    0                   -1
                   18                    8                    0                    1
                   17                    8                   -1                    0
                   13                   15                    0                    1
                   18                    8                    1                    0
                   18                    7                    0                   -1
                   19                    7                    1                    0
                   19                    8                    0                    1
                   18                    8                   -1                    0
                   18                    9                    0                    1
                   17                    9                   -1                    0
                   18                    9                    1                    0
                   13                   16                    0                    1
                   18                   10                    0                    1
                   12                   16                   -1                    0
                   12                   17                    0                    1
                   19                   10                    1                    0
                   12                   16                    0                   -1
                   19                   11                    0                    1
                   13                   16                    1                    0
                   19                   10                    0                   -1
                   18                   10                   -1                    0
                   18                    9                    0                   -1
                   18                   10                    0                    1
                   18                   11                    0                    1
                   19                   11                    1                    0
                   19                   10                    0                   -1
                   13                   15                    0                   -1
                   18                   10                   -1                    0
                   18                   11                    0                    1
                   18                   12                    0                    1
                   14                   15                    1                    0
                   14                   14                    0                   -1
                   14                   15                    0                    1
                   13                   15                   -1                    0
                   14                   15                    1                    0
                   18                   11                    0                   -1
                   19                   11                    1                    0
                   19                   10                    0                   -1
                   14                   14                    0                   -1
