                   12                    1                    0                    0
                   12                   20                    0                    0
                   11                   18                   -1                    0
                   11                   19                    0                    1
                   11                   18                    0                   -1
                   12                   18                    1                    0
                   13                   20                    1                    0
                   12                   20                   -1                    0
                   12                   19                    0                   -1
                   13                   19                    1                    0
                   14                   19                    1                    0
                   12                   17                    0                   -1
                   13                   19                   -1                    0
                   13                   20                    0                    1
                   13                   19                    0                   -1
                   13                   18                    0                   -1
                   12                   18                    0                    1
                   13                   19                    0                    1
                   12                   19                   -1                    0
                   12                   20                    0                    1
                   12                   19                    0                   -1
                   12                   20                    0                    1
                   13                   20                    1                    0
                   14                   20                    1                    0
                   13                   20                   -1                    0
                   11                   18                   -1                    0
                   12                   18                    1                    0
                   13                   18                    1                    0
                   12                   20                   -1                    0
                   12                   18                   -1                    0
                   12                   19                    0                   -1
                   13                   19                    1                    0
                   12                   19                   -1                    0
                   12                   19                    0                    1
                   15                   14                   -1                    0
                   15                   14                   -1                    0
                   14                   14                   -1                    0
                   14                   14                   -1                    0
                   16                   16                   -1                    0
                   16                   15                    0                   -1
                   16                   16                    0                    1
                   16                   16                   -1                    0
                   17                   16                    1                    0
                   17                   16                    1                    0
                   17                    1                   -1                    0
                   17                    1                   -1                    0
                   17                   20                    0                    0
                   16                    1                   -1                    0
                   17                   19                    0                   -1
                   16                   19                   -1                    0
