                    1                   15                    0                    1
                    8                   11                    1                    0
                   16                   14                    1                    0
                   17                   14                    1                    0
                   18                   14                    1                    0
                   19                   14                    0                    1
                   19                   15                    1                    0
                   20                   15                    1                    0
                   16                   14
                    9                   11
