                    1                    6                    1                    0
                    1                    7                    0                    1
                    1                    8                    1                    0
                    1                    8                    0                    1
                    1                    9                    1                    0
                    1                   10                    0                    1
                    1                   11                    1                    0
                    1                   11                    0                    1
                    1                   12                    0                    1
                    1                   13                    1                    0
                    1                   14                    0                    1
                    1                   19                    0                    1
                    1                   20                    0                    1
                    2                    6                    0                    1
                    2                    7                    1                    0
                    2                    8                    1                    0
                    2                    9                    0                    1
                    2                   10                    0                    1
                    2                   13                    0                    1
                    2                   14                    1                    0
                    2                   16                    1                    0
                    2                   16                    0                    1
                    2                   17                    0                    1
                    2                   18                    1                    0
                    3                    2                    1                    0
                    3                    2                    0                    1
                    3                    3                    0                    1
                    3                    4                    1                    0
                    3                    7                    1                    0
                    3                    8                    1                    0
                    3                   11                    1                    0
                    3                   11                    0                    1
                    3                   12                    0                    1
                    3                   13                    0                    1
                    3                   15                    1                    0
                    3                   15                    0                    1
                    3                   16                    1                    0
                    3                   16                    0                    1
                    3                   17                    0                    1
                    4                    1                    1                    0
                    4                    2                    1                    0
                    4                    4                    1                    0
                    4                    7                    1                    0
                    4                    8                    0                    1
                    4                   11                    0                    1
                    4                   12                    1                    0
                    4                   15                    1                    0
                    4                   16                    0                    1
                    4                   17                    0                    1
                    4                   18                    1                    0
                    4                   20                    1                    0
                    4                   20                    0                    1
                    5                    1                    1                    0
                    5                    2                    1                    0
                    5                    4                    1                    0
                    5                    7                    1                    0
                    5                   12                    0                    1
                    5                   13                    0                    1
                    5                   14                    0                    1
                    5                   18                    0                    1
                    5                   19                    1                    0
                    5                   19                    0                    1
                    6                    1                    0                    1
                    6                    3                    1                    0
                    6                    3                    0                    1
                    6                    4                    1                    0
                    6                    4                    0                    1
                    6                    5                    0                    1
                    6                    6                    0                    1
                    6                    7                    1                    0
                    6                    7                    0                    1
                    6                    8                    0                    1
                    6                    9                    1                    0
                    6                   10                    1                    0
                    6                   10                    0                    1
                    6                   11                    0                    1
                    6                   12                    0                    1
                    6                   13                    1                    0
                    6                   18                    1                    0
                    6                   18                    0                    1
                    6                   19                    1                    0
                    6                   19                    0                    1
                    6                   20                    1                    0
                    7                    3                    0                    1
                    7                    4                    1                    0
                    7                    4                    0                    1
                    7                    5                    0                    1
                    7                    6                    1                    0
                    7                    7                    1                    0
                    7                    9                    1                    0
                    7                   10                    1                    0
                    7                   12                    1                    0
                    7                   12                    0                    1
                    7                   16                    1                    0
                    7                   16                    0                    1
                    7                   17                    0                    1
                    7                   18                    1                    0
                    7                   18                    0                    1
                    7                   20                    1                    0
                    8                    1                    1                    0
                    8                    4                    1                    0
                    8                    6                    0                    1
                    8                    8                    1                    0
                    8                    8                    0                    1
                    8                   10                    1                    0
                    8                   12                    1                    0
                    8                   14                    1                    0
                    8                   14                    0                    1
                    8                   15                    0                    1
                    8                   16                    1                    0
                    8                   16                    0                    1
                    8                   17                    1                    0
                    8                   18                    0                    1
                    8                   19                    0                    1
                    8                   20                    1                    0
                    8                   20                    0                    1
                    9                    4                    1                    0
                    9                    7                    1                    0
                    9                    7                    0                    1
                    9                   10                    0                    1
                    9                   11                    1                    0
                    9                   12                    0                    1
                    9                   13                    0                    1
                    9                   16                    1                    0
                    9                   17                    0                    1
                    9                   18                    0                    1
                    9                   19                    1                    0
                    9                   20                    0                    1
                   10                    4                    1                    0
                   10                    7                    1                    0
                   10                    8                    1                    0
                   10                    8                    0                    1
                   10                    9                    0                    1
                   10                   10                    0                    1
                   10                   15                    1                    0
                   10                   15                    0                    1
                   10                   18                    1                    0
                   10                   18                    0                    1
                   11                    1                    0                    1
                   11                    2                    0                    1
                   11                    3                    0                    1
                   11                    6                    1                    0
                   11                    6                    0                    1
                   11                    8                    0                    1
                   11                    9                    1                    0
                   11                   13                    1                    0
                   11                   13                    0                    1
                   11                   14                    1                    0
                   11                   15                    1                    0
                   11                   16                    1                    0
                   11                   16                    0                    1
                   11                   17                    0                    1
                   11                   20                    1                    0
                   11                   20                    0                    1
                   12                    6                    1                    0
                   12                    9                    0                    1
                   12                   10                    0                    1
                   12                   11                    0                    1
                   12                   12                    0                    1
                   12                   14                    1                    0
                   12                   15                    0                    1
                   12                   17                    1                    0
                   12                   17                    0                    1
                   12                   18                    1                    0
                   12                   20                    1                    0
                   13                    5                    1                    0
                   13                    5                    0                    1
                   13                    6                    1                    0
                   13                    6                    0                    1
                   13                    7                    1                    0
                   13                    9                    1                    0
                   13                    9                    0                    1
                   13                   10                    0                    1
                   13                   11                    1                    0
                   13                   14                    0                    1
                   13                   15                    1                    0
                   13                   17                    0                    1
                   13                   20                    1                    0
                   14                    5                    0                    1
                   14                    7                    0                    1
                   14                    8                    0                    1
                   14                    9                    1                    0
                   14                    9                    0                    1
                   14                   10                    0                    1
                   14                   15                    1                    0
                   14                   18                    1                    0
                   14                   18                    0                    1
                   14                   19                    1                    0
                   14                   20                    1                    0
                   15                    5                    1                    0
                   15                    5                    0                    1
                   15                    6                    1                    0
                   15                    7                    1                    0
                   15                    7                    0                    1
                   15                    8                    0                    1
                   15                   15                    0                    1
                   15                   16                    0                    1
                   15                   17                    0                    1
                   15                   19                    0                    1
                   16                    5                    0                    1
                   16                    7                    0                    1
                   16                    8                    1                    0
                   16                    9                    1                    0
                   16                    9                    0                    1
                   16                   10                    1                    0
                   16                   17                    1                    0
                   16                   17                    0                    1
                   16                   18                    1                    0
                   17                    8                    0                    1
                   17                   10                    0                    1
                   17                   11                    1                    0
                   17                   15                    1                    0
                   17                   15                    0                    1
                   17                   16                    1                    0
                   17                   17                    1                    0
                   17                   18                    1                    0
                   18                    2                    1                    0
                   18                    2                    0                    1
                   18                    3                    1                    0
                   18                    5                    1                    0
                   18                    5                    0                    1
                   18                    6                    0                    1
                   18                    7                    0                    1
                   18                    8                    0                    1
                   18                    9                    1                    0
                   18                   10                    1                    0
                   18                   10                    0                    1
                   18                   14                    1                    0
                   18                   14                    0                    1
                   18                   16                    0                    1
                   18                   18                    1                    0
                   19                    2                    0                    1
                   19                    5                    1                    0
                   19                    9                    0                    1
                   19                   10                    1                    0
                   19                   10                    0                    1
                   19                   11                    0                    1
                   19                   12                    1                    0
                   19                   13                    1                    0
                   19                   13                    0                    1
                   19                   14                    1                    0
                   19                   14                    0                    1
                   19                   15                    1                    0
                   19                   18                    1                    0
                   20                    1                    1                    0
                   20                    5                    0                    1
                   20                    6                    1                    0
                   20                    7                    1                    0
                   20                    7                    0                    1
                   20                    8                    1                    0
                   20                   10                    1                    0
                   20                   12                    0                    1
                   20                   14                    1                    0
                   20                   15                    1                    0
                   20                   15                    0                    1
                   20                   16                    0                    1
                   20                   17                    0                    1
                   20                   19                    1                    0
                   20                   19                    0                    1
                   20                   20                    0                    1
                   20                   15
                    1                   11
