                    3                   17                    1                    0
                    3                   17                    0                    1
                    3                   18                    1                    0
                    4                   17                    0                    1
                    5                    1                    1                    0
                    5                    1                    0                    1
                    5                    2                    1                    0
                    6                    1                    1                    0
                    7                    1                    1                    0
                    8                    1                    1                    0
                    9                    1                    0                    1
                    9                    9                    1                    0
                    9                    9                    0                    1
                   10                    8                    0                    1
                   11                    1                    1                    0
                   11                    1                    0                    1
                   11                    2                    0                    1
                   11                    3                    0                    1
                   11                    4                    1                    0
                   12                    1                    1                    0
                   12                    3                    1                    0
                   12                    3                    0                    1
                   13                    1                    0                    1
                   13                    2                    0                    1
                    6                    2
                    9                   10
