                    1                    5                    0                    1
                    1                    7                    0                    1
                    1                    8                    0                    1
                    1                   10                    0                    1
                    1                   11                    1                    0
                    1                   15                    0                    1
                    1                   16                    0                    1
                    1                   17                    1                    0
                    2                   11                    0                    1
                    2                   12                    1                    0
                    2                   17                    0                    1
                    2                   18                    1                    0
                    3                    4                    1                    0
                    3                    4                    0                    1
                    3                    5                    1                    0
                    3                   10                    1                    0
                    3                   10                    0                    1
                    3                   11                    0                    1
                    3                   18                    1                    0
                    4                    4                    0                    1
                    4                    9                    1                    0
                    4                    9                    0                    1
                    4                   14                    1                    0
                    4                   14                    0                    1
                    4                   15                    1                    0
                    4                   16                    1                    0
                    4                   16                    0                    1
                    4                   17                    0                    1
                    5                    9                    0                    1
                    5                   10                    0                    1
                    5                   11                    0                    1
                    5                   12                    1                    0
                    5                   13                    1                    0
                    5                   13                    0                    1
                    5                   14                    1                    0
                    5                   14                    0                    1
                    5                   16                    0                    1
                    5                   17                    0                    1
                    5                   18                    1                    0
                    5                   19                    1                    0
                    5                   19                    0                    1
                    5                   20                    1                    0
                    6                   12                    0                    1
                    6                   14                    1                    0
                    6                   18                    0                    1
                    6                   20                    1                    0
                    7                    5                    1                    0
                    7                    5                    0                    1
                    7                    6                    0                    1
                    7                    7                    0                    1
                    7                    8                    1                    0
                    7                   14                    0                    1
                    7                   15                    1                    0
                    7                   20                    1                    0
                    8                    1                    1                    0
                    8                    5                    0                    1
                    8                    6                    1                    0
                    8                    8                    0                    1
                    8                    9                    0                    1
                    8                   10                    1                    0
                    8                   15                    1                    0
                    8                   20                    0                    1
                    9                    1                    1                    0
                    9                    6                    1                    0
                    9                    7                    1                    0
                    9                    7                    0                    1
                    9                    8                    0                    1
                    9                    9                    0                    1
                    9                   10                    1                    0
                    9                   10                    0                    1
                    9                   11                    0                    1
                    9                   12                    0                    1
                    9                   13                    1                    0
                    9                   14                    1                    0
                    9                   14                    0                    1
                    9                   20                    1                    0
                   10                    6                    1                    0
                   10                    7                    1                    0
                   10                   10                    1                    0
                   10                   13                    0                    1
                   10                   20                    0                    1
                   11                    6                    1                    0
                   11                    7                    1                    0
                   11                    9                    1                    0
                   11                    9                    0                    1
                   11                   15                    1                    0
                   12                    6                    0                    1
                   12                    9                    0                    1
                   12                   10                    1                    0
                   12                   12                    1                    0
                   12                   12                    0                    1
                   12                   13                    1                    0
                   12                   14                    1                    0
                   12                   14                    0                    1
                   13                    4                    1                    0
                   13                    4                    0                    1
                   13                    5                    0                    1
                   13                    6                    1                    0
                   13                    9                    1                    0
                   13                    9                    0                    1
                   13                   12                    1                    0
                   13                   13                    0                    1
                   13                   14                    1                    0
                   13                   14                    0                    1
                   13                   15                    1                    0
                   14                    4                    0                    1
                   14                    5                    0                    1
                   14                    7                    1                    0
                   14                    7                    0                    1
                   14                    8                    1                    0
                   14                    9                    1                    0
                   14                   12                    1                    0
                   14                   14                    0                    1
                   15                    6                    1                    0
                   15                    6                    0                    1
                   15                    8                    0                    1
                   15                   10                    1                    0
                   15                   10                    0                    1
                   15                   11                    0                    1
                   16                    5                    1                    0
                   16                    5                    0                    1
                   17                    2                    1                    0
                   17                    2                    0                    1
                   17                    3                    1                    0
                   17                    5                    0                    1
                   17                    6                    0                    1
                   17                    7                    1                    0
                   18                    2                    0                    1
                   18                    7                    1                    0
                   19                    7                    1                    0
                   19                    9                    1                    0
                   19                    9                    0                    1
                   19                   10                    0                    1
                   19                   11                    0                    1
                   19                   12                    0                    1
                   19                   13                    1                    0
                   20                    5                    1                    0
                   20                    5                    0                    1
                   20                    6                    1                    0
                   20                    7                    1                    0
                   20                    9                    1                    0
                   20                   10                    1                    0
                   20                   10                    0                    1
                   20                   11                    0                    1
                   20                   12                    1                    0
                   20                   13                    0                    1
                   20                   14                    0                    1
                   20                   15                    1                    0
                   11                   15
                   16                   10
