                    1                    1                    0                    1
                    1                    2                    1                    0
                    1                    3                    1                    0
                    1                    3                    0                    1
                    1                    4                    1                    0
                    1                    6                    1                    0
                    1                    6                    0                    1
                    1                    7                    1                    0
                    1                    9                    0                    1
                    1                   10                    1                    0
                    1                   11                    1                    0
                    1                   11                    0                    1
                    1                   17                    1                    0
                    1                   19                    0                    1
                    2                    2                    0                    1
                    2                    4                    0                    1
                    2                    5                    0                    1
                    2                    7                    1                    0
                    2                   10                    0                    1
                    2                   17                    1                    0
                    3                    1                    1                    0
                    3                    1                    0                    1
                    3                    2                    1                    0
                    3                    4                    1                    0
                    3                    4                    0                    1
                    3                    5                    0                    1
                    3                    6                    0                    1
                    3                   15                    1                    0
                    3                   15                    0                    1
                    3                   16                    1                    0
                    3                   17                    1                    0
                    3                   18                    1                    0
                    3                   18                    0                    1
                    3                   19                    1                    0
                    4                    1                    0                    1
                    4                    2                    1                    0
                    4                    2                    0                    1
                    4                    3                    0                    1
                    4                    4                    1                    0
                    4                    4                    0                    1
                    4                    5                    1                    0
                    4                   11                    1                    0
                    4                   11                    0                    1
                    4                   12                    0                    1
                    4                   13                    1                    0
                    4                   15                    0                    1
                    4                   17                    1                    0
                    4                   18                    0                    1
                    5                    1                    1                    0
                    5                    1                    0                    1
                    5                    4                    1                    0
                    5                    5                    0                    1
                    5                    6                    1                    0
                    5                   11                    1                    0
                    5                   13                    0                    1
                    5                   14                    1                    0
                    5                   16                    1                    0
                    5                   16                    0                    1
                    6                    1                    0                    1
                    6                    2                    0                    1
                    6                    3                    0                    1
                    6                    4                    1                    0
                    6                    4                    0                    1
                    6                    5                    0                    1
                    6                   11                    0                    1
                    6                   13                    1                    0
                    6                   13                    0                    1
                    6                   16                    1                    0
                    7                    2                    1                    0
                    7                    2                    0                    1
                    7                    3                    1                    0
                    7                    4                    1                    0
                    7                   13                    1                    0
                    7                   15                    1                    0
                    7                   15                    0                    1
                    8                    2                    1                    0
                    8                    3                    0                    1
                    8                   13                    0                    1
                    8                   14                    0                    1
                    8                   16                    1                    0
                    8                   16                    0                    1
                    8                   17                    1                    0
                    9                    2                    1                    0
                    9                   10                    1                    0
                    9                   10                    0                    1
                    9                   11                    0                    1
                    9                   12                    0                    1
                    9                   13                    1                    0
                    9                   15                    1                    0
                    9                   15                    0                    1
                    9                   16                    1                    0
                    9                   16                    0                    1
                   10                    1                    1                    0
                   10                    1                    0                    1
                   10                    4                    1                    0
                   10                    4                    0                    1
                   10                    5                    1                    0
                   10                   10                    1                    0
                   10                   13                    1                    0
                   10                   13                    0                    1
                   10                   14                    1                    0
                   10                   15                    0                    1
                   10                   16                    1                    0
                   10                   16                    0                    1
                   10                   17                    0                    1
                   10                   18                    0                    1
                   10                   19                    1                    0
                   11                    1                    0                    1
                   11                    2                    1                    0
                   11                    4                    0                    1
                   11                   10                    0                    1
                   11                   11                    1                    0
                   11                   12                    1                    0
                   11                   12                    0                    1
                   11                   14                    1                    0
                   11                   15                    1                    0
                   11                   15                    0                    1
                   11                   18                    1                    0
                   11                   18                    0                    1
                   12                    1                    0                    1
                   12                    4                    1                    0
                   12                    4                    0                    1
                   12                    5                    0                    1
                   12                    6                    1                    0
                   12                    8                    1                    0
                   12                    8                    0                    1
                   12                    9                    1                    0
                   12                   11                    0                    1
                   12                   14                    1                    0
                   12                   15                    1                    0
                   12                   16                    1                    0
                   12                   16                    0                    1
                   12                   17                    0                    1
                   12                   19                    1                    0
                   12                   19                    0                    1
                   12                   20                    0                    1
                   13                    4                    0                    1
                   13                    5                    0                    1
                   13                    8                    0                    1
                   13                   14                    1                    0
                   13                   15                    0                    1
                   13                   17                    1                    0
                   13                   17                    0                    1
                   13                   18                    1                    0
                   13                   19                    0                    1
                   14                    1                    0                    1
                   14                    2                    1                    0
                   14                    3                    1                    0
                   14                    3                    0                    1
                   14                    4                    0                    1
                   14                    5                    1                    0
                   14                    8                    1                    0
                   14                    8                    0                    1
                   14                    9                    1                    0
                   14                   14                    1                    0
                   14                   17                    0                    1
                   14                   20                    1                    0
                   14                   20                    0                    1
                   15                    2                    0                    1
                   15                    4                    1                    0
                   15                    4                    0                    1
                   15                    5                    1                    0
                   15                    5                    0                    1
                   15                    6                    0                    1
                   15                    7                    1                    0
                   15                    8                    0                    1
                   15                   11                    1                    0
                   15                   11                    0                    1
                   15                   12                    0                    1
                   15                   13                    0                    1
                   15                   15                    1                    0
                   15                   15                    0                    1
                   15                   16                    1                    0
                   15                   18                    1                    0
                   15                   18                    0                    1
                   15                   19                    1                    0
                   15                   20                    1                    0
                   16                    1                    1                    0
                   16                    1                    0                    1
                   16                    2                    1                    0
                   16                    3                    1                    0
                   16                    3                    0                    1
                   16                    5                    0                    1
                   16                    6                    0                    1
                   16                    7                    1                    0
                   16                    7                    0                    1
                   16                    8                    1                    0
                   16                   11                    0                    1
                   16                   12                    1                    0
                   16                   15                    0                    1
                   16                   18                    0                    1
                   16                   19                    1                    0
                   16                   19                    0                    1
                   17                    1                    1                    0
                   17                    1                    0                    1
                   17                    2                    1                    0
                   17                    2                    0                    1
                   17                    6                    1                    0
                   17                    6                    0                    1
                   17                    8                    0                    1
                   17                    9                    0                    1
                   17                   10                    1                    0
                   17                   11                    1                    0
                   17                   11                    0                    1
                   17                   12                    1                    0
                   17                   12                    0                    1
                   17                   13                    0                    1
                   17                   14                    0                    1
                   17                   15                    1                    0
                   17                   17                    1                    0
                   17                   17                    0                    1
                   17                   18                    0                    1
                   17                   19                    1                    0
                   17                   19                    0                    1
                   17                   20                    0                    1
                   18                    2                    1                    0
                   18                    4                    1                    0
                   18                    4                    0                    1
                   18                    5                    1                    0
                   18                    6                    1                    0
                   18                   10                    1                    0
                   18                   11                    1                    0
                   18                   12                    1                    0
                   18                   15                    0                    1
                   18                   16                    0                    1
                   18                   19                    0                    1
                   18                   20                    0                    1
                   19                    1                    1                    0
                   19                    1                    0                    1
                   19                    4                    1                    0
                   19                    5                    0                    1
                   19                   10                    0                    1
                   19                   12                    1                    0
                   19                   17                    1                    0
                   19                   17                    0                    1
                   19                   18                    0                    1
                   20                    1                    1                    0
                   20                    4                    0                    1
                   20                    5                    0                    1
                   20                    6                    0                    1
                   20                    7                    0                    1
                   20                    8                    0                    1
                   20                    9                    1                    0
                   20                   12                    1                    0
                   20                   17                    1                    0
                   20                   19                    1                    0
                   20                   19                    0                    1
                   20                   20                    1                    0
                   13                   20
                   19                   19
