                    7                    7                    0                   -1
                    7                    6                    0                   -1
                    7                    7                    0                    1
                    7                    6                    0                   -1
                    7                    7                    0                    1
                    7                    8                    0                    1
                    5                   11                    0                    1
                    5                   12                    0                    1
                    5                   11                    0                   -1
                    8                    8                    1                    0
                    6                   11                    1                    0
                    6                   12                    0                    1
                    6                   11                    0                   -1
                    7                   11                    1                    0
                    8                    9                    0                    1
                    9                    9                    1                    0
                    8                    9                   -1                    0
                    7                   12                    0                    1
                    6                   12                   -1                    0
                    6                   11                    0                   -1
                    7                    9                   -1                    0
                    6                    9                   -1                    0
                    7                    9                    1                    0
                    6                   10                    0                   -1
                    7                    8                    0                   -1
                    8                    8                    1                    0
                    6                   11                    0                    1
                    6                   10                    0                   -1
                    6                    9                    0                   -1
                    7                    8                   -1                    0
                    6                    8                    0                   -1
                    6                    9                    0                    1
                    5                    9                   -1                    0
                    4                    9                   -1                    0
                    4                   10                    0                    1
                    4                    9                    0                   -1
                    8                    8                    1                    0
                    9                    8                    1                    0
                    3                    9                   -1                    0
                    4                    9                    1                    0
                    8                    8                   -1                    0
                    9                    8                    1                    0
                   10                    8                    1                    0
                   11                    8                    1                    0
                   11                    7                    0                   -1
                   11                    8                    0                    1
                    4                    8                    0                   -1
                    4                    9                    0                    1
                    5                    9                    1                    0
                    4                    9                   -1                    0
                   10                    8                   -1                    0
                    5                    9                    1                    0
                   11                    8                    1                    0
                    4                    9                   -1                    0
                    4                   10                    0                    1
                   10                    8                   -1                    0
                    9                    8                   -1                    0
                    8                    8                   -1                    0
                    7                    8                   -1                    0
                    7                    9                    0                    1
                    8                    9                    1                    0
                    8                    8                    0                   -1
                    8                    9                    0                    1
                    9                    9                    1                    0
                   10                    9                    1                    0
                   11                    9                    1                    0
                   10                    9                   -1                    0
                   10                    8                    0                   -1
                   11                    8                    1                    0
                    4                    9                    0                   -1
                    5                    9                    1                    0
                    6                    9                    1                    0
                    6                   10                    0                    1
                    7                   10                    1                    0
                    8                   10                    1                    0
                    7                   10                   -1                    0
                   11                    9                    0                    1
                    8                   10                    1                    0
                    8                   11                    0                    1
                   11                   10                    0                    1
                   12                   10                    1                    0
                    9                   11                    1                    0
                   11                   10                   -1                    0
                   11                    9                    0                   -1
                   10                   11                    1                    0
                   11                   11                    1                    0
                   11                    8                    0                   -1
                   11                    7                    0                   -1
                   11                    6                    0                   -1
                   12                   11                    1                    0
                   11                   11                   -1                    0
                   12                    6                    1                    0
                   11                   10                    0                   -1
                   10                   10                   -1                    0
                   12                    7                    0                    1
                    9                   10                   -1                    0
                   12                    8                    0                    1
                   13                    8                    1                    0
                   13                    9                    0                    1
                    8                   10                   -1                    0
                    7                   10                   -1                    0
                   12                    9                   -1                    0
                    6                   10                   -1                    0
                   13                    9                    1                    0
                   14                    9                    1                    0
                    7                   10                    1                    0
                    6                   10                   -1                    0
                    5                   10                   -1                    0
                   14                   10                    0                    1
                   13                   10                   -1                    0
                    5                   11                    0                    1
                   12                   10                   -1                    0
                    5                   12                    0                    1
                   11                   10                   -1                    0
                   11                    9                    0                   -1
                   11                    8                    0                   -1
                   10                    8                   -1                    0
                   10                    9                    0                    1
                    9                    9                   -1                    0
                    9                    8                    0                   -1
                    5                   13                    0                    1
                    5                   12                    0                   -1
                    5                   11                    0                   -1
                    6                   11                    1                    0
                    9                    9                    0                    1
                    8                    9                   -1                    0
                    8                    8                    0                   -1
                    7                    8                   -1                    0
                    7                    7                    0                   -1
                    7                    8                    0                    1
                    5                   11                   -1                    0
                    5                   10                    0                   -1
                    6                    8                   -1                    0
                    6                    9                    0                    1
                    6                   10                    1                    0
                    6                    9                    0                   -1
                    6                   10                    0                    1
                    6                    9                    0                   -1
                    6                    8                    0                   -1
                    6                   10                    0                    1
                    7                   10                    1                    0
                    8                   10                    1                    0
                    6                    7                    0                   -1
                    6                    8                    0                    1
                    6                    7                    0                   -1
                    7                   10                   -1                    0
                    6                   10                   -1                    0
                    6                   11                    0                    1
                    7                    7                    1                    0
                    7                    8                    0                    1
                    5                   11                   -1                    0
                    5                   10                    0                   -1
                    8                    8                    1                    0
                    4                   10                   -1                    0
                    4                    9                    0                   -1
