                   15                   14                   -1                    0
                    4                   13                   -1                    0
                   15                   13                    0                   -1
                   16                   13                    1                    0
                    3                   13                   -1                    0
                    4                   13                    1                    0
                   16                   12                    0                   -1
                    4                   14                    0                    1
                   17                   12                    1                    0
                    4                   13                    0                   -1
                   16                   12                   -1                    0
                   16                   11                    0                   -1
                   16                   12                    0                    1
                    3                   13                   -1                    0
                    4                   13                    1                    0
                   16                   11                    0                   -1
                   16                   12                    0                    1
                    4                   12                    0                   -1
                    3                   12                   -1                    0
                    4                   12                    1                    0
                   16                   13                    0                    1
                    4                   13                    0                    1
                    4                   12                    0                   -1
                   17                   13                    1                    0
                   17                   14                    0                    1
                    5                   12                    1                    0
                    4                   12                   -1                    0
                    5                   12                    1                    0
                    5                   13                    0                    1
                   17                   15                    0                    1
                   17                   14                    0                   -1
                   17                   13                    0                   -1
                   16                   13                   -1                    0
                   15                   13                   -1                    0
                    5                   12                    0                   -1
                   15                   12                    0                   -1
                   16                   12                    1                    0
                   16                   11                    0                   -1
                    4                   12                   -1                    0
                   16                   12                    0                    1
                   16                   13                    0                    1
                    4                   13                    0                    1
                   16                   14                    0                    1
                   15                   14                   -1                    0
                    3                   13                   -1                    0
                    3                   12                    0                   -1
                    2                   12                   -1                    0
                    3                   12                    1                    0
                   15                   13                    0                   -1
                   14                   13                   -1                    0
                   15                   13                    1                    0
                   15                   12                    0                   -1
                    4                   12                    1                    0
                    3                   12                   -1                    0
                    4                   12                    1                    0
                   15                   11                    0                   -1
                   16                   11                    1                    0
                    3                   12                   -1                    0
                   17                   11                    1                    0
                    4                   12                    1                    0
                   18                   11                    1                    0
                    4                   11                    0                   -1
                    3                   11                   -1                    0
                   19                   11                    1                    0
                    2                   11                   -1                    0
                   18                   11                   -1                    0
                   18                   10                    0                   -1
                    3                   11                    1                    0
                   17                   10                   -1                    0
                    3                   10                    0                   -1
                   16                   10                   -1                    0
                    3                    9                    0                   -1
                   17                   10                    1                    0
                   18                   10                    1                    0
                   18                   11                    0                    1
                   19                   11                    1                    0
                   18                   11                   -1                    0
                   19                   11                    1                    0
                   19                   12                    0                    1
                    3                   10                    0                    1
                   19                   11                    0                   -1
                   19                   10                    0                   -1
                   18                   10                   -1                    0
                    3                   11                    0                    1
                    3                   10                    0                   -1
                   19                   10                    1                    0
                   19                   11                    0                    1
                   18                   11                   -1                    0
                    3                   11                    0                    1
                    4                   11                    1                    0
                    3                   11                   -1                    0
                   18                   12                    0                    1
                    3                   10                    0                   -1
                   18                   11                    0                   -1
                   19                   11                    1                    0
                   20                   11                    1                    0
                    3                   11                    0                    1
                    4                   11                    1                    0
                    4                   12                    0                    1
                    3                   12                   -1                    0
                   20                   12                    0                    1
                    3                   11                    0                   -1
