                    1                    2                    1                    0
                    1                    2                    0                    1
                    1                    3                    1                    0
                    1                    7                    0                    1
                    1                    8                    0                    1
                    1                    9                    0                    1
                    1                   10                    0                    1
                    1                   11                    1                    0
                    2                    2                    0                    1
                    2                    9                    1                    0
                    2                    9                    0                    1
                    2                   10                    0                    1
                    3                    8                    1                    0
                    3                    8                    0                    1
                    4                   16                    1                    0
                    4                   16                    0                    1
                    4                   17                    1                    0
                    5                   16                    0                    1
                   20                    7                    1                    0
                   20                    7                    0                    1
                    4                    8
                    2                   19
