                    3                    1                    1                    0
                    3                    1                    0                    1
                    3                    2                    1                    0
                    4                    2                    1                    0
                    4                    3                    1                    0
                    4                    3                    0                    1
                    4                    4                    1                    0
                    4                   20                    1                    0
                    4                   20                    0                    1
                    5                    2                    1                    0
                    5                    3                    1                    0
                    5                    4                    1                    0
                    5                   17                    0                    1
                    5                   18                    1                    0
                    5                   20                    1                    0
                    6                    3                    0                    1
                    6                   18                    0                    1
                    6                   19                    0                    1
                    7                   14                    1                    0
                    7                   14                    0                    1
                   15                    1                    1                    0
                   15                    1                    0                    1
                   15                    2                    1                    0
                   16                    1                    1                    0
                   16                    2                    1                    0
                   17                    1                    0                    1
                    8                   14
                    5                   17
