                    6                   17                    1                    0
                    7                   20                    0                    1
                    7                   19                    0                   -1
                    7                   20                    0                    1
                    5                   17                   -1                    0
                    6                   20                   -1                    0
                    7                   20                    1                    0
                    6                   20                   -1                    0
                    5                   18                    0                    1
                    5                   17                    0                   -1
                    5                   16                    0                   -1
                    6                   16                    1                    0
                    5                   20                   -1                    0
                    6                   20                    1                    0
                    5                   16                   -1                    0
                    5                   17                    0                    1
                    6                   19                    0                   -1
                    5                   19                   -1                    0
                    5                   18                    0                   -1
                    6                   18                    1                    0
                    5                   18                   -1                    0
                    5                   16                    0                   -1
                    4                   16                   -1                    0
                    6                   18                    1                    0
                    4                   15                    0                   -1
                    7                   18                    1                    0
                    6                   18                   -1                    0
                    5                   15                    1                    0
                    5                   18                   -1                    0
                    5                   19                    0                    1
                    5                   14                    0                   -1
                    6                   14                    1                    0
                    6                   19                    1                    0
                    6                   13                    0                   -1
                    5                   13                   -1                    0
                    6                   13                    1                    0
                    6                   12                    0                   -1
                    6                   11                    0                   -1
                    7                   19                    1                    0
                    7                   18                    0                   -1
                    7                   19                    0                    1
                    6                   12                    0                    1
                    7                   18                    0                   -1
                    7                   19                    0                    1
                    7                   20                    0                    1
                    6                   13                    0                    1
                    6                   20                   -1                    0
                    6                   14                    0                    1
                    6                   19                    0                   -1
                    5                   19                   -1                    0
                    6                   19                    1                    0
                    6                   15                    0                    1
                    5                   19                   -1                    0
                    6                   14                    0                   -1
                    5                   18                    0                   -1
                    5                   19                    0                    1
                    5                   18                    0                   -1
                    7                   14                    1                    0
                    6                   14                   -1                    0
                    5                   19                    0                    1
                    5                   14                   -1                    0
                    6                   19                    1                    0
                    4                   14                   -1                    0
                    7                   19                    1                    0
                    7                   20                    0                    1
                    4                   15                    0                    1
                    5                   15                    1                    0
                    7                    1                    0                    0
                    5                   14                    0                   -1
                    6                   14                    1                    0
                    6                   13                    0                   -1
                    7                   20                    0                    0
                    6                   14                    0                    1
                    7                    1                    0                    0
                    6                   15                    0                    1
                    6                   14                    0                   -1
                    6                   15                    0                    1
                    6                   14                    0                   -1
                    8                    1                    1                    0
                    8                    2                    0                    1
                    7                    2                   -1                    0
                    8                    2                    1                    0
                    8                    1                    0                   -1
                    8                    2                    0                    1
                    8                    1                    0                   -1
                    7                   14                    1                    0
                    8                   20                    0                    0
                    9                   20                    1                    0
                    7                   15                    0                    1
                    7                   16                    0                    1
                    9                   19                    0                   -1
                    9                   18                    0                   -1
                    9                   19                    0                    1
                    7                   15                    0                   -1
                    8                   15                    1                    0
                   10                   19                    1                    0
                   10                   18                    0                   -1
                    8                   14                    0                   -1
                   10                   19                    0                    1
