                   11                    2                   -1                    0
                   11                   10                    1                    0
                   11                    1                    0                   -1
                   10                    1                   -1                    0
                   10                    2                    0                    1
                   10                    3                    0                    1
                   12                   10                    1                    0
                   10                    2                    0                   -1
                   13                   10                    1                    0
                   14                   10                    1                    0
                   13                   10                   -1                    0
                   10                    1                    0                   -1
                    9                    1                   -1                    0
                   14                   10                    1                    0
                    8                    1                   -1                    0
                    9                    1                    1                    0
                   10                    1                    1                    0
                   10                   20                    0                    0
                   15                   10                    1                    0
                   11                   20                    1                    0
                   10                   20                   -1                    0
                   14                   10                   -1                    0
                   15                   10                    1                    0
                   16                   10                    1                    0
                   16                   11                    0                    1
                   10                    1                    0                    0
                   16                   10                    0                   -1
                   15                   10                   -1                    0
                   11                    1                    1                    0
                   15                   11                    0                    1
                   15                   10                    0                   -1
                   11                    2                    0                    1
                   15                   11                    0                    1
                   10                    2                   -1                    0
                   15                   10                    0                   -1
                   16                   10                    1                    0
                   16                   11                    0                    1
                   15                   11                   -1                    0
                   15                   12                    0                    1
                    9                    2                   -1                    0
                   15                   11                    0                   -1
                   15                   10                    0                   -1
                   15                    9                    0                   -1
                    9                    3                    0                    1
                   15                    8                    0                   -1
                   15                    9                    0                    1
                    9                    2                    0                   -1
                   16                    9                    1                    0
                   17                    9                    1                    0
                    8                    2                   -1                    0
                   18                    9                    1                    0
                   17                    9                   -1                    0
                   17                    8                    0                   -1
                   18                    8                    1                    0
                   19                    8                    1                    0
                   18                    8                   -1                    0
                    9                    2                    1                    0
                   17                    8                   -1                    0
                    9                    3                    0                    1
                    8                    3                   -1                    0
                   17                    9                    0                    1
                    8                    2                    0                   -1
                   16                    9                   -1                    0
                    9                    2                    1                    0
                   17                    9                    1                    0
                    9                    3                    0                    1
                   16                    9                   -1                    0
                   10                    3                    1                    0
                    9                    3                   -1                    0
                   10                    3                    1                    0
                   11                    3                    1                    0
                   16                   10                    0                    1
                   16                    9                    0                   -1
                   16                    8                    0                   -1
                   16                    7                    0                   -1
                   16                    8                    0                    1
                   10                    3                   -1                    0
                    9                    3                   -1                    0
                   16                    9                    0                    1
                    8                    3                   -1                    0
                   15                    9                   -1                    0
                   16                    9                    1                    0
                    8                    2                    0                   -1
                   15                    9                   -1                    0
                   15                   10                    0                    1
                    9                    2                    1                    0
                   15                   11                    0                    1
                   15                   12                    0                    1
                   15                   11                    0                   -1
                   15                   12                    0                    1
                   10                    2                    1                    0
                   15                   11                    0                   -1
                   15                   12                    0                    1
                   15                   11                    0                   -1
                   10                    1                    0                   -1
                   15                   10                    0                   -1
                    9                    1                   -1                    0
                   16                   10                    1                    0
                   16                    9                    0                   -1
                   10                    1                    1                    0
                   17                    9                    1                    0
                   18                    9                    1                    0
                   17                    9                   -1                    0
                   10                   20                    0                    0
                   18                    9                    1                    0
                   10                    1                    0                    0
                   10                   20                    0                    0
                   19                    9                    1                    0
                   10                   19                    0                   -1
                   10                   18                    0                   -1
                   11                   18                    1                    0
                   18                    9                   -1                    0
                   11                   17                    0                   -1
