                    1                    2                    1                    0
                    1                    2                    0                    1
                    1                    3                    0                    1
                    1                    5                    1                    0
                    1                    7                    1                    0
                    1                    7                    0                    1
                    1                    8                    1                    0
                    1                    9                    0                    1
                    1                   10                    0                    1
                    1                   13                    1                    0
                    1                   14                    1                    0
                    1                   15                    0                    1
                    1                   16                    1                    0
                    1                   17                    0                    1
                    1                   18                    0                    1
                    1                   19                    0                    1
                    2                    1                    1                    0
                    2                    1                    0                    1
                    2                    2                    1                    0
                    2                    2                    0                    1
                    2                    3                    1                    0
                    2                    4                    1                    0
                    2                    4                    0                    1
                    2                    7                    0                    1
                    2                    9                    1                    0
                    2                    9                    0                    1
                    2                   10                    1                    0
                    2                   11                    1                    0
                    2                   11                    0                    1
                    2                   12                    1                    0
                    2                   13                    0                    1
                    2                   15                    1                    0
                    2                   15                    0                    1
                    3                    1                    0                    1
                    3                    3                    0                    1
                    3                    6                    1                    0
                    3                    6                    0                    1
                    3                    7                    1                    0
                    3                    8                    1                    0
                    3                    8                    0                    1
                    3                   10                    1                    0
                    3                   11                    0                    1
                    3                   15                    0                    1
                    3                   16                    1                    0
                    3                   18                    1                    0
                    3                   18                    0                    1
                    3                   19                    0                    1
                    3                   20                    1                    0
                    4                    2                    1                    0
                    4                    2                    0                    1
                    4                    3                    1                    0
                    4                    4                    1                    0
                    4                    4                    0                    1
                    4                    5                    1                    0
                    4                    6                    0                    1
                    4                    8                    0                    1
                    4                    9                    1                    0
                    4                   10                    0                    1
                    4                   11                    0                    1
                    4                   12                    1                    0
                    4                   16                    0                    1
                    4                   17                    1                    0
                    4                   18                    1                    0
                    4                   20                    1                    0
                    5                    1                    1                    0
                    5                    2                    1                    0
                    5                    3                    1                    0
                    5                    4                    0                    1
                    5                    5                    1                    0
                    5                    5                    0                    1
                    5                    6                    0                    1
                    5                    7                    1                    0
                    5                    8                    1                    0
                    5                    8                    0                    1
                    5                   10                    1                    0
                    5                   10                    0                    1
                    5                   11                    0                    1
                    5                   17                    1                    0
                    5                   18                    0                    1
                    5                   19                    1                    0
                    5                   20                    0                    1
                    6                    1                    1                    0
                    6                    2                    1                    0
                    6                    3                    1                    0
                    6                    4                    1                    0
                    6                    4                    0                    1
                    6                    6                    1                    0
                    6                    6                    0                    1
                    6                    7                    1                    0
                    6                    7                    0                    1
                    6                    8                    1                    0
                    6                    8                    0                    1
                    6                    9                    0                    1
                    6                   10                    1                    0
                    6                   10                    0                    1
                    6                   11                    1                    0
                    6                   13                    1                    0
                    6                   13                    0                    1
                    6                   14                    1                    0
                    6                   17                    1                    0
                    6                   18                    1                    0
                    6                   18                    0                    1
                    7                    1                    0                    1
                    7                    2                    1                    0
                    7                    2                    0                    1
                    7                    3                    1                    0
                    7                    3                    0                    1
                    7                    5                    1                    0
                    7                    5                    0                    1
                    7                    7                    1                    0
                    7                    8                    1                    0
                    7                    9                    1                    0
                    7                    9                    0                    1
                    7                   10                    1                    0
                    7                   10                    0                    1
                    7                   13                    1                    0
                    7                   14                    1                    0
                    7                   15                    1                    0
                    7                   15                    0                    1
                    7                   16                    1                    0
                    7                   17                    0                    1
                    7                   18                    1                    0
                    7                   18                    0                    1
                    7                   19                    1                    0
                    8                    1                    1                    0
                    8                    2                    0                    1
                    8                    3                    1                    0
                    8                    3                    0                    1
                    8                    4                    1                    0
                    8                    5                    0                    1
                    8                    6                    0                    1
                    8                    8                    1                    0
                    8                    9                    1                    0
                    8                   10                    0                    1
                    8                   11                    1                    0
                    8                   12                    1                    0
                    8                   12                    0                    1
                    8                   13                    1                    0
                    8                   13                    0                    1
                    8                   14                    1                    0
                    8                   14                    0                    1
                    8                   16                    0                    1
                    8                   17                    0                    1
                    8                   18                    1                    0
                    8                   18                    0                    1
                    8                   19                    1                    0
                    8                   19                    0                    1
                    8                   20                    0                    1
                    9                    1                    1                    0
                    9                    1                    0                    1
                    9                    2                    0                    1
                    9                    4                    1                    0
                    9                    6                    1                    0
                    9                    6                    0                    1
                    9                    7                    0                    1
                    9                    8                    1                    0
                    9                    8                    0                    1
                    9                   11                    1                    0
                    9                   12                    0                    1
                    9                   13                    1                    0
                    9                   13                    0                    1
                    9                   14                    1                    0
                    9                   14                    0                    1
                    9                   15                    0                    1
                    9                   16                    0                    1
                    9                   17                    0                    1
                    9                   19                    0                    1
                    9                   20                    0                    1
                   10                    1                    1                    0
                   10                    1                    0                    1
                   10                    2                    1                    0
                   10                    4                    0                    1
                   10                    5                    1                    0
                   10                    6                    1                    0
                   10                    7                    1                    0
                   10                    7                    0                    1
                   10                   11                    1                    0
                   10                   13                    0                    1
                   10                   14                    1                    0
                   10                   14                    0                    1
                   10                   15                    0                    1
                   10                   16                    0                    1
                   10                   17                    0                    1
                   10                   18                    1                    0
                   10                   20                    1                    0
                   10                   20                    0                    1
                   11                    1                    1                    0
                   11                    2                    1                    0
                   11                    3                    1                    0
                   11                    3                    0                    1
                   11                    4                    1                    0
                   11                    5                    1                    0
                   11                    6                    1                    0
                   11                    7                    1                    0
                   11                    8                    0                    1
                   11                    9                    1                    0
                   11                   10                    1                    0
                   11                   10                    0                    1
                   11                   11                    1                    0
                   11                   11                    0                    1
                   11                   12                    0                    1
                   11                   13                    1                    0
                   11                   14                    1                    0
                   11                   16                    1                    0
                   11                   16                    0                    1
                   11                   18                    1                    0
                   11                   20                    1                    0
                   12                    1                    1                    0
                   12                    2                    1                    0
                   12                    3                    0                    1
                   12                    4                    1                    0
                   12                    4                    0                    1
                   12                    5                    1                    0
                   12                    5                    0                    1
                   12                    7                    1                    0
                   12                    8                    1                    0
                   12                    8                    0                    1
                   12                    9                    1                    0
                   12                    9                    0                    1
                   12                   11                    1                    0
                   12                   12                    1                    0
                   12                   12                    0                    1
                   12                   14                    1                    0
                   12                   15                    1                    0
                   12                   15                    0                    1
                   12                   16                    1                    0
                   12                   16                    0                    1
                   12                   17                    0                    1
                   12                   18                    1                    0
                   12                   18                    0                    1
                   12                   19                    1                    0
                   12                   20                    1                    0
                   13                    1                    1                    0
                   13                    2                    0                    1
                   13                    3                    0                    1
                   13                    4                    1                    0
                   13                    4                    0                    1
                   13                    6                    1                    0
                   13                    6                    0                    1
                   13                    8                    1                    0
                   13                    9                    0                    1
                   13                   10                    1                    0
                   13                   11                    0                    1
                   13                   13                    1                    0
                   13                   13                    0                    1
                   13                   14                    1                    0
                   13                   14                    0                    1
                   13                   15                    1                    0
                   13                   15                    0                    1
                   13                   16                    1                    0
                   13                   16                    0                    1
                   13                   17                    1                    0
                   13                   18                    0                    1
                   13                   20                    1                    0
                   14                    1                    1                    0
                   14                    1                    0                    1
                   14                    2                    1                    0
                   14                    3                    1                    0
                   14                    3                    0                    1
                   14                    4                    1                    0
                   14                    4                    0                    1
                   14                    5                    0                    1
                   14                    7                    1                    0
                   14                    7                    0                    1
                   14                    8                    1                    0
                   14                    8                    0                    1
                   14                    9                    1                    0
                   14                   10                    1                    0
                   14                   13                    1                    0
                   14                   14                    0                    1
                   14                   15                    1                    0
                   14                   15                    0                    1
                   14                   17                    1                    0
                   14                   18                    1                    0
                   14                   18                    0                    1
                   14                   19                    0                    1
                   14                   20                    1                    0
                   14                   20                    0                    1
                   15                    1                    0                    1
                   15                    2                    1                    0
                   15                    2                    0                    1
                   15                    3                    1                    0
                   15                    3                    0                    1
                   15                    4                    1                    0
                   15                    4                    0                    1
                   15                    5                    1                    0
                   15                    7                    0                    1
                   15                    9                    1                    0
                   15                   10                    0                    1
                   15                   11                    0                    1
                   15                   12                    0                    1
                   15                   15                    0                    1
                   15                   16                    0                    1
                   15                   18                    0                    1
                   15                   19                    1                    0
                   15                   20                    1                    0
                   16                    2                    0                    1
                   16                    4                    0                    1
                   16                    5                    1                    0
                   16                    5                    0                    1
                   16                    6                    0                    1
                   16                    7                    0                    1
                   16                    8                    1                    0
                   16                    9                    1                    0
                   16                   10                    1                    0
                   16                   10                    0                    1
                   16                   11                    1                    0
                   16                   13                    1                    0
                   16                   13                    0                    1
                   16                   14                    0                    1
                   16                   15                    1                    0
                   16                   18                    1                    0
                   16                   18                    0                    1
                   16                   19                    1                    0
                   16                   19                    0                    1
                   17                    1                    1                    0
                   17                    1                    0                    1
                   17                    2                    0                    1
                   17                    3                    1                    0
                   17                    4                    1                    0
                   17                    4                    0                    1
                   17                    6                    1                    0
                   17                    6                    0                    1
                   17                    7                    0                    1
                   17                    9                    0                    1
                   17                   11                    0                    1
                   17                   12                    1                    0
                   17                   13                    1                    0
                   17                   15                    0                    1
                   17                   16                    0                    1
                   17                   17                    0                    1
                   17                   18                    1                    0
                   17                   18                    0                    1
                   17                   19                    1                    0
                   17                   19                    0                    1
                   17                   20                    1                    0
                   18                    3                    0                    1
                   18                    4                    1                    0
                   18                    4                    0                    1
                   18                    5                    1                    0
                   18                    6                    1                    0
                   18                    8                    1                    0
                   18                    8                    0                    1
                   18                    9                    1                    0
                   18                   10                    1                    0
                   18                   10                    0                    1
                   18                   11                    0                    1
                   18                   13                    1                    0
                   18                   18                    0                    1
                   18                   19                    1                    0
                   18                   19                    0                    1
                   18                   20                    1                    0
                   18                   20                    0                    1
                   19                    1                    1                    0
                   19                    3                    1                    0
                   19                    3                    0                    1
                   19                    4                    1                    0
                   19                    4                    0                    1
                   19                    5                    1                    0
                   19                    5                    0                    1
                   19                    8                    1                    0
                   19                    9                    0                    1
                   19                   13                    1                    0
                   19                   15                    1                    0
                   19                   15                    0                    1
                   19                   16                    1                    0
                   19                   17                    1                    0
                   19                   17                    0                    1
                   19                   18                    0                    1
                   19                   20                    0                    1
                   20                    1                    0                    1
                   20                    2                    0                    1
                   20                    4                    0                    1
                   20                    5                    1                    0
                   20                    5                    0                    1
                   20                    6                    0                    1
                   20                    7                    0                    1
                   20                    9                    1                    0
                   20                    9                    0                    1
                   20                   10                    0                    1
                   20                   11                    0                    1
                   20                   12                    0                    1
                   20                   13                    1                    0
                   20                   13                    0                    1
                   20                   14                    1                    0
                   20                   15                    1                    0
                   20                   16                    0                    1
                   20                   17                    1                    0
                   20                   17                    0                    1
                   20                   18                    0                    1
                   20                   19                    0                    1
                   20                   20                    1                    0
                   11                    8
                    1                    4
