                   12                   18                    0                   -1
                   12                   19                    0                    1
                   18                   20                    1                    0
                   17                   20                   -1                    0
                   17                    1                    0                    0
                   11                   19                   -1                    0
                   17                   20                    0                    0
                   12                   19                    1                    0
                   12                   20                    0                    1
                   18                   20                    1                    0
                   17                   20                   -1                    0
                   12                   19                    0                   -1
                   13                   19                    1                    0
                   18                   20                    1                    0
                   12                   19                   -1                    0
                   18                   19                    0                   -1
                   18                   20                    0                    1
                   17                   20                   -1                    0
                   13                   19                    1                    0
                   17                   19                    0                   -1
                   17                   18                    0                   -1
                   17                   19                    0                    1
                   12                   19                   -1                    0
                   17                   20                    0                    1
                   12                   18                    0                   -1
                   12                   19                    0                    1
                   12                   18                    0                   -1
                   11                   18                   -1                    0
                   12                   18                    1                    0
                   12                   19                    0                    1
                   18                   20                    1                    0
                   12                   20                    0                    1
                   18                   19                    0                   -1
                   12                   19                    0                   -1
                   18                   20                    0                    1
                   12                   20                    0                    1
                   12                   19                    0                   -1
                   17                   20                   -1                    0
                   17                    1                    0                    0
                   12                   20                    0                    1
                   12                   19                    0                   -1
                   17                   20                    0                    0
                   11                   19                   -1                    0
                   12                   19                    1                    0
                   11                   19                   -1                    0
                   12                   19                    1                    0
                   12                   20                    0                    1
                   12                   19                    0                   -1
                   13                   19                    1                    0
                   17                    1                    0                    0
                   17                   20                    0                    0
                   12                   19                   -1                    0
                   16                   20                   -1                    0
                   17                   20                    1                    0
                   12                   20                    0                    1
                   12                   19                    0                   -1
                   17                   19                    0                   -1
                   11                   19                   -1                    0
                   10                   19                   -1                    0
                   11                   19                    1                    0
                   12                   19                    1                    0
                   16                   19                   -1                    0
                   15                   19                   -1                    0
                   16                   19                    1                    0
                   17                   19                    1                    0
                   18                   19                    1                    0
                   13                   19                    1                    0
                   18                   18                    0                   -1
