                    6                    9                    0                   -1
                   11                   17                   -1                    0
                   10                   17                   -1                    0
                    6                   10                    0                    1
                    7                   10                    1                    0
                   11                   17                    1                    0
                    6                   10                   -1                    0
                    5                   10                   -1                    0
                   11                   16                    0                   -1
                   11                   15                    0                   -1
                    4                   10                   -1                    0
                    3                   10                   -1                    0
                    4                   10                    1                    0
                   11                   16                    0                    1
                    4                    9                    0                   -1
                   12                   16                    1                    0
                   12                   15                    0                   -1
                    4                    8                    0                   -1
                    4                    9                    0                    1
                    4                    8                    0                   -1
                    5                    8                    1                    0
                    4                    8                   -1                    0
                    4                    9                    0                    1
                    4                    8                    0                   -1
                    4                    7                    0                   -1
                   12                   14                    0                   -1
                   12                   13                    0                   -1
                    4                    8                    0                    1
                    4                    7                    0                   -1
                   12                   12                    0                   -1
                   12                   11                    0                   -1
                    4                    8                    0                    1
                    4                    9                    0                    1
                    3                    9                   -1                    0
                   11                   11                   -1                    0
                    3                   10                    0                    1
                   11                   12                    0                    1
                   11                   13                    0                    1
                    3                    9                    0                   -1
                    2                    9                   -1                    0
                   10                   13                   -1                    0
                    1                    9                   -1                    0
                   11                   13                    1                    0
                   11                   14                    0                    1
                   12                   14                    1                    0
                   13                   14                    1                    0
                    1                   10                    0                    1
                    1                    9                    0                   -1
                   12                   14                   -1                    0
                   11                   14                   -1                    0
                   10                   14                   -1                    0
                   11                   14                    1                    0
                   12                   14                    1                    0
                   13                   14                    1                    0
                   12                   14                   -1                    0
                   20                    9                    0                    0
                    1                    9                    0                    0
                    1                   10                    0                    1
                    1                    9                    0                   -1
                   13                   14                    1                    0
                   20                    9                    0                    0
                   14                   14                    1                    0
                   14                   15                    0                    1
                   14                   16                    0                    1
                   19                    9                   -1                    0
                   18                    9                   -1                    0
                   14                   17                    0                    1
                   13                   17                   -1                    0
                   19                    9                    1                    0
                   20                    9                    1                    0
                   20                    8                    0                   -1
                   13                   16                    0                   -1
                   19                    8                   -1                    0
                   13                   15                    0                   -1
                   12                   15                   -1                    0
                   18                    8                   -1                    0
                   13                   15                    1                    0
                   18                    7                    0                   -1
                   13                   16                    0                    1
                   17                    7                   -1                    0
                   12                   16                   -1                    0
                   12                   17                    0                    1
                   17                    6                    0                   -1
                   12                   16                    0                   -1
                   17                    7                    0                    1
                   16                    7                   -1                    0
                   12                   17                    0                    1
                   11                   17                   -1                    0
                   17                    7                    1                    0
                   11                   16                    0                   -1
                   16                    7                   -1                    0
                   16                    8                    0                    1
                   11                   15                    0                   -1
                   16                    9                    0                    1
                   10                   15                   -1                    0
                   16                   10                    0                    1
                   10                   14                    0                   -1
                   11                   14                    1                    0
                   17                   10                    1                    0
                   10                   14                   -1                    0
                   11                   14                    1                    0
                   17                    9                    0                   -1
                   16                    9                   -1                    0
                   15                    9                   -1                    0
                   10                   14                   -1                    0
                   10                   13                    0                   -1
                   16                    9                    1                    0
                   10                   14                    0                    1
                   10                   13                    0                   -1
                   16                    8                    0                   -1
                    9                   13                   -1                    0
                    9                   14                    0                    1
                    8                   14                   -1                    0
                    7                   14                   -1                    0
                   15                    8                   -1                    0
                    8                   14                    1                    0
                    9                   14                    1                    0
                    8                   14                   -1                    0
                    9                   14                    1                    0
                   10                   14                    1                    0
                   16                    8                    1                    0
                   10                   13                    0                   -1
                   10                   12                    0                   -1
                    9                   12                   -1                    0
                    9                   13                    0                    1
                   10                   13                    1                    0
                   15                    8                   -1                    0
                   10                   12                    0                   -1
                    9                   12                   -1                    0
                   15                    7                    0                   -1
                    9                   11                    0                   -1
                    8                   11                   -1                    0
                   15                    8                    0                    1
                   16                    8                    1                    0
                    9                   11                    1                    0
                   16                    7                    0                   -1
                   16                    6                    0                   -1
                   16                    5                    0                   -1
                   16                    6                    0                    1
                   10                   11                    1                    0
                    9                   11                   -1                    0
                   10                   11                    1                    0
                   16                    7                    0                    1
                   16                    8                    0                    1
                   16                    7                    0                   -1
                    9                   11                   -1                    0
                   16                    8                    0                    1
                   15                    8                   -1                    0
                    9                   10                    0                   -1
                   10                   10                    1                    0
                   16                    8                    1                    0
                   15                    8                   -1                    0
                   14                    8                   -1                    0
                   14                    7                    0                   -1
                    9                   10                   -1                    0
                    9                   11                    0                    1
                   10                   11                    1                    0
                   10                   12                    0                    1
                   14                    8                    0                    1
                   10                   11                    0                   -1
                   13                    8                   -1                    0
                   13                    9                    0                    1
                   12                    9                   -1                    0
                   13                    9                    1                    0
                   13                    8                    0                   -1
                   12                    8                   -1                    0
                   12                    9                    0                    1
