                   11                    7                   -1                    0
                    8                    4                    0                   -1
                   11                    8                    0                    1
                    9                    4                    1                    0
                    9                    5                    0                    1
                   10                    8                   -1                    0
                   10                    7                    0                   -1
                    9                    6                    0                    1
                   10                    8                    0                    1
                    9                    5                    0                   -1
                   11                    8                    1                    0
                   11                    7                    0                   -1
                   10                    5                    1                    0
                    9                    5                   -1                    0
                   12                    7                    1                    0
                   13                    7                    1                    0
                    9                    4                    0                   -1
                   13                    8                    0                    1
                    8                    4                   -1                    0
                    8                    3                    0                   -1
                    9                    3                    1                    0
                   14                    8                    1                    0
                   14                    7                    0                   -1
                   10                    3                    1                    0
                   13                    7                   -1                    0
                   13                    8                    0                    1
                   10                    4                    0                    1
                   10                    3                    0                   -1
                   11                    3                    1                    0
                   14                    8                    1                    0
                   14                    7                    0                   -1
                   14                    6                    0                   -1
                   14                    7                    0                    1
                   11                    2                    0                   -1
                   10                    2                   -1                    0
                   11                    2                    1                    0
                   14                    8                    0                    1
                   12                    2                    1                    0
                   13                    8                   -1                    0
                   13                    2                    1                    0
                   14                    2                    1                    0
                   13                    2                   -1                    0
                   14                    8                    1                    0
                   12                    2                   -1                    0
                   15                    8                    1                    0
                   15                    7                    0                   -1
                   14                    7                   -1                    0
                   14                    8                    0                    1
                   14                    9                    0                    1
                   15                    9                    1                    0
                   11                    2                   -1                    0
                   15                    8                    0                   -1
                   11                    1                    0                   -1
                   16                    8                    1                    0
                   16                    7                    0                   -1
                   16                    6                    0                   -1
                   12                    1                    1                    0
                   12                   20                    0                    0
                   12                    1                    0                    0
                   15                    6                   -1                    0
                   15                    7                    0                    1
                   12                   20                    0                    0
                   13                   20                    1                    0
                   16                    7                    1                    0
                   16                    8                    0                    1
                   14                   20                    1                    0
                   15                    8                   -1                    0
                   14                    1                    0                    0
                   13                    1                   -1                    0
                   15                    9                    0                    1
                   12                    1                   -1                    0
                   15                    8                    0                   -1
                   12                    2                    0                    1
                   11                    2                   -1                    0
                   10                    2                   -1                    0
                   15                    9                    0                    1
                   16                    9                    1                    0
                   16                   10                    0                    1
                   11                    2                    1                    0
                   15                   10                   -1                    0
                   15                   11                    0                    1
                   16                   11                    1                    0
                   11                    3                    0                    1
                   16                   12                    0                    1
                   16                   13                    0                    1
                   16                   12                    0                   -1
                   12                    3                    1                    0
                   17                   12                    1                    0
                   13                    3                    1                    0
                   16                   12                   -1                    0
                   17                   12                    1                    0
                   13                    2                    0                   -1
                   12                    2                   -1                    0
                   17                   11                    0                   -1
                   17                   12                    0                    1
                   17                   11                    0                   -1
                   17                   12                    0                    1
                   18                   12                    1                    0
                   12                    1                    0                   -1
                   12                    2                    0                    1
                   11                    2                   -1                    0
                   11                    3                    0                    1
                   11                    2                    0                   -1
                   11                    3                    0                    1
                   12                    3                    1                    0
                   18                   11                    0                   -1
                   17                   11                   -1                    0
                   12                    4                    0                    1
                   12                    3                    0                   -1
                   13                    3                    1                    0
                   13                    2                    0                   -1
                   13                    1                    0                   -1
                   17                   12                    0                    1
                   13                    2                    0                    1
                   12                    2                   -1                    0
                   17                   11                    0                   -1
                   18                   11                    1                    0
                   18                   12                    0                    1
                   19                   12                    1                    0
                   13                    2                    1                    0
                   19                   13                    0                    1
                   14                    2                    1                    0
                   14                    1                    0                   -1
                   15                    1                    1                    0
                   15                    2                    0                    1
                   19                   12                    0                   -1
                   20                   12                    1                    0
                   19                   12                   -1                    0
                   19                   13                    0                    1
                   20                   13                    1                    0
                   14                    2                   -1                    0
                    1                   13                    0                    0
                    2                   13                    1                    0
                   13                    2                   -1                    0
                    3                   13                    1                    0
                    3                   14                    0                    1
                   13                    1                    0                   -1
                    3                   15                    0                    1
                   12                    1                   -1                    0
                   12                   20                    0                    0
                    3                   16                    0                    1
                    3                   17                    0                    1
                   13                   20                    1                    0
                    2                   17                   -1                    0
                   12                   20                   -1                    0
                   12                    1                    0                    0
                   13                    1                    1                    0
                    3                   17                    1                    0
                    3                   16                    0                   -1
                    2                   16                   -1                    0
                    2                   15                    0                   -1
                    2                   14                    0                   -1
                   13                    2                    0                    1
                   13                    1                    0                   -1
                   12                    1                   -1                    0
                    3                   14                    1                    0
                   12                    2                    0                    1
                    3                   15                    0                    1
                    3                   14                    0                   -1
                    2                   14                   -1                    0
                    3                   14                    1                    0
                    2                   14                   -1                    0
                    1                   14                   -1                    0
                   13                    2                    1                    0
                    1                   13                    0                   -1
                   14                    2                    1                    0
                   14                    3                    0                    1
                   15                    3                    1                    0
                   16                    3                    1                    0
                   15                    3                   -1                    0
                   15                    4                    0                    1
                   14                    4                   -1                    0
                   14                    3                    0                   -1
                   14                    4                    0                    1
                    1                   12                    0                   -1
                    2                   12                    1                    0
                   13                    4                   -1                    0
                   13                    5                    0                    1
                   12                    5                   -1                    0
                    3                   12                    1                    0
                    4                   12                    1                    0
                   11                    5                   -1                    0
                    5                   12                    1                    0
                   10                    5                   -1                    0
                    4                   12                   -1                    0
                    5                   12                    1                    0
                    5                   11                    0                   -1
                    5                   12                    0                    1
                    4                   12                   -1                    0
                    4                   13                    0                    1
                   11                    5                    1                    0
                    3                   13                   -1                    0
