                    1                    2                    1                    0
                    1                    2                    0                    1
                    1                    4                    1                    0
                    1                    5                    0                    1
                    1                    6                    1                    0
                    1                    7                    0                    1
                    1                    8                    1                    0
                    1                    9                    1                    0
                    1                   12                    0                    1
                    1                   14                    1                    0
                    1                   16                    1                    0
                    1                   16                    0                    1
                    2                    1                    0                    1
                    2                    4                    1                    0
                    2                    6                    0                    1
                    2                    7                    1                    0
                    2                    8                    1                    0
                    2                    9                    0                    1
                    2                   10                    1                    0
                    2                   12                    1                    0
                    2                   12                    0                    1
                    2                   13                    0                    1
                    2                   16                    0                    1
                    2                   17                    1                    0
                    2                   20                    1                    0
                    2                   20                    0                    1
                    3                    3                    1                    0
                    3                    3                    0                    1
                    3                    6                    1                    0
                    3                    6                    0                    1
                    3                    8                    1                    0
                    3                    9                    1                    0
                    3                    9                    0                    1
                    3                   10                    1                    0
                    3                   10                    0                    1
                    3                   11                    0                    1
                    3                   12                    1                    0
                    3                   12                    0                    1
                    3                   13                    1                    0
                    3                   15                    1                    0
                    3                   15                    0                    1
                    3                   16                    1                    0
                    3                   17                    0                    1
                    3                   18                    1                    0
                    3                   20                    1                    0
                    4                    2                    1                    0
                    4                    2                    0                    1
                    4                    3                    1                    0
                    4                    3                    0                    1
                    4                    4                    0                    1
                    4                    5                    1                    0
                    4                    6                    0                    1
                    4                    7                    0                    1
                    4                    8                    1                    0
                    4                    8                    0                    1
                    4                   10                    0                    1
                    4                   11                    0                    1
                    4                   13                    0                    1
                    4                   14                    1                    0
                    4                   15                    1                    0
                    4                   16                    0                    1
                    4                   17                    0                    1
                    4                   20                    1                    0
                    5                    1                    1                    0
                    5                    2                    0                    1
                    5                    5                    0                    1
                    5                    6                    0                    1
                    5                    7                    1                    0
                    5                    8                    0                    1
                    5                    9                    0                    1
                    5                   10                    0                    1
                    5                   11                    1                    0
                    5                   14                    0                    1
                    5                   20                    0                    1
                    6                    1                    1                    0
                    6                    1                    0                    1
                    6                    2                    1                    0
                    6                    5                    0                    1
                    6                    6                    0                    1
                    6                   11                    0                    1
                    6                   12                    1                    0
                    6                   14                    1                    0
                    6                   14                    0                    1
                    6                   15                    1                    0
                    6                   20                    1                    0
                    6                   20                    0                    1
                    7                    2                    0                    1
                    7                    3                    0                    1
                    7                    4                    1                    0
                    7                    7                    1                    0
                    7                    7                    0                    1
                    7                    8                    0                    1
                    7                    9                    0                    1
                    7                   10                    1                    0
                    7                   12                    1                    0
                    7                   14                    0                    1
                    7                   16                    1                    0
                    7                   16                    0                    1
                    7                   17                    0                    1
                    7                   18                    1                    0
                    7                   20                    0                    1
                    8                    4                    1                    0
                    8                    6                    1                    0
                    8                    6                    0                    1
                    8                   10                    1                    0
                    8                   11                    1                    0
                    8                   11                    0                    1
                    8                   16                    0                    1
                    8                   17                    0                    1
                    9                    1                    1                    0
                    9                    4                    0                    1
                    9                    5                    0                    1
                    9                    7                    1                    0
                    9                    7                    0                    1
                    9                    8                    0                    1
                    9                    9                    0                    1
                    9                   10                    1                    0
                    9                   10                    0                    1
                    9                   14                    1                    0
                    9                   14                    0                    1
                    9                   15                    0                    1
                    9                   16                    1                    0
                    9                   17                    1                    0
                    9                   17                    0                    1
                    9                   18                    1                    0
                    9                   19                    1                    0
                    9                   19                    0                    1
                    9                   20                    0                    1
                   10                    1                    0                    1
                   10                    2                    1                    0
                   10                    3                    1                    0
                   10                    3                    0                    1
                   10                    4                    0                    1
                   10                    5                    0                    1
                   10                    6                    0                    1
                   10                    8                    1                    0
                   10                    8                    0                    1
                   10                    9                    0                    1
                   10                   12                    1                    0
                   10                   12                    0                    1
                   10                   13                    1                    0
                   10                   14                    1                    0
                   10                   16                    1                    0
                   10                   17                    0                    1
                   10                   19                    1                    0
                   11                    1                    1                    0
                   11                    1                    0                    1
                   11                    2                    1                    0
                   11                    2                    0                    1
                   11                    6                    0                    1
                   11                    7                    1                    0
                   11                    8                    1                    0
                   11                   11                    1                    0
                   11                   11                    0                    1
                   11                   14                    0                    1
                   11                   15                    0                    1
                   11                   19                    1                    0
                   12                    2                    1                    0
                   12                    5                    1                    0
                   12                    5                    0                    1
                   12                    6                    0                    1
                   12                    8                    1                    0
                   12                   10                    1                    0
                   12                   10                    0                    1
                   12                   16                    1                    0
                   12                   16                    0                    1
                   12                   17                    1                    0
                   12                   18                    1                    0
                   12                   18                    0                    1
                   12                   20                    1                    0
                   12                   20                    0                    1
                   13                    2                    0                    1
                   13                    3                    1                    0
                   13                    5                    1                    0
                   13                    6                    1                    0
                   13                    6                    0                    1
                   13                    7                    1                    0
                   13                    8                    1                    0
                   13                   10                    1                    0
                   13                   11                    1                    0
                   13                   11                    0                    1
                   13                   12                    0                    1
                   13                   13                    0                    1
                   13                   14                    0                    1
                   13                   15                    1                    0
                   13                   16                    0                    1
                   13                   18                    0                    1
                   13                   19                    1                    0
                   13                   20                    1                    0
                   14                    2                    1                    0
                   14                    2                    0                    1
                   14                    3                    0                    1
                   14                    4                    0                    1
                   14                    6                    1                    0
                   14                    7                    0                    1
                   14                   10                    0                    1
                   14                   12                    1                    0
                   14                   12                    0                    1
                   14                   13                    1                    0
                   14                   15                    1                    0
                   14                   19                    0                    1
                   15                    1                    0                    1
                   15                    5                    1                    0
                   15                    5                    0                    1
                   15                    9                    1                    0
                   15                    9                    0                    1
                   15                   10                    0                    1
                   15                   11                    0                    1
                   15                   12                    1                    0
                   15                   12                    0                    1
                   15                   15                    0                    1
                   15                   16                    0                    1
                   15                   17                    0                    1
                   15                   18                    0                    1
                   15                   19                    0                    1
                   15                   20                    0                    1
                   16                    2                    1                    0
                   16                    2                    0                    1
                   16                    3                    1                    0
                   16                    5                    1                    0
                   16                    6                    1                    0
                   16                    6                    0                    1
                   16                    7                    0                    1
                   16                    8                    0                    1
                   16                   11                    1                    0
                   16                   11                    0                    1
                   16                   13                    1                    0
                   16                   13                    0                    1
                   16                   14                    1                    0
                   16                   15                    1                    0
                   16                   15                    0                    1
                   16                   16                    0                    1
                   16                   17                    0                    1
                   16                   18                    1                    0
                   17                    2                    1                    0
                   17                    3                    0                    1
                   17                    4                    0                    1
                   17                    6                    1                    0
                   17                    8                    1                    0
                   17                    8                    0                    1
                   17                    9                    0                    1
                   17                   10                    0                    1
                   17                   13                    0                    1
                   17                   15                    0                    1
                   17                   16                    1                    0
                   17                   17                    1                    0
                   17                   17                    0                    1
                   17                   19                    1                    0
                   17                   19                    0                    1
                   17                   20                    1                    0
                   18                    1                    0                    1
                   18                    2                    1                    0
                   18                    2                    0                    1
                   18                    3                    1                    0
                   18                    5                    1                    0
                   18                    5                    0                    1
                   18                    8                    1                    0
                   18                   14                    1                    0
                   18                   14                    0                    1
                   18                   15                    1                    0
                   18                   16                    0                    1
                   18                   19                    0                    1
                   18                   20                    1                    0
                   18                   20                    0                    1
                   19                    2                    1                    0
                   19                    3                    1                    0
                   19                    4                    1                    0
                   19                    4                    0                    1
                   19                    5                    1                    0
                   19                    5                    0                    1
                   19                    6                    1                    0
                   19                    8                    0                    1
                   19                    9                    0                    1
                   19                   10                    0                    1
                   19                   11                    1                    0
                   19                   13                    1                    0
                   19                   13                    0                    1
                   19                   15                    1                    0
                   19                   19                    1                    0
                   19                   19                    0                    1
                   20                    2                    0                    1
                   20                    3                    1                    0
                   20                    3                    0                    1
                   20                    4                    1                    0
                   20                    4                    0                    1
                   20                    5                    1                    0
                   20                    5                    0                    1
                   20                    7                    1                    0
                   20                    7                    0                    1
                   20                    8                    0                    1
                   20                    9                    1                    0
                   20                   11                    0                    1
                   20                   12                    1                    0
                   20                   13                    1                    0
                   20                   14                    1                    0
                   20                   14                    0                    1
                   20                   17                    1                    0
                   20                   17                    0                    1
                   20                   18                    0                    1
                   11                   13
                    6                    5
