                    2                   17                    1                    0
                    3                    1                    0                    1
                    3                    2                    1                    0
                    3                   17                    1                    0
                    3                   20                    1                    0
                    3                   20                    0                    1
                    4                    1                    0                    1
                    4                   17                    1                    0
                    4                   20                    0                    1
                    5                    1                    1                    0
                    5                   17                    1                    0
                    6                    1                    0                    1
                    6                    2                    1                    0
                    6                   10                    1                    0
                    6                   10                    0                    1
                    6                   11                    1                    0
                    6                   17                    1                    0
                    7                    1                    1                    0
                    7                    2                    1                    0
                    7                   10                    0                    1
                    7                   17                    0                    1
                    7                   18                    0                    1
                    7                   19                    0                    1
                    7                   20                    0                    1
                    8                    1                    0                    1
                    8                    6                    1                    0
                   11                    1                    1                    0
                   11                    1                    0                    1
                   11                    2                    1                    0
                   12                    1                    0                    1
                   17                   14                    1                    0
                   17                   14                    0                    1
                   17                   15                    1                    0
                   18                   14                    1                    0
                   18                   15                    1                    0
                   19                   14                    0                    1
                    5                    1
                    9                    6
