                    3                   19                    1                    0
                    3                   19                    0                    1
                    3                   20                    1                    0
                    4                   19                    0                    1
                    8                   11                    1                    0
                    9                    7                    1                    0
                   10                    6                    1                    0
                   10                    6                    0                    1
                    9                    7
                   11                    6
