                   19                    4                    1                    0
                   19                    3                    0                   -1
                    6                   12                    1                    0
                   18                    3                   -1                    0
                   19                    3                    1                    0
                    5                   12                   -1                    0
                    5                   11                    0                   -1
                    5                   10                    0                   -1
                   18                    3                   -1                    0
                    4                   10                   -1                    0
                   17                    3                   -1                    0
                    3                   10                   -1                    0
                   18                    3                    1                    0
                   19                    3                    1                    0
                    4                   10                    1                    0
                   19                    4                    0                    1
                    5                   10                    1                    0
                   20                    4                    1                    0
                    5                    9                    0                   -1
                    6                    9                    1                    0
                    5                    9                   -1                    0
                    5                   10                    0                    1
                   19                    4                   -1                    0
                   20                    4                    1                    0
                    5                   11                    0                    1
                    1                    4                    0                    0
                    1                    5                    0                    1
                    5                   12                    0                    1
                    5                   11                    0                   -1
                   20                    5                    0                    0
                    1                    5                    0                    0
                    1                    6                    0                    1
                    1                    5                    0                   -1
                    5                   12                    0                    1
                    1                    4                    0                   -1
                   20                    4                    0                    0
                    4                   12                   -1                    0
                    5                   12                    1                    0
                   19                    4                   -1                    0
                    6                   12                    1                    0
                    6                   11                    0                   -1
                   20                    4                    1                    0
                   20                    3                    0                   -1
                    1                    3                    0                    0
                    1                    2                    0                   -1
                    2                    2                    1                    0
                    6                   12                    0                    1
                    5                   12                   -1                    0
                    1                    2                   -1                    0
                    2                    2                    1                    0
                    2                    3                    0                    1
                    6                   12                    1                    0
                    2                    2                    0                   -1
                    6                   13                    0                    1
                    3                    2                    1                    0
                    5                   13                   -1                    0
                    3                    1                    0                   -1
                    3                    2                    0                    1
                    5                   14                    0                    1
                    6                   14                    1                    0
                    5                   14                   -1                    0
                    4                    2                    1                    0
                    4                    3                    0                    1
                    4                    2                    0                   -1
                    5                   13                    0                   -1
                    5                   14                    0                    1
                    5                   13                    0                   -1
                    5                   12                    0                   -1
                    3                    2                   -1                    0
                    3                    1                    0                   -1
                    5                   13                    0                    1
                    4                    1                    1                    0
                    4                   13                   -1                    0
                    4                   12                    0                   -1
                    3                    1                   -1                    0
                    4                   11                    0                   -1
                    5                   11                    1                    0
                    3                    2                    0                    1
                    6                   11                    1                    0
                    2                    2                   -1                    0
                    7                   11                    1                    0
                    7                   10                    0                   -1
                    1                    2                   -1                    0
                    6                   10                   -1                    0
                    6                    9                    0                   -1
                    6                   10                    0                    1
                    7                   10                    1                    0
                    8                   10                    1                    0
                   20                    2                    0                    0
                    8                   11                    0                    1
                    7                   11                   -1                    0
                    1                    2                    0                    0
                    1                    3                    0                    1
                    8                   11                    1                    0
                    1                    4                    0                    1
                    1                    5                    0                    1
                    1                    4                    0                   -1
                    1                    3                    0                   -1
                    9                   11                    1                    0
                    9                   12                    0                    1
                    9                   11                    0                   -1
                   10                   11                    1                    0
                    9                   11                   -1                    0
                    8                   11                   -1                    0
                   20                    3                    0                    0
                    8                   10                    0                   -1
                    9                   10                    1                    0
                   19                    3                   -1                    0
                   19                    2                    0                   -1
                   10                   10                    1                    0
                   18                    2                   -1                    0
                    9                   10                   -1                    0
                    9                    9                    0                   -1
                    9                   10                    0                    1
                   18                    3                    0                    1
                    9                   11                    0                    1
                   19                    3                    1                    0
                   20                    3                    1                    0
