                    1                    1                    1                    0
                    1                    8                    0                    1
                    1                   11                    0                    1
                    1                   17                    0                    1
                    1                   18                    0                    1
                    1                   20                    0                    1
                    2                    1                    1                    0
                    3                   14                    1                    0
                    3                   14                    0                    1
                    3                   15                    1                    0
                    3                   20                    1                    0
                    3                   20                    0                    1
                    4                   14                    0                    1
                    4                   19                    1                    0
                    4                   19                    0                    1
                    5                   10                    1                    0
                    5                   10                    0                    1
                    5                   19                    0                    1
                    5                   20                    1                    0
                    6                    7                    1                    0
                    6                    7                    0                    1
                    6                    8                    0                    1
                    6                    9                    1                    0
                    6                   10                    1                    0
                    6                   14                    1                    0
                    6                   14                    0                    1
                    6                   15                    0                    1
                    6                   16                    1                    0
                    6                   17                    1                    0
                    6                   17                    0                    1
                    6                   18                    0                    1
                    6                   19                    0                    1
                    7                    7                    1                    0
                    7                    8                    1                    0
                    7                    8                    0                    1
                    7                   10                    0                    1
                    7                   11                    1                    0
                    7                   12                    1                    0
                    7                   12                    0                    1
                    7                   13                    1                    0
                    7                   14                    1                    0
                    7                   16                    0                    1
                    8                    7                    0                    1
                    8                   11                    0                    1
                    8                   13                    1                    0
                    8                   14                    1                    0
                    8                   15                    1                    0
                    8                   15                    0                    1
                    8                   16                    0                    1
                    8                   17                    1                    0
                    9                   12                    1                    0
                    9                   12                    0                    1
                    9                   14                    1                    0
                    9                   15                    1                    0
                   10                   11                    1                    0
                   10                   12                    0                    1
                   10                   13                    1                    0
                   10                   14                    0                    1
                   11                   11                    1                    0
                   11                   13                    1                    0
                   12                    6                    1                    0
                   12                    6                    0                    1
                   12                    7                    1                    0
                   12                   11                    0                    1
                   12                   12                    1                    0
                   12                   13                    1                    0
                   13                    6                    1                    0
                   13                    7                    1                    0
                   13                   12                    0                    1
                   13                   15                    1                    0
                   13                   15                    0                    1
                   13                   16                    1                    0
                   13                   19                    1                    0
                   13                   19                    0                    1
                   13                   20                    1                    0
                   14                    6                    0                    1
                   14                   16                    1                    0
                   14                   19                    1                    0
                   14                   20                    1                    0
                   15                    2                    1                    0
                   15                    2                    0                    1
                   15                    3                    1                    0
                   15                   12                    1                    0
                   15                   12                    0                    1
                   15                   13                    0                    1
                   15                   14                    1                    0
                   15                   15                    1                    0
                   15                   15                    0                    1
                   15                   19                    1                    0
                   15                   20                    1                    0
                   16                    2                    0                    1
                   16                   12                    0                    1
                   16                   13                    0                    1
                   16                   15                    0                    1
                   16                   16                    0                    1
                   16                   17                    1                    0
                   16                   19                    1                    0
                   16                   20                    1                    0
                   17                   17                    0                    1
                   17                   18                    0                    1
                   17                   20                    1                    0
                   18                   19                    1                    0
                   18                   19                    0                    1
                   19                   18                    1                    0
                   19                   18                    0                    1
                   20                    8                    1                    0
                   20                    8                    0                    1
                   20                    9                    1                    0
                   20                   11                    1                    0
                   20                   11                    0                    1
                   20                   12                    1                    0
                   20                   17                    1                    0
                   20                   17                    0                    1
                   20                   19                    1                    0
                   20                   19                    0                    1
                   20                   20                    1                    0
                   14                   15
                    5                   11
