                    3                   19                    0                    1
                    3                   18                    0                   -1
                   15                    3                    0                   -1
                   14                    3                   -1                    0
                    4                   18                    1                    0
                   15                    3                    1                    0
                    4                   17                    0                   -1
                   15                    4                    0                    1
                    3                   17                   -1                    0
                    4                   17                    1                    0
                    4                   18                    0                    1
                    3                   18                   -1                    0
                    3                   19                    0                    1
                   15                    5                    0                    1
                    3                   20                    0                    1
                   15                    4                    0                   -1
                    2                   20                   -1                    0
                    3                   20                    1                    0
                    3                   19                    0                   -1
                    3                   20                    0                    1
                    3                   19                    0                   -1
                    3                   20                    0                    1
                   16                    4                    1                    0
                    4                   20                    1                    0
                   15                    4                   -1                    0
                    4                   19                    0                   -1
                   14                    4                   -1                    0
                    4                   20                    0                    1
                   15                    4                    1                    0
                    3                   20                   -1                    0
                    4                   20                    1                    0
                    3                   20                   -1                    0
                    3                   19                    0                   -1
                   15                    5                    0                    1
                    3                   18                    0                   -1
                    2                   18                   -1                    0
                   15                    4                    0                   -1
                    2                   17                    0                   -1
                   14                    4                   -1                    0
                   15                    4                    1                    0
                   16                    4                    1                    0
                    2                   18                    0                    1
                   15                    4                   -1                    0
                   15                    5                    0                    1
                   15                    4                    0                   -1
                    1                   18                   -1                    0
                   20                   18                    0                    0
                    1                   18                    0                    0
                    1                   19                    0                    1
                    1                   18                    0                   -1
                   15                    5                    0                    1
                    1                   19                    0                    1
                   15                    4                    0                   -1
                   16                    4                    1                    0
                   15                    4                   -1                    0
                    1                   20                    0                    1
                    1                   19                    0                   -1
                    1                   18                    0                   -1
                   20                   18                    0                    0
                   16                    4                    1                    0
                    1                   18                    0                    0
                    1                   19                    0                    1
                   20                   19                    0                    0
                    1                   19                    0                    0
                   16                    3                    0                   -1
