                   17                   17                    1                    0
                   16                   17                   -1                    0
                    3                   15                    1                    0
                    4                   15                    1                    0
                    2                   14                    0                   -1
                    4                   14                    0                   -1
                    1                   14                   -1                    0
                    1                   13                    0                   -1
                    4                   15                    0                    1
                    1                   14                    0                    1
                    3                   15                   -1                    0
                    2                   15                   -1                    0
                    2                   14                    1                    0
                    3                   14                    1                    0
                    2                   14                   -1                    0
                    1                   14                   -1                    0
                    2                   14                    1                    0
                    2                   16                    0                    1
                    1                   16                   -1                    0
                    2                   16                    1                    0
                    2                   15                    0                   -1
                    2                   14                    0                   -1
                   15                    4                    0                   -1
                   15                    5                    0                    1
                    2                    3                    0                    1
                    2                    3                    0                    1
                    3                    3                    1                    0
                    3                    3                    1                    0
                    8                    3                   -1                    0
                    8                    3                   -1                    0
                    6                    7                    0                   -1
                    5                    8                   -1                    0
                    6                    8                    1                    0
                    7                    8                    1                    0
                    6                    8                    0                    1
                    5                    8                   -1                    0
                    4                    8                   -1                    0
                    6                    8                   -1                    0
                    6                    7                    0                   -1
                    4                    7                    0                   -1
                    4                    8                    0                    1
                    5                    8                    1                    0
                    5                    7                   -1                    0
                    6                    8                    1                    0
                    6                    7                    1                    0
                    6                    8                    0                    1
                   16                    9                   -1                    0
                   17                    9                    1                    0
                    5                   10                    0                    1
                    5                   10                    0                    1
                    4                   10                   -1                    0
                    4                   10                   -1                    0
                   13                   12                    1                    0
                   12                   12                   -1                    0
                    2                    7                    1                    0
                    1                    8                    0                    1
                    1                    7                   -1                    0
                    1                    7                    0                   -1
                    1                    6                    0                   -1
                    1                    8                    0                    1
                    2                    8                    1                    0
                    2                    6                    1                    0
                    2                    9                    0                    1
                    1                    6                   -1                    0
                    2                   10                    0                    1
                    1                    7                    0                    1
                    1                    8                    0                    1
                    2                    9                    0                   -1
                    2                   10                    0                    1
                    2                   11                    0                    1
                    2                   10                    0                   -1
                    2                   11                    0                    1
