                   11                   17                   -1                    0
                   11                   16                    0                   -1
                   20                    4                    1                    0
                   19                    4                   -1                    0
                   19                    3                    0                   -1
                   11                   17                    0                    1
                   18                    3                   -1                    0
                   19                    3                    1                    0
                   20                    3                    1                    0
                   19                    3                   -1                    0
                   19                    4                    0                    1
                   19                    3                    0                   -1
                   18                    3                   -1                    0
                   19                    3                    1                    0
                   19                    4                    0                    1
                   18                    4                   -1                    0
                   11                   18                    0                    1
                   10                   18                   -1                    0
                   19                    4                    1                    0
                   19                    3                    0                   -1
                   18                    3                   -1                    0
                   11                   18                    1                    0
                   11                   19                    0                    1
                   11                   18                    0                   -1
                   18                    2                    0                   -1
                   18                    3                    0                    1
                   11                   19                    0                    1
                   11                   18                    0                   -1
                   11                   17                    0                   -1
                   19                    3                    1                    0
                   12                   17                    1                    0
                   19                    4                    0                    1
                   19                    5                    0                    1
                   13                   17                    1                    0
                   14                   17                    1                    0
                   18                    5                   -1                    0
                   14                   18                    0                    1
                   17                    5                   -1                    0
                   14                   19                    0                    1
                   14                   18                    0                   -1
                   14                   17                    0                   -1
                   13                   17                   -1                    0
                   17                    6                    0                    1
                   17                    5                    0                   -1
                   17                    4                    0                   -1
                   17                    5                    0                    1
                   12                   17                   -1                    0
                   18                    5                    1                    0
                   12                   18                    0                    1
                   12                   19                    0                    1
                   18                    6                    0                    1
                   12                   18                    0                   -1
                   12                   19                    0                    1
                   19                    6                    1                    0
                   18                    6                   -1                    0
                   18                    5                    0                   -1
                   11                   19                   -1                    0
                   10                   19                   -1                    0
                   18                    4                    0                   -1
                   11                   19                    1                    0
                   17                    4                   -1                    0
                   17                    3                    0                   -1
                   16                    3                   -1                    0
                   17                    3                    1                    0
                   18                    3                    1                    0
                   12                   19                    1                    0
                   17                    3                   -1                    0
                   18                    3                    1                    0
                   11                   19                   -1                    0
                   17                    3                   -1                    0
                   17                    2                    0                   -1
                   18                    2                    1                    0
                   12                   19                    1                    0
                   17                    2                   -1                    0
                   17                    1                    0                   -1
                   16                    1                   -1                    0
                   16                   20                    0                    0
                   12                   20                    0                    1
                   13                   20                    1                    0
                   17                   20                    1                    0
                   17                    1                    0                    0
                   14                   20                    1                    0
                   13                   20                   -1                    0
                   17                   20                    0                    0
                   12                   20                   -1                    0
                   17                   19                    0                   -1
