                    2                   12                    1                    0
                    2                   12                    0                    1
                    2                   13                    1                    0
                    3                    4                    1                    0
                    3                    4                    0                    1
                    3                   12                    0                    1
                    3                   13                    1                    0
                    3                   13                    0                    1
                    4                    4                    0                    1
                    4                    5                    1                    0
                    4                    7                    1                    0
                    4                   13                    1                    0
                    5                    5                    0                    1
                    5                    6                    0                    1
                    5                   10                    1                    0
                    5                   10                    0                    1
                    5                   11                    0                    1
                    5                   12                    0                    1
                    6                    9                    0                    1
                   15                    9                    1                    0
                   15                    9                    0                    1
                   15                   10                    1                    0
                   16                    3                    1                    0
                   16                    3                    0                    1
                   16                    4                    1                    0
                   16                    9                    0                    1
                   16                   15                    1                    0
                   16                   15                    0                    1
                   16                   16                    1                    0
                   17                    3                    0                    1
                   17                   15                    0                    1
                    6                    9
                    4                    7
