                    1                    4                    0                    1
                    1                    6                    1                    0
                    1                    6                    0                    1
                    1                    7                    1                    0
                    1                    8                    0                    1
                    1                   13                    1                    0
                    1                   17                    1                    0
                    1                   18                    1                    0
                    2                    5                    1                    0
                    2                    5                    0                    1
                    2                    7                    0                    1
                    2                    8                    0                    1
                    2                    9                    0                    1
                    2                   10                    1                    0
                    2                   13                    0                    1
                    2                   14                    1                    0
                    2                   17                    0                    1
                    3                    4                    1                    0
                    3                    4                    0                    1
                    3                   10                    1                    0
                    3                   14                    0                    1
                    3                   15                    0                    1
                    3                   16                    1                    0
                    4                    3                    1                    0
                    4                    3                    0                    1
                    4                    7                    1                    0
                    4                    7                    0                    1
                    4                    8                    1                    0
                    4                   10                    0                    1
                    4                   11                    1                    0
                    4                   15                    1                    0
                    4                   15                    0                    1
                    4                   16                    1                    0
                    4                   16                    0                    1
                    4                   17                    1                    0
                    5                    3                    1                    0
                    5                    7                    1                    0
                    5                    8                    0                    1
                    5                    9                    1                    0
                    5                   11                    0                    1
                    5                   12                    1                    0
                    5                   15                    1                    0
                    5                   16                    0                    1
                    6                    1                    1                    0
                    6                    3                    1                    0
                    6                    5                    1                    0
                    6                    5                    0                    1
                    6                    6                    0                    1
                    6                    8                    0                    1
                    6                   12                    1                    0
                    6                   15                    1                    0
                    6                   20                    1                    0
                    6                   20                    0                    1
                    7                    3                    1                    0
                    7                    5                    0                    1
                    7                    6                    1                    0
                    7                    7                    1                    0
                    7                    7                    0                    1
                    7                    8                    0                    1
                    7                    9                    0                    1
                    7                   10                    0                    1
                    7                   11                    0                    1
                    7                   15                    1                    0
                    7                   20                    0                    1
                    8                    2                    1                    0
                    8                    2                    0                    1
                    8                    6                    0                    1
                    8                   11                    1                    0
                    8                   11                    0                    1
                    8                   12                    0                    1
                    8                   13                    1                    0
                    8                   14                    1                    0
                    8                   14                    0                    1
                    9                    1                    1                    0
                    9                    2                    1                    0
                    9                   11                    0                    1
                    9                   12                    0                    1
                    9                   13                    1                    0
                    9                   13                    0                    1
                    9                   14                    1                    0
                    9                   14                    0                    1
                    9                   15                    0                    1
                    9                   16                    1                    0
                    9                   18                    1                    0
                    9                   18                    0                    1
                    9                   19                    0                    1
                    9                   20                    0                    1
                   10                    1                    0                    1
                   10                   13                    1                    0
                   10                   14                    0                    1
                   10                   15                    0                    1
                   10                   18                    1                    0
                   11                   12                    1                    0
                   11                   12                    0                    1
                   11                   15                    1                    0
                   11                   15                    0                    1
                   11                   16                    1                    0
                   11                   17                    1                    0
                   11                   17                    0                    1
                   12                    7                    1                    0
                   12                    7                    0                    1
                   12                    8                    1                    0
                   12                   10                    1                    0
                   12                   10                    0                    1
                   12                   11                    1                    0
                   12                   12                    1                    0
                   12                   14                    1                    0
                   12                   14                    0                    1
                   12                   15                    1                    0
                   12                   15                    0                    1
                   12                   17                    1                    0
                   13                    6                    0                    1
                   13                    8                    0                    1
                   13                    9                    0                    1
                   13                   12                    0                    1
                   13                   13                    1                    0
                   13                   14                    0                    1
                   13                   16                    1                    0
                   13                   16                    0                    1
                   13                   17                    1                    0
                   13                   17                    0                    1
                   13                   18                    0                    1
                   13                   19                    0                    1
                   13                   20                    1                    0
                   14                   11                    1                    0
                   14                   11                    0                    1
                   14                   12                    1                    0
                   14                   13                    0                    1
                   14                   14                    0                    1
                   14                   15                    1                    0
                   14                   16                    0                    1
                   14                   20                    1                    0
                   15                    3                    1                    0
                   15                    3                    0                    1
                   15                    4                    1                    0
                   15                   11                    1                    0
                   15                   12                    1                    0
                   15                   15                    1                    0
                   15                   16                    1                    0
                   15                   16                    0                    1
                   15                   17                    0                    1
                   15                   18                    1                    0
                   16                    3                    0                    1
                   16                   10                    1                    0
                   16                   10                    0                    1
                   16                   12                    1                    0
                   16                   15                    0                    1
                   16                   17                    1                    0
                   16                   17                    0                    1
                   16                   18                    1                    0
                   16                   18                    0                    1
                   16                   19                    0                    1
                   16                   20                    1                    0
                   17                    7                    1                    0
                   17                    7                    0                    1
                   17                    8                    1                    0
                   17                   10                    0                    1
                   17                   11                    1                    0
                   17                   12                    0                    1
                   17                   13                    0                    1
                   17                   14                    1                    0
                   17                   17                    0                    1
                   17                   20                    1                    0
                   18                    7                    0                    1
                   18                   11                    1                    0
                   18                   13                    1                    0
                   18                   13                    0                    1
                   18                   19                    1                    0
                   18                   19                    0                    1
                   19                    2                    1                    0
                   19                    2                    0                    1
                   19                    3                    0                    1
                   19                    4                    1                    0
                   19                   11                    0                    1
                   19                   12                    1                    0
                   19                   13                    0                    1
                   19                   14                    0                    1
                   19                   15                    1                    0
                   19                   19                    1                    0
                   20                    1                    0                    1
                   20                    4                    1                    0
                   20                    5                    1                    0
                   20                    5                    0                    1
                   20                    6                    0                    1
                   20                    7                    0                    1
                   20                    8                    1                    0
                   20                    9                    1                    0
                   20                    9                    0                    1
                   20                   10                    0                    1
                   20                   11                    0                    1
                   20                   13                    1                    0
                   20                   13                    0                    1
                   20                   14                    0                    1
                   20                   17                    1                    0
                   20                   17                    0                    1
                   20                   18                    1                    0
                   20                   19                    0                    1
                   20                   20                    0                    1
                   13                    6
                    6                    8
