                    8                   17                    0                   -1
                    8                   16                    0                   -1
                    8                   17                    0                    1
                    6                   18                    1                    0
                    8                   16                    0                   -1
                    5                   18                   -1                    0
                    5                   19                    0                    1
                    8                   17                    0                    1
                    8                   18                    0                    1
                    4                   19                   -1                    0
                    7                   18                   -1                    0
                    4                   20                    0                    1
                    4                    1                    0                    0
                    7                   19                    0                    1
                    7                   20                    0                    1
                    3                    1                   -1                    0
                    7                   19                    0                   -1
                    6                   19                   -1                    0
                    3                   20                    0                    0
                    3                   19                    0                   -1
                    6                   20                    0                    1
                    2                   19                   -1                    0
                    7                   20                    1                    0
                    7                    1                    0                    0
                    3                   19                    1                    0
                    3                   20                    0                    1
                    7                   20                    0                    0
                    7                   19                    0                   -1
                    3                   19                    0                   -1
                    4                   19                    1                    0
                    7                   20                    0                    1
                    7                   19                    0                   -1
                    7                   18                    0                   -1
                    8                   18                    1                    0
                    3                   19                   -1                    0
                    3                   20                    0                    1
                    2                   20                   -1                    0
                    3                   20                    1                    0
                    3                    1                    0                    0
                    4                    1                    1                    0
                    8                   17                    0                   -1
                    8                   18                    0                    1
                    4                   20                    0                    0
                    8                   19                    0                    1
                    8                   18                    0                   -1
                    7                   18                   -1                    0
                    5                   20                    1                    0
                    6                   20                    1                    0
                    5                   20                   -1                    0
                    6                   20                    1                    0
                    6                    1                    0                    0
                    6                   18                   -1                    0
                    6                   20                    0                    0
                    6                   19                    0                   -1
                    5                   18                   -1                    0
                    7                   19                    1                    0
                    7                   20                    0                    1
                    6                   18                    1                    0
                    8                   20                    1                    0
                    7                   20                   -1                    0
                    6                   20                   -1                    0
                    6                   19                    0                    1
                    7                   19                    1                    0
                    5                   20                   -1                    0
                    5                   19                    0                   -1
                    5                   18                    0                   -1
                    5                   19                    0                    1
                    7                   18                    0                   -1
                    7                   19                    0                    1
                    6                   19                    1                    0
                    5                   19                   -1                    0
                    4                   19                   -1                    0
                    7                   20                    0                    1
                    4                   20                    0                    1
                    5                   20                    1                    0
                    7                   19                    0                   -1
                    6                   19                   -1                    0
                    5                   19                   -1                    0
                    4                   20                   -1                    0
                    5                   20                    1                    0
                    4                   20                   -1                    0
                    5                   18                    0                   -1
                    4                   18                   -1                    0
                    3                   20                   -1                    0
                    5                   18                    1                    0
                    4                   20                    1                    0
                    5                   19                    0                    1
                    4                   19                    0                   -1
                    5                   20                    0                    1
                    4                   20                    0                    1
                    3                   20                   -1                    0
                    5                   19                    0                   -1
                    5                   18                    0                   -1
                    4                   18                   -1                    0
                    3                    1                    0                    0
                    5                   18                    1                    0
                    5                   19                    0                    1
                    5                   20                    0                    1
                    2                    1                   -1                    0
                    5                   19                    0                   -1
                    5                   18                    0                   -1
                    1                    1                   -1                    0
                   20                    1                    0                    0
                    5                   17                    0                   -1
                    6                   17                    1                    0
                   20                   20                    0                    0
                    7                   17                    1                    0
                   20                    1                    0                    0
                    7                   16                    0                   -1
                   19                    1                   -1                    0
                   20                    1                    1                    0
                   19                    1                   -1                    0
                    7                   17                    0                    1
                    7                   18                    0                    1
                   19                    2                    0                    1
                    7                   17                    0                   -1
                   19                    1                    0                   -1
                    6                   17                   -1                    0
