                   17                    5                    0                   -1
                   17                    4                    0                   -1
                   17                    5                    0                    1
                   19                    3                    1                    0
                   19                    2                    0                   -1
                   19                    3                    0                    1
                   17                    6                    0                    1
                   18                    3                   -1                    0
                   19                    3                    1                    0
                   18                    3                   -1                    0
                   17                    3                   -1                    0
                   16                    3                   -1                    0
                   17                    5                    0                   -1
                   17                    3                    1                    0
                   17                    4                    0                    1
                   17                    5                    0                    1
                   17                    4                    0                   -1
                   17                    3                    0                   -1
                   16                    3                   -1                    0
                   17                    4                    0                   -1
                   18                    4                    1                    0
                   17                    4                   -1                    0
                   17                    5                    0                    1
                   17                    3                    1                    0
                   16                    5                   -1                    0
                   15                    5                   -1                    0
                   15                    6                    0                    1
                   17                    4                    0                    1
                   18                    4                    1                    0
                   18                    5                    0                    1
                   18                    4                    0                   -1
                   15                    7                    0                    1
                   16                    7                    1                    0
                   18                    3                    0                   -1
                   17                    3                   -1                    0
                   17                    4                    0                    1
                   16                    8                    0                    1
                   18                    4                    1                    0
                   16                    7                    0                   -1
                   15                    7                   -1                    0
                   17                    4                   -1                    0
                   17                    5                    0                    1
                   17                    6                    0                    1
                   15                    6                    0                   -1
                   17                    5                    0                   -1
                   17                    6                    0                    1
                   16                    6                   -1                    0
                   17                    6                    1                    0
                   14                    6                   -1                    0
                   15                    6                    1                    0
                   16                    6                   -1                    0
                   16                    7                    0                    1
                   14                    6                   -1                    0
                   16                    8                    0                    1
                   15                    6                    1                    0
                   16                    7                    0                   -1
                   15                    7                   -1                    0
                   15                    5                    0                   -1
                   14                    7                   -1                    0
                   14                    6                    0                   -1
                   16                    5                    1                    0
                   14                    5                    0                   -1
                   17                    5                    1                    0
                   13                    5                   -1                    0
                   17                    4                    0                   -1
                   17                    3                    0                   -1
                   13                    6                    0                    1
                   16                    3                   -1                    0
                   15                    3                   -1                    0
                   13                    5                    0                   -1
                   15                    2                    0                   -1
                   13                    6                    0                    1
                   14                    2                   -1                    0
                   14                    3                    0                    1
                   15                    3                    1                    0
                   15                    2                    0                   -1
                   16                    2                    1                    0
                   15                    2                   -1                    0
                   12                    6                   -1                    0
                   14                    2                   -1                    0
                   12                    5                    0                   -1
                   15                    2                    1                    0
                   15                    3                    0                    1
                   13                    5                    1                    0
                   13                    6                    0                    1
                   13                    5                    0                   -1
                   14                    3                   -1                    0
                   14                    4                    0                    1
                   13                    6                    0                    1
                   13                    7                    0                    1
                   12                    7                   -1                    0
                   13                    4                   -1                    0
                   14                    4                    1                    0
                   14                    3                    0                   -1
                   12                    6                    0                   -1
                   14                    4                    0                    1
                   13                    6                    1                    0
                   13                    5                    0                   -1
                   13                    4                    0                   -1
                   15                    4                    1                    0
                   13                    3                    0                   -1
                   14                    3                    1                    0
                   14                    4                    0                    1
                   14                    4                   -1                    0
                   20                   10                    0                   -1
                   20                   10                    0                   -1
                   20                    9                    0                   -1
                   20                    9                    0                   -1
                   20                    8                    0                   -1
                   19                    9                   -1                    0
                   20                    9                    1                    0
                   19                    8                   -1                    0
                   19                    7                    0                   -1
                   19                    8                    0                    1
                   20                   10                    0                    1
                   18                    8                   -1                    0
                   20                   11                    0                    1
                   18                    7                    0                   -1
                   18                    6                    0                   -1
                   18                    7                    0                    1
                   20                   10                    0                   -1
                   20                   11                    0                    1
                   18                    6                    0                   -1
                   20                   10                    0                   -1
                    1                   10                    0                    0
                   20                   10                    0                    0
                   19                   10                   -1                    0
                   19                    9                    0                   -1
                   19                   10                    0                    1
                   19                   11                    0                    1
                   18                    7                    0                    1
                   19                    7                    1                    0
