                    6                    8                    0                   -1
                    3                   14                    1                    0
                    4                   14                    1                    0
                    5                    8                   -1                    0
                    6                    8                    1                    0
                    3                   14                   -1                    0
                    5                    8                   -1                    0
                    5                    9                    0                    1
                    2                   14                   -1                    0
                    6                    9                    1                    0
                    2                   13                    0                   -1
                    6                   10                    0                    1
                    2                   14                    0                    1
                    6                    9                    0                   -1
                    1                   14                   -1                    0
                    7                    9                    1                    0
                    2                   14                    1                    0
                    8                    9                    1                    0
                    8                    8                    0                   -1
                    8                    9                    0                    1
                    9                    9                    1                    0
                    9                    8                    0                   -1
                    9                    7                    0                   -1
                    3                   14                    1                    0
                    2                   14                   -1                    0
                   10                    7                    1                    0
                    9                    7                   -1                    0
                    9                    8                    0                    1
                    2                   15                    0                    1
                    9                    9                    0                    1
                    1                   15                   -1                    0
                    9                    8                    0                   -1
                   10                    8                    1                    0
                    9                    8                   -1                    0
                    9                    9                    0                    1
                    9                   10                    0                    1
                    2                   15                    1                    0
                    3                   15                    1                    0
                    4                   15                    1                    0
                    9                    9                    0                   -1
                    4                   14                    0                   -1
                   10                    9                    1                    0
                   11                    9                    1                    0
                   10                    9                   -1                    0
                    9                    9                   -1                    0
                    5                   14                    1                    0
                    8                    9                   -1                    0
                    5                   15                    0                    1
                    6                   15                    1                    0
                    6                   16                    0                    1
                    6                   15                    0                   -1
                    7                   15                    1                    0
                    7                   16                    0                    1
                    7                   17                    0                    1
                    8                   17                    1                    0
                    7                    9                   -1                    0
                    8                   16                    0                   -1
                    7                   10                    0                    1
                    8                   17                    0                    1
                    7                    9                    0                   -1
                    8                    9                    1                    0
                    9                    9                    1                    0
                    8                   18                    0                    1
                    9                   10                    0                    1
                   10                   10                    1                    0
                    9                   18                    1                    0
                   10                    9                    0                   -1
                   10                   10                    0                    1
                    8                   18                   -1                    0
                    8                   19                    0                    1
                    9                   19                    1                    0
                    8                   19                   -1                    0
                   10                   11                    0                    1
                   10                   12                    0                    1
                    8                   20                    0                    1
                    8                   19                    0                   -1
                   10                   11                    0                   -1
                    8                   20                    0                    1
                    9                   11                   -1                    0
                    7                   20                   -1                    0
                    9                   12                    0                    1
                    8                   20                    1                    0
                   10                   12                    1                    0
                   10                   13                    0                    1
                    9                   20                    1                    0
                    9                    1                    0                    0
                    9                   20                    0                    0
                    9                   19                    0                   -1
                   10                   12                    0                   -1
                   11                   12                    1                    0
                   10                   19                    1                    0
                    9                   19                   -1                    0
                    8                   19                   -1                    0
                    9                   19                    1                    0
                   10                   12                   -1                    0
                    9                   18                    0                   -1
                   10                   11                    0                   -1
                   10                   18                    1                    0
                   10                   12                    0                    1
                   10                   13                    0                    1
                   10                   14                    0                    1
                    9                   14                   -1                    0
                   10                   14                    1                    0
                    9                   14                   -1                    0
                   10                   14                    1                    0
                   10                   17                    0                   -1
                   10                   18                    0                    1
                   10                   15                    0                    1
                    9                   15                   -1                    0
                   10                   19                    0                    1
                    8                   15                   -1                    0
                   10                   20                    0                    1
                   10                   19                    0                   -1
                   10                   18                    0                   -1
                    9                   18                   -1                    0
                    9                   15                    1                    0
                    9                   19                    0                    1
                    9                   20                    0                    1
                    9                   16                    0                    1
                    8                   16                   -1                    0
