                    1                    6                    0                    1
                    1                    7                    0                    1
                    1                    9                    1                    0
                    1                    9                    0                    1
                    1                   10                    1                    0
                    2                    9                    0                    1
                    3                   17                    0                    1
                    3                   18                    1                    0
                    4                   18                    1                    0
                    6                   15                    1                    0
                    6                   15                    0                    1
                    6                   16                    1                    0
                    7                   15                    0                    1
                    8                    7                    1                    0
                    8                   17                    1                    0
                    8                   17                    0                    1
                    8                   18                    1                    0
                    9                    6                    1                    0
                    9                    6                    0                    1
                    9                   16                    1                    0
                    9                   16                    0                    1
                    9                   18                    0                    1
                    9                   19                    1                    0
                   10                    6                    1                    0
                   10                   10                    1                    0
                   10                   10                    0                    1
                   10                   11                    1                    0
                   10                   16                    0                    1
                   10                   17                    0                    1
                   10                   18                    0                    1
                   11                    5                    1                    0
                   11                    5                    0                    1
                   11                   10                    0                    1
                   12                    5                    1                    0
                   13                   14                    1                    0
                   13                   14                    0                    1
                   13                   15                    1                    0
                   13                   16                    1                    0
                   13                   16                    0                    1
                   13                   17                    1                    0
                   14                   14                    0                    1
                   14                   16                    0                    1
                   15                    8                    1                    0
                   15                    8                    0                    1
                   15                    9                    1                    0
                   16                    8                    1                    0
                   16                    9                    1                    0
                   17                    8                    0                    1
                   17                   14                    1                    0
                   17                   14                    0                    1
                   17                   15                    1                    0
                   18                   14                    0                    1
                   19                    6                    1                    0
                   19                    6                    0                    1
                   19                    7                    1                    0
                   20                    6                    1                    0
                   20                    7                    0                    1
                   20                    8                    1                    0
                    3                   17
                    5                   18
