                    4                   19                   -1                    0
                    5                   19                    1                    0
                    5                   20                    0                    1
                    7                    1                    0                   -1
                    6                   20                    1                    0
                    6                   19                    0                   -1
                    6                   20                    0                    1
                    5                   20                   -1                    0
                    5                   19                    0                   -1
                    8                    1                    1                    0
                    9                    1                    1                    0
                    5                   20                    0                    1
                    5                   19                    0                   -1
                    8                    1                   -1                    0
                    5                   18                    0                   -1
                    8                   20                    0                    0
                    8                    1                    0                    0
                    7                    1                   -1                    0
                    7                   20                    0                    0
                    7                    1                    0                    0
                    6                   18                    1                    0
                    5                   18                   -1                    0
                    5                   19                    0                    1
                    5                   20                    0                    1
                    5                   19                    0                   -1
                    7                    2                    0                    1
                    4                   19                   -1                    0
                    7                    1                    0                   -1
                    4                   20                    0                    1
                    4                    1                    0                    0
                    5                    1                    1                    0
                    7                    2                    0                    1
                    7                    1                    0                   -1
                    8                    1                    1                    0
                    7                    1                   -1                    0
                    5                    2                    0                    1
                    4                    2                   -1                    0
                    7                    2                    0                    1
                    5                    2                    1                    0
                    4                    2                   -1                    0
                    5                    2                    1                    0
                    7                    1                    0                   -1
                    6                    2                    1                    0
                    5                    2                   -1                    0
                    7                    2                    0                    1
                    8                    2                    1                    0
                    5                    1                    0                   -1
                    8                    1                    0                   -1
                    8                   20                    0                    0
                    8                    1                    0                    0
                    8                    2                    0                    1
                    7                    2                   -1                    0
                    4                    1                   -1                    0
                    4                   20                    0                    0
                    4                   19                    0                   -1
                    6                    2                   -1                    0
                    5                   19                    1                    0
                    7                    2                    1                    0
                    7                    3                    0                    1
                    5                   20                    0                    1
                    8                    3                    1                    0
                    5                   19                    0                   -1
                    6                   19                    1                    0
                    7                    3                   -1                    0
                    6                    3                   -1                    0
                    6                    4                    0                    1
                    5                   19                   -1                    0
                    6                    3                    0                   -1
                    6                    2                    0                   -1
                    7                    2                    1                    0
                    5                   18                    0                   -1
                    6                    2                   -1                    0
