                   17                    1                   -1                    0
                    5                   10                    0                    1
                    5                   11                    0                    1
                   18                    1                    1                    0
                   18                   20                    0                    0
                   19                   20                    1                    0
                    5                   12                    0                    1
                    5                   11                    0                   -1
                   19                   19                    0                   -1
                    5                   10                    0                   -1
                   19                   20                    0                    1
                   19                    1                    0                    0
                   19                   20                    0                    0
                   20                   20                    1                    0
                    5                    9                    0                   -1
                   20                   19                    0                   -1
                   20                   20                    0                    1
                    5                    8                    0                   -1
                    4                    8                   -1                    0
                    1                   20                    0                    0
                    4                    7                    0                   -1
                    5                    7                    1                    0
                    1                    1                    0                    0
                    5                    6                    0                   -1
                    2                    1                    1                    0
                    4                    6                   -1                    0
                    5                    6                    1                    0
                    6                    6                    1                    0
                    6                    5                    0                   -1
                    5                    5                   -1                    0
                    5                    6                    0                    1
                    4                    6                   -1                    0
                    1                    1                   -1                    0
                   20                    1                    0                    0
                   19                    1                   -1                    0
                    3                    6                   -1                    0
                   20                    1                    1                    0
                    1                    1                    0                    0
                    1                   20                    0                    0
                    3                    7                    0                    1
                    3                    8                    0                    1
                    3                    9                    0                    1
                    2                   20                    1                    0
                    2                    1                    0                    0
                    2                   20                    0                    0
                    3                   10                    0                    1
                    4                   10                    1                    0
                    1                   20                   -1                    0
                    4                    9                    0                   -1
                    1                   19                    0                   -1
                    1                   20                    0                    1
                    1                   19                    0                   -1
                    4                    8                    0                   -1
                   20                   19                    0                    0
                    5                    8                    1                    0
                   20                   20                    0                    1
                   20                    1                    0                    0
                   20                    2                    0                    1
                   20                    1                    0                   -1
                    5                    9                    0                    1
                   20                   20                    0                    0
                    6                    9                    1                    0
                    5                    9                   -1                    0
                    6                    9                    1                    0
                    5                    9                   -1                    0
                    5                   10                    0                    1
                   19                   20                   -1                    0
                    5                   11                    0                    1
                    6                   11                    1                    0
                   19                   19                    0                   -1
                    6                   12                    0                    1
                    6                   11                    0                   -1
                    7                   11                    1                    0
                    8                   11                    1                    0
                   19                   18                    0                   -1
                   18                   18                   -1                    0
                   17                   18                   -1                    0
                    8                   12                    0                    1
                    7                   12                   -1                    0
                   17                   17                    0                   -1
                    7                   13                    0                    1
                   17                   16                    0                   -1
                    7                   12                    0                   -1
                   18                   16                    1                    0
                    6                   12                   -1                    0
                   17                   16                   -1                    0
                   18                   16                    1                    0
                    6                   13                    0                    1
                   18                   17                    0                    1
                    5                   13                   -1                    0
                   18                   16                    0                   -1
                   19                   16                    1                    0
                    6                   13                    1                    0
                   19                   17                    0                    1
                    5                   13                   -1                    0
                    6                   13                    1                    0
                    6                   14                    0                    1
                    6                   13                    0                   -1
                   18                   17                   -1                    0
                   18                   16                    0                   -1
                   18                   17                    0                    1
                    5                   13                   -1                    0
                   17                   17                   -1                    0
                   18                   17                    1                    0
                    4                   13                   -1                    0
                    4                   12                    0                   -1
                    5                   12                    1                    0
                   19                   17                    1                    0
                   19                   16                    0                   -1
                   18                   16                   -1                    0
                   18                   15                    0                   -1
                   18                   16                    0                    1
                   19                   16                    1                    0
                   19                   15                    0                   -1
                    5                   13                    0                    1
                    5                   14                    0                    1
                    4                   14                   -1                    0
                   19                   14                    0                   -1
                    4                   15                    0                    1
                   19                   15                    0                    1
                    4                   14                    0                   -1
                    4                   15                    0                    1
                   18                   15                   -1                    0
                    3                   15                   -1                    0
                    3                   14                    0                   -1
                   17                   15                   -1                    0
                    4                   14                    1                    0
                   17                   16                    0                    1
                    3                   14                   -1                    0
                    3                   13                    0                   -1
                    2                   13                   -1                    0
                   18                   16                    1                    0
                    2                   12                    0                   -1
                   18                   15                    0                   -1
                   18                   14                    0                   -1
                    2                   11                    0                   -1
                   18                   15                    0                    1
                   19                   15                    1                    0
                    2                   12                    0                    1
                    2                   13                    0                    1
                   19                   16                    0                    1
                    2                   14                    0                    1
                    3                   14                    1                    0
                   19                   15                    0                   -1
                    4                   14                    1                    0
                    3                   14                   -1                    0
                   19                   14                    0                   -1
                    4                   14                    1                    0
                    4                   15                    0                    1
                   19                   13                    0                   -1
                   19                   12                    0                   -1
                   19                   11                    0                   -1
                   19                   10                    0                   -1
                   19                   11                    0                    1
                    4                   14                    0                   -1
                   19                   10                    0                   -1
                   18                   10                   -1                    0
                    3                   14                   -1                    0
                   19                   10                    1                    0
                   19                   11                    0                    1
                   18                   11                   -1                    0
                    4                   14                    1                    0
                    5                   14                    1                    0
                    4                   14                   -1                    0
                   19                   11                    1                    0
                    3                   14                   -1                    0
                   19                   10                    0                   -1
                   20                   10                    1                    0
                   20                    9                    0                   -1
                    2                   14                   -1                    0
                   19                    9                   -1                    0
                   20                    9                    1                    0
                    2                   15                    0                    1
                   20                   10                    0                    1
                   20                    9                    0                   -1
                   20                   10                    0                    1
                    3                   15                    1                    0
                    4                   15                    1                    0
                    1                   10                    0                    0
                    4                   16                    0                    1
                    1                    9                    0                   -1
                    1                    8                    0                   -1
                    4                   17                    0                    1
                   20                    8                    0                    0
                    1                    8                    0                    0
                    3                   17                   -1                    0
                    2                    8                    1                    0
                    4                   17                    1                    0
                    4                   16                    0                   -1
                    4                   17                    0                    1
                    4                   16                    0                   -1
                    2                    7                    0                   -1
                    3                   16                   -1                    0
                    3                   17                    0                    1
                    2                    8                    0                    1
                    2                   17                   -1                    0
                    1                   17                   -1                    0
                    1                    8                   -1                    0
