                    1                   18                    1                    0
                    2                    4                    1                    0
                    2                    4                    0                    1
                    2                    5                    1                    0
                    3                    4                    0                    1
                    8                    5                    0                    1
                    8                    6                    0                    1
                    8                    7                    1                    0
                    9                    7                    0                    1
                    9                    8                    1                    0
                   10                    8                    0                    1
                   10                    9                    0                    1
                   11                   13                    1                    0
                   11                   13                    0                    1
                   11                   14                    0                    1
                   11                   15                    0                    1
                   11                   16                    1                    0
                   12                   13                    0                    1
                   12                   14                    0                    1
                   12                   15                    0                    1
                   14                   11                    1                    0
                   14                   11                    0                    1
                   14                   12                    1                    0
                   15                   11                    0                    1
                   17                    9                    1                    0
                   17                    9                    0                    1
                   17                   10                    1                    0
                   17                   11                    1                    0
                   17                   11                    0                    1
                   17                   12                    1                    0
                   18                    9                    0                    1
                   18                   11                    1                    0
                   18                   12                    1                    0
                   19                   11                    0                    1
                   19                   18                    1                    0
                   19                   18                    0                    1
                   19                   19                    1                    0
                   20                   18                    1                    0
                    2                   18
                    8                    5
