                   14                    7                   -1                    0
                    6                   19                    0                    1
                   15                    7                    1                    0
                    7                   19                    1                    0
                    7                   20                    0                    1
                    7                   19                    0                   -1
                    6                   19                   -1                    0
                    5                   19                   -1                    0
                    6                   19                    1                    0
                    6                   18                    0                   -1
                   15                    6                    0                   -1
                   15                    7                    0                    1
                   15                    8                    0                    1
                   15                    9                    0                    1
                   15                    8                    0                   -1
                   16                    8                    1                    0
                    6                   19                    0                    1
                    6                   18                    0                   -1
                   16                    7                    0                   -1
                    6                   17                    0                   -1
                    6                   16                    0                   -1
                   16                    8                    0                    1
                   15                    8                   -1                    0
                    5                   16                   -1                    0
                    6                   16                    1                    0
                   15                    7                    0                   -1
                    7                   16                    1                    0
                    6                   16                   -1                    0
                   15                    8                    0                    1
                    6                   17                    0                    1
                   15                    7                    0                   -1
                    6                   16                    0                   -1
                   14                    7                   -1                    0
                    6                   17                    0                    1
                    6                   18                    0                    1
                   13                    7                   -1                    0
                   13                    8                    0                    1
                   13                    7                    0                   -1
                   14                    7                    1                    0
                   15                    7                    1                    0
                   16                    7                    1                    0
                    6                   17                    0                   -1
                    7                   17                    1                    0
                    6                   17                   -1                    0
                    6                   18                    0                    1
                    5                   18                   -1                    0
                   17                    7                    1                    0
                   16                    7                   -1                    0
                   17                    7                    1                    0
                    4                   18                   -1                    0
                    5                   18                    1                    0
                    6                   18                    1                    0
                   18                    7                    1                    0
                   17                    7                   -1                    0
                   16                    7                   -1                    0
                   15                    7                   -1                    0
                    6                   19                    0                    1
                   15                    6                    0                   -1
                    6                   18                    0                   -1
                    6                   19                    0                    1
                   16                    6                    1                    0
                    6                   18                    0                   -1
                   15                    6                   -1                    0
                    5                   18                   -1                    0
                    6                   18                    1                    0
                   15                    7                    0                    1
                    5                   18                   -1                    0
                    4                   18                   -1                    0
                   15                    6                    0                   -1
                    5                   18                    1                    0
                    6                   18                    1                    0
                    5                   18                   -1                    0
                    6                   18                    1                    0
                   15                    7                    0                    1
                   14                    7                   -1                    0
                    6                   19                    0                    1
                   13                    7                   -1                    0
                   13                    6                    0                   -1
                    5                   19                   -1                    0
                   14                    6                    1                    0
                    6                   19                    1                    0
                   14                    5                    0                   -1
                    6                   18                    0                   -1
                   14                    6                    0                    1
                   13                    6                   -1                    0
                   13                    7                    0                    1
                   14                    7                    1                    0
                    6                   19                    0                    1
                   14                    8                    0                    1
                    6                   20                    0                    1
                   14                    7                    0                   -1
                    6                   19                    0                   -1
                    6                   18                    0                   -1
                   13                    7                   -1                    0
                    6                   19                    0                    1
                    6                   18                    0                   -1
                   13                    6                    0                   -1
                    6                   17                    0                   -1
                    6                   18                    0                    1
