                    7                    3                    1                    0
                   11                    9                    0                    1
                   10                    9                   -1                    0
                   11                    9                    1                    0
                    7                    2                    0                   -1
                    8                    2                    1                    0
                   11                   10                    0                    1
                   10                   10                   -1                    0
                   10                    9                    0                   -1
                    8                    3                    0                    1
                    8                    2                    0                   -1
                    8                    1                    0                   -1
                    8                    2                    0                    1
                    9                    9                   -1                    0
                    7                    2                   -1                    0
                   10                    9                    1                    0
                   10                   10                    0                    1
                   10                    9                    0                   -1
                    7                    3                    0                    1
                   11                    9                    1                    0
                   11                    8                    0                   -1
                    8                    3                    1                    0
                   11                    7                    0                   -1
                    9                    3                    1                    0
                   12                    7                    1                    0
                    9                    2                    0                   -1
                    9                    1                    0                   -1
                    8                    1                   -1                    0
                    8                   20                    0                    0
                    8                   19                    0                   -1
                   11                    7                   -1                    0
                    8                   20                    0                    1
                    8                    1                    0                    0
                    8                    2                    0                    1
                    8                    3                    0                    1
                   11                    8                    0                    1
                    7                    3                   -1                    0
                   11                    7                    0                   -1
                   11                    8                    0                    1
                    6                    3                   -1                    0
                    7                    3                    1                    0
                   10                    8                   -1                    0
                    9                    8                   -1                    0
                   10                    8                    1                    0
                    7                    4                    0                    1
                    7                    5                    0                    1
                   11                    8                    1                    0
                   12                    8                    1                    0
                   11                    8                   -1                    0
                    6                    5                   -1                    0
                    5                    5                   -1                    0
                   11                    9                    0                    1
                   12                    9                    1                    0
                    6                    5                    1                    0
                   11                    9                   -1                    0
                    6                    4                    0                   -1
                    5                    4                   -1                    0
                    4                    4                   -1                    0
                   11                   10                    0                    1
                   10                   10                   -1                    0
                   10                   11                    0                    1
                    4                    3                    0                   -1
                    3                    3                   -1                    0
                   11                   11                    1                    0
                    4                    3                    1                    0
                   11                   10                    0                   -1
                   11                   11                    0                    1
                    3                    3                   -1                    0
                    3                    4                    0                    1
                    2                    4                   -1                    0
                    2                    3                    0                   -1
                   12                   11                    1                    0
                    2                    2                    0                   -1
                   13                   11                    1                    0
                    3                    2                    1                    0
                    2                    2                   -1                    0
                   13                   10                    0                   -1
                   14                   10                    1                    0
                   13                   10                   -1                    0
                    3                    2                    1                    0
                   14                   10                    1                    0
                   14                   11                    0                    1
                   14                   10                    0                   -1
                   15                   10                    1                    0
                   16                   10                    1                    0
                    2                    2                   -1                    0
                   15                   10                   -1                    0
                   15                   11                    0                    1
                   14                   11                   -1                    0
                   14                   10                    0                   -1
                    1                    2                   -1                    0
                   15                   10                    1                    0
                    2                    2                    1                    0
                    3                    2                    1                    0
                   16                   10                    1                    0
                    3                    1                    0                   -1
                    3                    2                    0                    1
                   15                   10                   -1                    0
                   14                   10                   -1                    0
                    3                    1                    0                   -1
                    2                    1                   -1                    0
                    1                    1                   -1                    0
                    2                    1                    1                    0
                   14                    9                    0                   -1
                    2                    2                    0                    1
                   14                    8                    0                   -1
                    3                    2                    1                    0
                   14                    7                    0                   -1
                   14                    6                    0                   -1
                   13                    6                   -1                    0
                   13                    7                    0                    1
                   12                    7                   -1                    0
                    4                    2                    1                    0
                    4                    1                    0                   -1
                   12                    8                    0                    1
                    4                    2                    0                    1
                    4                    3                    0                    1
                   12                    7                    0                   -1
                    4                    4                    0                    1
                    5                    4                    1                    0
                   13                    7                    1                    0
                   14                    7                    1                    0
                   13                    7                   -1                    0
                   12                    7                   -1                    0
                   11                    7                   -1                    0
                    6                    4                    1                    0
                    6                    3                    0                   -1
                   10                    7                   -1                    0
                    5                    3                   -1                    0
                   10                    8                    0                    1
                    6                    3                    1                    0
                    9                    8                   -1                    0
                    9                    7                    0                   -1
                    9                    6                    0                   -1
                    9                    7                    0                    1
                    9                    6                    0                   -1
                    9                    7                    0                    1
                    9                    8                    0                    1
                    7                    3                    1                    0
                    6                    3                   -1                    0
                    6                    2                    0                   -1
                    6                    3                    0                    1
                    6                    2                    0                   -1
                    7                    2                    1                    0
                   10                    8                    1                    0
                   10                    7                    0                   -1
                   11                    7                    1                    0
                    8                    2                    1                    0
                   10                    7                   -1                    0
                   11                    7                    1                    0
                   12                    7                    1                    0
                    8                    1                    0                   -1
                    8                   20                    0                    0
                   11                    7                   -1                    0
                   10                    7                   -1                    0
                    9                   20                    1                    0
                   10                    6                    0                   -1
                   10                   20                    1                    0
                   10                    7                    0                    1
                    9                   20                   -1                    0
                    9                    7                   -1                    0
                    9                   19                    0                   -1
                    9                    6                    0                   -1
                    9                    7                    0                    1
                    8                    7                   -1                    0
