                   14                   17                    0                   -1
                   14                   16                    0                   -1
                   14                   17                    0                    1
                   14                   18                    0                    1
                   15                   18                    1                    0
                   14                   18                   -1                    0
                   18                    1                   -1                    0
                   18                   20                    0                    0
                   18                    1                    0                    0
                   19                    1                    1                    0
                   13                   18                   -1                    0
                   19                    2                    0                    1
                   14                   18                    1                    0
                   14                   19                    0                    1
                   13                   19                   -1                    0
                   14                   19                    1                    0
                   13                   19                   -1                    0
                   18                    2                   -1                    0
                   14                   19                    1                    0
                   14                   20                    0                    1
                   15                   20                    1                    0
                   14                   20                   -1                    0
                   17                    2                   -1                    0
                   14                   19                    0                   -1
                   14                   18                    0                   -1
                   18                    2                    1                    0
                   19                    2                    1                    0
                   18                    2                   -1                    0
                   19                    2                    1                    0
                   14                   17                    0                   -1
                   19                    1                    0                   -1
                   13                   17                   -1                    0
                   18                    1                   -1                    0
                   14                   17                    1                    0
                   14                   18                    0                    1
                   14                   19                    0                    1
                   17                    1                   -1                    0
                   15                   19                    1                    0
                   17                    2                    0                    1
                   16                   19                    1                    0
                   15                   19                   -1                    0
                   17                    1                    0                   -1
                   14                   19                   -1                    0
                   14                   18                    0                   -1
                   17                    2                    0                    1
                   15                   18                    1                    0
                   16                    2                   -1                    0
                   16                    3                    0                    1
                   15                   19                    0                    1
                   16                    2                    0                   -1
                   17                    2                    1                    0
                   15                   20                    0                    1
                   17                    3                    0                    1
                   15                   19                    0                   -1
                   16                    3                   -1                    0
                   15                   18                    0                   -1
                   16                    4                    0                    1
                   14                   18                   -1                    0
                   15                    4                   -1                    0
                   16                    4                    1                    0
                   14                   17                    0                   -1
                   16                    3                    0                   -1
                   13                   17                   -1                    0
                   15                    3                   -1                    0
                   16                    3                    1                    0
                   17                    3                    1                    0
                   16                    3                   -1                    0
                   17                    3                    1                    0
                   14                   17                    1                    0
                   17                    2                    0                   -1
                   17                    1                    0                   -1
                   14                   18                    0                    1
                   17                   20                    0                    0
                   18                   20                    1                    0
                   18                    1                    0                    0
                   17                    1                   -1                    0
                   18                    1                    1                    0
                   18                    2                    0                    1
                   17                    2                   -1                    0
                   14                   19                    0                    1
                   16                    2                   -1                    0
                   15                    2                   -1                    0
                   15                    1                    0                   -1
                   16                    1                    1                    0
                   15                    1                   -1                    0
                   14                    1                   -1                    0
                   14                   18                    0                   -1
