                    2                   10                    1                    0
                    2                   10                    0                    1
                    2                   11                    1                    0
                    3                   10                    0                    1
                   10                    9                    1                    0
                   10                    9                    0                    1
                   11                    9                    1                    0
                   12                    3                    1                    0
                   12                    3                    0                    1
                   12                    4                    1                    0
                   12                    9                    1                    0
                   13                    3                    0                    1
                   13                    9                    0                    1
                   13                   10                    1                    0
                   16                   19                    1                    0
                   16                   19                    0                    1
                   16                   20                    1                    0
                   17                   19                    1                    0
                   17                   20                    1                    0
                   18                   19                    0                    1
                   10                   10
                   20                   19
