                    4                   18                    0                    1
                    6                   17                    1                    0
                    6                   17                    0                    1
                    6                   18                    0                    1
                    6                   19                    1                    0
                    7                   17                    1                    0
                    7                   19                    1                    0
                    8                   17                    1                    0
                    8                   19                    0                    1
                    8                   20
                    4                   18
