                    1                    6                    1                    0
                    1                    6                    0                    1
                    1                    7                    1                    0
                    2                    6                    0                    1
                    3                   18                    1                    0
                    3                   18                    0                    1
                    4                   17                    1                    0
                    4                   17                    0                    1
                    5                    2                    1                    0
                    5                    2                    0                    1
                    5                    3                    1                    0
                    5                   17                    0                    1
                    5                   18                    1                    0
                    6                    2                    0                    1
                    6                   18                    1                    0
                    7                   16                    0                    1
                    7                   17                    0                    1
                    9                    4                    0                    1
                    9                   12                    1                    0
                    9                   12                    0                    1
                    9                   13                    1                    0
                   10                   12                    0                    1
                    9                    4
                    7                   16
