                    1                    8                    0                    1
                    1                   11                    1                    0
                    1                   11                    0                    1
                    1                   12                    0                    1
                    1                   13                    1                    0
                    2                   11                    0                    1
                    2                   12                    0                    1
                    7                   17                    1                    0
                    7                   17                    0                    1
                    7                   18                    1                    0
                    8                   17                    1                    0
                    8                   18                    1                    0
                    9                    2                    1                    0
                    9                   17                    0                    1
                   10                    2                    0                    1
                   10                    3                    1                    0
                   10                    8                    1                    0
                   11                    3                    0                    1
                   11                    4                    0                    1
                   11                    5                    0                    1
                   11                    8                    1                    0
                   14                    6                    1                    0
                   14                    6                    0                    1
                   14                    7                    1                    0
                   15                    6                    0                    1
                   20                    8                    1                    0
                   20                    8                    0                    1
                   20                    9                    1                    0
                   10                    8
                    9                    2
