                    1                   16                    0                    1
                    1                   17                    1                    0
                   18                   15                    1                    0
                   18                   15                    0                    1
                   18                   16                    1                    0
                   19                   15                    1                    0
                   19                   16                    0                    1
                   19                   17                    1                    0
                   20                   15                    0                    1
                   20                   16                    0                    1
                    5                    5
                    2                   17
