                   16                    8                    1                    0
                   15                    8                   -1                    0
                   14                    8                   -1                    0
                   15                    8                    1                    0
                   20                   20                    0                    0
                   14                    8                   -1                    0
                   14                    9                    0                    1
                   20                   19                    0                   -1
                   14                    8                    0                   -1
                   20                   18                    0                   -1
                   20                   17                    0                   -1
                   13                    8                   -1                    0
                   20                   18                    0                    1
                   12                    8                   -1                    0
                   20                   19                    0                    1
                   19                   19                   -1                    0
                   20                   19                    1                    0
                    1                   19                    0                    0
                   13                    8                    1                    0
                    2                   19                    1                    0
                    2                   20                    0                    1
                    3                   20                    1                    0
                    2                   20                   -1                    0
                   13                    9                    0                    1
                    2                   19                    0                   -1
                   13                    8                    0                   -1
                    1                   19                   -1                    0
                   14                    8                    1                    0
                    1                   20                    0                    1
                   20                   20                    0                    0
                   15                    8                    1                    0
                   19                   20                   -1                    0
                   16                    8                    1                    0
                   19                    1                    0                    0
                   15                    8                   -1                    0
                   14                    8                   -1                    0
                   19                   20                    0                    0
                   14                    7                    0                   -1
                   18                   20                   -1                    0
                   18                    1                    0                    0
                   18                   20                    0                    0
                   14                    8                    0                    1
                   17                   20                   -1                    0
                   17                   19                    0                   -1
                   15                    8                    1                    0
                   17                   20                    0                    1
                   17                    1                    0                    0
                   17                    2                    0                    1
                   15                    9                    0                    1
                   15                    8                    0                   -1
                   17                    1                    0                   -1
                   17                   20                    0                    0
                   18                   20                    1                    0
                   14                    8                   -1                    0
                   14                    9                    0                    1
                   18                   19                    0                   -1
                   18                   20                    0                    1
                   13                    9                   -1                    0
                   18                    1                    0                    0
                   14                    9                    1                    0
                   18                    2                    0                    1
                   19                    2                    1                    0
                   14                    8                    0                   -1
                   15                    8                    1                    0
                   19                    1                    0                   -1
                   14                    8                   -1                    0
                   15                    8                    1                    0
                   19                   20                    0                    0
                   20                   20                    1                    0
                   16                    8                    1                    0
                   20                   19                    0                   -1
                   16                    9                    0                    1
                   16                   10                    0                    1
                   17                   10                    1                    0
                    1                   19                    0                    0
                   17                   11                    0                    1
                   17                   10                    0                   -1
                    1                   20                    0                    1
                   16                   10                   -1                    0
                   16                    9                    0                   -1
                   16                    8                    0                   -1
                    1                   19                    0                   -1
                    1                   20                    0                    1
                    1                    1                    0                    0
                   17                    8                    1                    0
                    1                    2                    0                    1
                   17                    9                    0                    1
                   18                    9                    1                    0
                    1                    1                    0                   -1
                   17                    9                   -1                    0
                   17                    8                    0                   -1
                   17                    7                    0                   -1
                   17                    6                    0                   -1
                    1                   20                    0                    0
