                    1                    3                    0                    1
                    1                    4                    1                    0
                    1                    4                    0                    1
                    1                    5                    1                    0
                    1                    6                    1                    0
                    1                    6                    0                    1
                    1                    7                    1                    0
                    1                    8                    0                    1
                    1                    9                    1                    0
                    1                   10                    1                    0
                    1                   10                    0                    1
                    1                   11                    0                    1
                    1                   13                    1                    0
                    1                   14                    0                    1
                    1                   15                    1                    0
                    1                   15                    0                    1
                    1                   16                    1                    0
                    1                   17                    1                    0
                    1                   18                    1                    0
                    1                   20                    1                    0
                    2                    1                    0                    1
                    2                    2                    0                    1
                    2                    3                    1                    0
                    2                    4                    0                    1
                    2                    5                    1                    0
                    2                    5                    0                    1
                    2                    7                    0                    1
                    2                    8                    0                    1
                    2                   10                    0                    1
                    2                   11                    1                    0
                    2                   13                    1                    0
                    2                   14                    1                    0
                    2                   14                    0                    1
                    2                   16                    0                    1
                    2                   17                    1                    0
                    2                   17                    0                    1
                    2                   20                    0                    1
                    3                    1                    1                    0
                    3                    3                    0                    1
                    3                    4                    0                    1
                    3                    6                    1                    0
                    3                    6                    0                    1
                    3                    7                    1                    0
                    3                    8                    1                    0
                    3                    8                    0                    1
                    3                    9                    1                    0
                    3                   11                    1                    0
                    3                   12                    1                    0
                    3                   12                    0                    1
                    3                   13                    1                    0
                    3                   13                    0                    1
                    3                   17                    0                    1
                    3                   18                    1                    0
                    3                   19                    1                    0
                    3                   19                    0                    1
                    3                   20                    0                    1
                    4                    1                    1                    0
                    4                    6                    0                    1
                    4                    8                    0                    1
                    4                    9                    1                    0
                    4                    9                    0                    1
                    4                   10                    1                    0
                    4                   11                    0                    1
                    4                   12                    1                    0
                    4                   12                    0                    1
                    4                   13                    1                    0
                    4                   13                    0                    1
                    4                   14                    0                    1
                    4                   15                    0                    1
                    4                   16                    1                    0
                    4                   19                    0                    1
                    4                   20                    1                    0
                    5                    3                    1                    0
                    5                    3                    0                    1
                    5                    4                    0                    1
                    5                    5                    1                    0
                    5                    7                    1                    0
                    5                    7                    0                    1
                    5                    8                    1                    0
                    5                    9                    1                    0
                    5                   10                    1                    0
                    5                   12                    0                    1
                    5                   13                    1                    0
                    5                   13                    0                    1
                    5                   14                    1                    0
                    5                   15                    1                    0
                    5                   15                    0                    1
                    5                   16                    1                    0
                    5                   16                    0                    1
                    5                   17                    1                    0
                    5                   20                    0                    1
                    6                    1                    1                    0
                    6                    1                    0                    1
                    6                    2                    1                    0
                    6                    3                    1                    0
                    6                    5                    0                    1
                    6                    6                    1                    0
                    6                    7                    1                    0
                    6                    8                    1                    0
                    6                    9                    0                    1
                    6                   10                    1                    0
                    6                   10                    0                    1
                    6                   11                    0                    1
                    6                   12                    1                    0
                    6                   13                    0                    1
                    6                   14                    1                    0
                    6                   14                    0                    1
                    6                   16                    0                    1
                    6                   19                    1                    0
                    6                   19                    0                    1
                    6                   20                    1                    0
                    7                    1                    1                    0
                    7                    2                    0                    1
                    7                    4                    1                    0
                    7                    4                    0                    1
                    7                    5                    1                    0
                    7                    6                    1                    0
                    7                    7                    1                    0
                    7                    8                    0                    1
                    7                    9                    0                    1
                    7                   11                    1                    0
                    7                   11                    0                    1
                    7                   12                    1                    0
                    7                   12                    0                    1
                    7                   13                    1                    0
                    7                   14                    0                    1
                    7                   15                    1                    0
                    7                   18                    1                    0
                    7                   18                    0                    1
                    7                   20                    1                    0
                    8                    4                    1                    0
                    8                    5                    0                    1
                    8                    7                    1                    0
                    8                    8                    1                    0
                    8                    8                    0                    1
                    8                    9                    1                    0
                    8                   11                    0                    1
                    8                   12                    1                    0
                    8                   12                    0                    1
                    8                   15                    1                    0
                    8                   18                    1                    0
                    8                   19                    1                    0
                    8                   19                    0                    1
                    8                   20                    1                    0
                    8                   20                    0                    1
                    9                    1                    1                    0
                    9                    4                    1                    0
                    9                    7                    0                    1
                    9                    9                    0                    1
                    9                   11                    1                    0
                    9                   11                    0                    1
                    9                   14                    1                    0
                    9                   14                    0                    1
                    9                   15                    1                    0
                    9                   15                    0                    1
                    9                   16                    0                    1
                    9                   17                    0                    1
                    9                   18                    1                    0
                    9                   18                    0                    1
                    9                   19                    1                    0
                    9                   19                    0                    1
                    9                   20                    1                    0
                    9                   20                    0                    1
                   10                    1                    0                    1
                   10                    2                    1                    0
                   10                    4                    0                    1
                   10                    5                    1                    0
                   10                   11                    0                    1
                   10                   12                    0                    1
                   10                   13                    0                    1
                   10                   15                    1                    0
                   10                   18                    0                    1
                   10                   20                    1                    0
                   11                    1                    0                    1
                   11                    4                    1                    0
                   11                    4                    0                    1
                   11                    5                    1                    0
                   11                    5                    0                    1
                   11                    6                    0                    1
                   11                    7                    0                    1
                   11                    8                    1                    0
                   11                    9                    1                    0
                   11                    9                    0                    1
                   11                   10                    1                    0
                   11                   11                    1                    0
                   11                   11                    0                    1
                   11                   12                    0                    1
                   11                   13                    1                    0
                   11                   15                    1                    0
                   11                   20                    0                    1
                   12                    1                    1                    0
                   12                    1                    0                    1
                   12                    2                    0                    1
                   12                    3                    0                    1
                   12                    4                    1                    0
                   12                    4                    0                    1
                   12                    7                    1                    0
                   12                    7                    0                    1
                   12                    9                    0                    1
                   12                   10                    1                    0
                   12                   10                    0                    1
                   12                   12                    1                    0
                   12                   12                    0                    1
                   12                   13                    1                    0
                   12                   13                    0                    1
                   12                   14                    0                    1
                   12                   15                    1                    0
                   12                   15                    0                    1
                   12                   16                    0                    1
                   12                   17                    0                    1
                   12                   18                    0                    1
                   12                   19                    1                    0
                   13                    2                    1                    0
                   13                    2                    0                    1
                   13                    3                    0                    1
                   13                    4                    1                    0
                   13                    4                    0                    1
                   13                    5                    0                    1
                   13                    6                    1                    0
                   13                    7                    0                    1
                   13                    8                    1                    0
                   13                   10                    0                    1
                   13                   11                    1                    0
                   13                   12                    1                    0
                   13                   13                    0                    1
                   13                   14                    1                    0
                   13                   15                    0                    1
                   13                   16                    1                    0
                   13                   17                    1                    0
                   13                   17                    0                    1
                   13                   18                    1                    0
                   13                   19                    1                    0
                   13                   20                    1                    0
                   13                   20                    0                    1
                   14                    1                    1                    0
                   14                    1                    0                    1
                   14                    3                    1                    0
                   14                    3                    0                    1
                   14                    4                    1                    0
                   14                    4                    0                    1
                   14                    5                    0                    1
                   14                    6                    1                    0
                   14                    6                    0                    1
                   14                    7                    0                    1
                   14                   10                    1                    0
                   14                   10                    0                    1
                   14                   11                    1                    0
                   14                   11                    0                    1
                   14                   13                    1                    0
                   14                   13                    0                    1
                   14                   16                    1                    0
                   14                   17                    0                    1
                   14                   19                    0                    1
                   15                    1                    1                    0
                   15                    1                    0                    1
                   15                    2                    1                    0
                   15                    3                    0                    1
                   15                    4                    1                    0
                   15                    4                    0                    1
                   15                    5                    1                    0
                   15                    6                    1                    0
                   15                    8                    1                    0
                   15                    8                    0                    1
                   15                    9                    1                    0
                   15                   10                    0                    1
                   15                   11                    1                    0
                   15                   11                    0                    1
                   15                   12                    0                    1
                   15                   15                    1                    0
                   15                   15                    0                    1
                   15                   16                    1                    0
                   15                   16                    0                    1
                   15                   17                    1                    0
                   15                   17                    0                    1
                   15                   18                    0                    1
                   15                   19                    1                    0
                   15                   20                    1                    0
                   15                   20                    0                    1
                   16                    1                    0                    1
                   16                    2                    1                    0
                   16                    2                    0                    1
                   16                    3                    0                    1
                   16                    4                    1                    0
                   16                    4                    0                    1
                   16                    6                    1                    0
                   16                    8                    1                    0
                   16                    9                    0                    1
                   16                   10                    0                    1
                   16                   11                    1                    0
                   16                   11                    0                    1
                   16                   12                    1                    0
                   16                   15                    1                    0
                   16                   16                    0                    1
                   16                   17                    1                    0
                   16                   17                    0                    1
                   16                   18                    1                    0
                   16                   19                    0                    1
                   17                    1                    1                    0
                   17                    2                    1                    0
                   17                    4                    1                    0
                   17                    6                    1                    0
                   17                    8                    0                    1
                   17                    9                    0                    1
                   17                   10                    0                    1
                   17                   11                    1                    0
                   17                   11                    0                    1
                   17                   15                    1                    0
                   17                   16                    1                    0
                   17                   16                    0                    1
                   17                   18                    1                    0
                   17                   20                    1                    0
                   17                   20                    0                    1
                   18                    2                    1                    0
                   18                    4                    1                    0
                   18                    5                    1                    0
                   18                    5                    0                    1
                   18                   11                    0                    1
                   18                   12                    0                    1
                   18                   13                    1                    0
                   18                   14                    1                    0
                   18                   14                    0                    1
                   18                   15                    1                    0
                   18                   15                    0                    1
                   18                   16                    1                    0
                   18                   16                    0                    1
                   18                   17                    0                    1
                   18                   20                    0                    1
                   19                    1                    1                    0
                   19                    2                    1                    0
                   19                    3                    1                    0
                   19                    3                    0                    1
                   19                    4                    1                    0
                   19                    4                    0                    1
                   19                    6                    1                    0
                   19                    6                    0                    1
                   19                    7                    0                    1
                   19                    8                    0                    1
                   19                    9                    0                    1
                   19                   10                    0                    1
                   19                   11                    1                    0
                   19                   13                    0                    1
                   19                   15                    0                    1
                   19                   16                    1                    0
                   19                   16                    0                    1
                   19                   17                    0                    1
                   19                   18                    1                    0
                   19                   20                    1                    0
                   19                   20                    0                    1
                   20                    1                    0                    1
                   20                    3                    1                    0
                   20                    4                    1                    0
                   20                    6                    0                    1
                   20                    7                    0                    1
                   20                    8                    1                    0
                   20                   11                    0                    1
                   20                   12                    1                    0
                   20                   14                    1                    0
                   20                   14                    0                    1
                   20                   15                    1                    0
                   20                   16                    0                    1
                   20                   17                    1                    0
                   20                   18                    1                    0
                   20                   20                    1                    0
                   15                   17
                    9                   10
