                    7                   12                    1                    0
                   20                   13                    0                    1
                   20                   12                    0                   -1
                    1                   12                    0                    0
                   20                   12                    0                    0
                    6                   12                   -1                    0
                    5                   12                   -1                    0
                    6                   12                    1                    0
                    6                   13                    0                    1
                   19                   12                   -1                    0
                   20                   12                    1                    0
                    6                   12                    0                   -1
                    5                   12                   -1                    0
                    4                   12                   -1                    0
                    5                   12                    1                    0
                    6                   12                    1                    0
                   20                   13                    0                    1
                   20                   12                    0                   -1
                   20                   13                    0                    1
                    7                   12                    1                    0
                    7                   11                    0                   -1
                    1                   13                    0                    0
                    7                   12                    0                    1
                   20                   13                    0                    0
                    7                   11                    0                   -1
                    7                   10                    0                   -1
                   20                   14                    0                    1
                    7                   11                    0                    1
                    8                   11                    1                    0
                    7                   11                   -1                    0
                    7                   10                    0                   -1
                   20                   15                    0                    1
                    7                   11                    0                    1
                   19                   15                   -1                    0
                    6                   11                   -1                    0
                   20                   15                    1                    0
                    5                   11                   -1                    0
                    4                   11                   -1                    0
                    5                   11                    1                    0
                   20                   14                    0                   -1
                    4                   11                   -1                    0
                    3                   11                   -1                    0
                    3                   10                    0                   -1
                   19                   14                   -1                    0
                   19                   13                    0                   -1
                    2                   10                   -1                    0
                    2                    9                    0                   -1
                    1                    9                   -1                    0
                    1                   10                    0                    1
                   18                   13                   -1                    0
                   17                   13                   -1                    0
                    1                   11                    0                    1
                   17                   14                    0                    1
                    2                   11                    1                    0
                   17                   15                    0                    1
                    3                   11                    1                    0
                    3                   12                    0                    1
                   16                   15                   -1                    0
                   17                   15                    1                    0
                    2                   12                   -1                    0
                    2                   11                    0                   -1
                    3                   11                    1                    0
                    4                   11                    1                    0
                    5                   11                    1                    0
                   17                   14                    0                   -1
                    4                   11                   -1                    0
                   17                   13                    0                   -1
                    5                   11                    1                    0
                   18                   13                    1                    0
                   19                   13                    1                    0
                   20                   13                    1                    0
                    6                   11                    1                    0
                    7                   11                    1                    0
                   20                   12                    0                   -1
                    1                   12                    0                    0
                    7                   10                    0                   -1
                    1                   11                    0                   -1
                    1                   12                    0                    1
                    7                   11                    0                    1
                   20                   12                    0                    0
                    6                   11                   -1                    0
                    6                   10                    0                   -1
                    6                   11                    0                    1
                   19                   12                   -1                    0
                    6                   10                    0                   -1
                   18                   12                   -1                    0
                   18                   13                    0                    1
                   19                   13                    1                    0
                    6                   11                    0                    1
                   18                   13                   -1                    0
                    6                   12                    0                    1
                   18                   12                    0                   -1
                    5                   12                   -1                    0
                    6                   12                    1                    0
                   19                   12                    1                    0
                    6                   13                    0                    1
                    6                   14                    0                    1
                    6                   13                    0                   -1
                   20                   12                    1                    0
                   19                   12                   -1                    0
                   19                   13                    0                    1
                   20                   13                    1                    0
                    1                   13                    0                    0
                    6                   14                    0                    1
                    6                   15                    0                    1
                    1                   12                    0                   -1
                    6                   14                    0                   -1
                    6                   13                    0                   -1
                    1                   11                    0                   -1
                    7                   13                    1                    0
                    1                   10                    0                   -1
                    7                   12                    0                   -1
                    2                   10                    1                    0
                    3                   10                    1                    0
                    6                   12                   -1                    0
                    4                   10                    1                    0
                    6                   13                    0                    1
                    7                   13                    1                    0
                    7                   12                    0                   -1
                    7                   13                    0                    1
                    7                   12                    0                   -1
                    7                   13                    0                    1
                    6                   13                   -1                    0
                    7                   13                    1                    0
