                    1                   11                    1                    0
                    1                   11                    0                    1
                    1                   12                    1                    0
                    2                   11                    0                    1
                    9                    2                    1                    0
                    9                    2                    0                    1
                    9                    3                    1                    0
                   10                    2                    0                    1
                   12                    8                    0                    1
                   12                    9                    1                    0
                   12                   16                    1                    0
                   12                   16                    0                    1
                   12                   17                    1                    0
                   13                    9                    1                    0
                   13                   16                    0                    1
                   14                    9                    0                    1
                   14                   17                    1                    0
                   14                   17                    0                    1
                   14                   18                    1                    0
                   15                    1                    1                    0
                   15                   17                    1                    0
                   15                   18                    0                    1
                   15                   19                    1                    0
                   15                   20                    1                    0
                   15                   20                    0                    1
                   16                   17                    1                    0
                   16                   18                    0                    1
                   16                   20                    0                    1
                   17                   17                    1                    0
                   18                   16                    1                    0
                   18                   16                    0                    1
                   18                   17                    1                    0
                   18                   17                    0                    1
                   18                   18                    0                    1
                   18                   19                    1                    0
                   19                   16                    0                    1
                   19                   19                    0                    1
                   19                   20                    1                    0
                   20                   19                    0                    1
                   14                   10
                   20                   19
