                    7                    4                    1                    0
                    1                   20                    0                    0
                    6                    4                   -1                    0
                    1                    1                    0                    0
                    1                   20                    0                    0
                    1                    1                    0                    0
                    1                   20                    0                    0
                    2                   20                    1                    0
                    1                   20                   -1                    0
                    2                   20                    1                    0
                    3                   20                    1                    0
                    7                    4                    1                    0
                    7                    5                    0                    1
                    2                   20                   -1                    0
                    6                    5                   -1                    0
                    1                   20                   -1                    0
                    5                    5                   -1                    0
                    1                   19                    0                   -1
                    1                   20                    0                    1
                    5                    6                    0                    1
                    1                    1                    0                    0
                    1                   20                    0                    0
                    5                    5                    0                   -1
                   20                   20                    0                    0
                    6                    5                    1                    0
                    5                    5                   -1                    0
                    4                    5                   -1                    0
                   19                   20                   -1                    0
                    3                    5                   -1                    0
                   20                   20                    1                    0
                    3                    4                    0                   -1
                    3                    5                    0                    1
                    1                   20                    0                    0
                    4                    5                    1                    0
                    5                    5                    1                    0
                    2                   20                    1                    0
                    6                    5                    1                    0
                    6                    4                    0                   -1
                    2                    1                    0                    0
                    6                    5                    0                    1
                    6                    4                    0                   -1
                    2                   20                    0                    0
                    7                    4                    1                    0
                    7                    5                    0                    1
                    8                    5                    1                    0
                    8                    4                    0                   -1
                    1                   20                   -1                    0
                    9                    4                    1                    0
                    1                    1                    0                    0
                    1                   20                    0                    0
                    8                    4                   -1                    0
                    8                    5                    0                    1
                   20                   20                    0                    0
                    1                   20                    0                    0
                    1                   19                    0                   -1
                    1                   20                    0                    1
                    9                    5                    1                    0
                    8                    5                   -1                    0
                    1                   19                    0                   -1
                    7                    5                   -1                    0
                    1                   20                    0                    1
                    6                    5                   -1                    0
                    1                   19                    0                   -1
                   20                   19                    0                    0
                   20                   18                    0                   -1
                    6                    4                    0                   -1
                   20                   19                    0                    1
                   20                   20                    0                    1
                    1                   20                    0                    0
                    6                    3                    0                   -1
                   20                   20                    0                    0
                    6                    4                    0                    1
                    1                   20                    0                    0
                    7                    4                    1                    0
                    6                    4                   -1                    0
                    7                    4                    1                    0
                    6                    4                   -1                    0
                    1                   19                    0                   -1
                   20                   19                    0                    0
                    1                   19                    0                    0
                    5                    4                   -1                    0
                    6                    4                    1                    0
                    1                   18                    0                   -1
                    1                   19                    0                    1
                    7                    4                    1                    0
                    1                   18                    0                   -1
