                   14                    4                    0                    1
                   14                    3                    0                   -1
                   16                   17                   -1                    0
                   16                   18                    0                    1
                   16                   19                    0                    1
                   16                   18                    0                   -1
                   16                   17                    0                   -1
                   14                    4                    0                    1
                   14                    3                    0                   -1
                   14                    2                    0                   -1
                   14                    3                    0                    1
                   16                   16                    0                   -1
                   16                   17                    0                    1
                   17                   17                    1                    0
                   15                    3                    1                    0
                   17                   16                    0                   -1
                   16                   16                   -1                    0
                   14                    3                   -1                    0
                   17                   16                    1                    0
                   17                   17                    0                    1
                   16                   17                   -1                    0
                   15                   17                   -1                    0
                   14                    2                    0                   -1
                   14                    3                    0                    1
                   15                    3                    1                    0
                   15                    2                    0                   -1
                   14                   17                   -1                    0
                   15                    3                    0                    1
                   15                   17                    1                    0
                   14                    3                   -1                    0
                   15                    3                    1                    0
                   14                    3                   -1                    0
                   15                   18                    0                    1
                   14                   18                   -1                    0
                   15                   18                    1                    0
                   15                   17                    0                   -1
                   14                   17                   -1                    0
                   15                   17                    1                    0
                   16                   17                    1                    0
                   13                    3                   -1                    0
                   14                    3                    1                    0
                   17                   17                    1                    0
                   18                   17                    1                    0
                   19                   17                    1                    0
                   13                    3                   -1                    0
                   14                    3                    1                    0
                   18                   17                   -1                    0
                   14                    2                    0                   -1
                   15                    2                    1                    0
                   14                    2                   -1                    0
                   14                    3                    0                    1
                   17                   17                   -1                    0
                   18                   17                    1                    0
                   17                   17                   -1                    0
                   14                    2                    0                   -1
                   15                    2                    1                    0
                   14                    2                   -1                    0
                   13                    2                   -1                    0
                   14                    2                    1                    0
                   14                    3                    0                    1
                   17                   16                    0                   -1
                   17                   17                    0                    1
                   17                   16                    0                   -1
                   17                   17                    0                    1
                   13                    3                   -1                    0
                   17                   16                    0                   -1
                   13                    2                    0                   -1
                   18                   16                    1                    0
