                    1                    2                    1                    0
                    1                    2                    0                    1
                    1                    3                    1                    0
                    1                    4                    1                    0
                    1                    6                    1                    0
                    1                   11                    0                    1
                    1                   12                    0                    1
                    1                   13                    1                    0
                    1                   13                    0                    1
                    1                   14                    0                    1
                    1                   15                    1                    0
                    2                    2                    1                    0
                    2                    3                    0                    1
                    2                    5                    1                    0
                    2                    5                    0                    1
                    2                   13                    1                    0
                    2                   14                    1                    0
                    2                   14                    0                    1
                    3                    2                    1                    0
                    3                    5                    0                    1
                    3                    6                    1                    0
                    3                   13                    0                    1
                    3                   17                    1                    0
                    3                   17                    0                    1
                    3                   18                    1                    0
                    4                    2                    0                    1
                    4                    3                    0                    1
                    4                    4                    0                    1
                    4                    5                    1                    0
                    4                    6                    0                    1
                    4                    7                    1                    0
                    4                    8                    1                    0
                    4                    8                    0                    1
                    4                    9                    1                    0
                    4                   17                    0                    1
                    5                    5                    1                    0
                    5                    7                    1                    0
                    5                    8                    0                    1
                    5                    9                    1                    0
                    5                    9                    0                    1
                    5                   10                    1                    0
                    5                   18                    1                    0
                    5                   18                    0                    1
                    5                   19                    0                    1
                    5                   20                    1                    0
                    6                    5                    0                    1
                    6                    6                    0                    1
                    6                    9                    0                    1
                    6                   14                    1                    0
                    6                   14                    0                    1
                    6                   15                    0                    1
                    6                   16                    0                    1
                    6                   17                    1                    0
                    6                   18                    1                    0
                    6                   20                    1                    0
                    7                    2                    1                    0
                    7                    2                    0                    1
                    7                    3                    1                    0
                    7                   14                    1                    0
                    7                   15                    1                    0
                    7                   15                    0                    1
                    7                   16                    0                    1
                    7                   18                    0                    1
                    7                   19                    0                    1
                    8                    2                    0                    1
                    8                   14                    1                    0
                    8                   15                    1                    0
                    9                    1                    1                    0
                    9                    1                    0                    1
                    9                    2                    1                    0
                    9                    4                    1                    0
                    9                    4                    0                    1
                    9                    5                    0                    1
                    9                    6                    1                    0
                    9                   13                    1                    0
                    9                   13                    0                    1
                    9                   15                    0                    1
                    9                   16                    1                    0
                   10                    1                    0                    1
                   10                    4                    1                    0
                   10                    6                    0                    1
                   10                    7                    0                    1
                   10                   10                    1                    0
                   10                   10                    0                    1
                   10                   11                    1                    0
                   10                   13                    1                    0
                   10                   16                    1                    0
                   10                   17                    1                    0
                   10                   17                    0                    1
                   10                   18                    1                    0
                   11                    4                    1                    0
                   11                    7                    1                    0
                   11                    7                    0                    1
                   11                    8                    0                    1
                   11                    9                    1                    0
                   11                   10                    1                    0
                   11                   11                    0                    1
                   11                   12                    0                    1
                   11                   13                    1                    0
                   11                   13                    0                    1
                   11                   14                    1                    0
                   11                   15                    1                    0
                   11                   15                    0                    1
                   11                   17                    1                    0
                   11                   18                    0                    1
                   11                   19                    0                    1
                   11                   20                    1                    0
                   12                    4                    1                    0
                   12                    7                    1                    0
                   12                    9                    1                    0
                   12                   10                    0                    1
                   12                   11                    0                    1
                   12                   12                    0                    1
                   12                   13                    1                    0
                   12                   13                    0                    1
                   12                   15                    1                    0
                   12                   17                    1                    0
                   13                    4                    1                    0
                   13                    7                    0                    1
                   13                    8                    1                    0
                   13                    9                    0                    1
                   13                   10                    0                    1
                   13                   11                    1                    0
                   13                   13                    1                    0
                   13                   15                    0                    1
                   13                   16                    0                    1
                   14                    1                    1                    0
                   14                    4                    0                    1
                   14                    7                    1                    0
                   14                    7                    0                    1
                   14                   10                    1                    0
                   14                   10                    0                    1
                   14                   13                    1                    0
                   14                   18                    1                    0
                   14                   18                    0                    1
                   14                   19                    1                    0
                   14                   20                    1                    0
                   14                   20                    0                    1
                   15                    1                    0                    1
                   15                    2                    0                    1
                   15                    3                    1                    0
                   15                    7                    0                    1
                   15                    8                    1                    0
                   15                   10                    1                    0
                   15                   13                    0                    1
                   15                   14                    1                    0
                   15                   16                    1                    0
                   15                   16                    0                    1
                   15                   17                    0                    1
                   15                   19                    0                    1
                   16                    3                    1                    0
                   16                    8                    0                    1
                   16                    9                    0                    1
                   16                   14                    1                    0
                   16                   14                    0                    1
                   16                   15                    0                    1
                   17                    1                    1                    0
                   17                    1                    0                    1
                   17                    2                    1                    0
                   17                    3                    0                    1
                   17                    4                    1                    0
                   17                    9                    1                    0
                   17                    9                    0                    1
                   17                   10                    0                    1
                   17                   11                    1                    0
                   17                   12                    1                    0
                   17                   12                    0                    1
                   17                   13                    1                    0
                   17                   14                    1                    0
                   18                    1                    0                    1
                   18                    4                    1                    0
                   18                    7                    1                    0
                   18                    7                    0                    1
                   18                    8                    0                    1
                   18                    9                    1                    0
                   18                    9                    0                    1
                   18                   10                    0                    1
                   18                   12                    1                    0
                   18                   13                    1                    0
                   18                   14                    0                    1
                   18                   15                    1                    0
                   19                    4                    0                    1
                   19                    5                    1                    0
                   19                    7                    1                    0
                   19                    9                    0                    1
                   19                   10                    0                    1
                   19                   11                    1                    0
                   19                   12                    0                    1
                   19                   15                    1                    0
                   20                    4                    1                    0
                   20                    4                    0                    1
                   20                    6                    1                    0
                   20                    6                    0                    1
                   20                   11                    1                    0
                   20                   13                    1                    0
                   20                   13                    0                    1
                   20                   14                    0                    1
                   10                    8
                   12                   20
