                    1                    3                    1                    0
                    1                    5                    0                    1
                    1                    7                    1                    0
                    1                    7                    0                    1
                    1                   10                    0                    1
                    1                   11                    1                    0
                    1                   11                    0                    1
                    1                   12                    1                    0
                    1                   13                    1                    0
                    1                   19                    1                    0
                    1                   20                    1                    0
                    2                    1                    1                    0
                    2                    1                    0                    1
                    2                    2                    1                    0
                    2                    3                    1                    0
                    2                    5                    1                    0
                    2                    5                    0                    1
                    2                    6                    0                    1
                    2                   11                    0                    1
                    2                   13                    0                    1
                    2                   14                    0                    1
                    2                   15                    0                    1
                    2                   16                    1                    0
                    2                   17                    1                    0
                    2                   17                    0                    1
                    2                   18                    1                    0
                    2                   19                    0                    1
                    3                    2                    1                    0
                    3                    3                    1                    0
                    3                    5                    0                    1
                    3                    6                    1                    0
                    3                    8                    1                    0
                    3                    8                    0                    1
                    3                    9                    1                    0
                    3                   13                    1                    0
                    3                   13                    0                    1
                    3                   14                    0                    1
                    3                   15                    0                    1
                    3                   17                    0                    1
                    3                   19                    1                    0
                    3                   19                    0                    1
                    3                   20                    0                    1
                    4                    2                    1                    0
                    4                    3                    0                    1
                    4                    4                    1                    0
                    4                    6                    0                    1
                    4                    7                    1                    0
                    4                    8                    0                    1
                    4                   13                    1                    0
                    4                   14                    1                    0
                    4                   14                    0                    1
                    4                   15                    1                    0
                    4                   16                    1                    0
                    4                   16                    0                    1
                    4                   17                    1                    0
                    4                   19                    1                    0
                    5                    1                    0                    1
                    5                    4                    0                    1
                    5                    5                    0                    1
                    5                    6                    0                    1
                    5                   10                    1                    0
                    5                   10                    0                    1
                    5                   11                    1                    0
                    5                   13                    1                    0
                    5                   14                    0                    1
                    5                   15                    1                    0
                    5                   15                    0                    1
                    5                   17                    1                    0
                    5                   19                    1                    0
                    5                   20                    1                    0
                    5                   20                    0                    1
                    6                    7                    1                    0
                    6                    7                    0                    1
                    6                    8                    0                    1
                    6                    9                    0                    1
                    6                   11                    0                    1
                    6                   12                    0                    1
                    6                   15                    1                    0
                    6                   17                    1                    0
                    6                   19                    0                    1
                    6                   20                    1                    0
                    6                   20                    0                    1
                    7                    1                    1                    0
                    7                    7                    0                    1
                    7                    8                    1                    0
                    7                   10                    1                    0
                    7                   10                    0                    1
                    7                   11                    0                    1
                    7                   12                    1                    0
                    7                   14                    1                    0
                    7                   14                    0                    1
                    7                   16                    1                    0
                    7                   16                    0                    1
                    7                   17                    1                    0
                    7                   17                    0                    1
                    7                   18                    0                    1
                    7                   19                    1                    0
                    7                   20                    0                    1
                    8                    4                    1                    0
                    8                    4                    0                    1
                    8                    5                    0                    1
                    8                    6                    0                    1
                    8                    7                    1                    0
                    8                    8                    1                    0
                    8                    9                    1                    0
                    8                   10                    0                    1
                    8                   11                    1                    0
                    8                   12                    0                    1
                    8                   13                    0                    1
                    8                   16                    0                    1
                    8                   17                    1                    0
                    8                   17                    0                    1
                    8                   18                    0                    1
                    8                   20                    1                    0
                    8                   20                    0                    1
                    9                    4                    1                    0
                    9                    7                    0                    1
                    9                    9                    1                    0
                    9                   11                    1                    0
                    9                   14                    1                    0
                    9                   14                    0                    1
                    9                   15                    0                    1
                    9                   16                    0                    1
                    9                   20                    1                    0
                   10                    1                    1                    0
                   10                    2                    1                    0
                   10                    2                    0                    1
                   10                    3                    0                    1
                   10                    8                    1                    0
                   10                    8                    0                    1
                   10                   11                    1                    0
                   10                   14                    1                    0
                   10                   20                    0                    1
                   11                    1                    1                    0
                   11                    2                    0                    1
                   11                    3                    1                    0
                   11                    8                    0                    1
                   11                    9                    1                    0
                   11                   11                    1                    0
                   11                   14                    0                    1
                   11                   15                    0                    1
                   11                   16                    1                    0
                   12                    1                    0                    1
                   12                    2                    0                    1
                   12                    3                    1                    0
                   12                    3                    0                    1
                   12                    4                    0                    1
                   12                    5                    0                    1
                   12                    6                    1                    0
                   12                    9                    0                    1
                   12                   10                    1                    0
                   12                   11                    0                    1
                   12                   12                    1                    0
                   12                   16                    0                    1
                   12                   17                    0                    1
                   12                   18                    1                    0
                   13                    1                    1                    0
                   13                    3                    0                    1
                   13                    4                    1                    0
                   13                    6                    0                    1
                   13                    7                    0                    1
                   13                    8                    1                    0
                   13                   10                    0                    1
                   13                   11                    0                    1
                   13                   15                    1                    0
                   13                   15                    0                    1
                   13                   16                    1                    0
                   13                   18                    1                    0
                   13                   20                    1                    0
                   13                   20                    0                    1
                   14                    4                    1                    0
                   14                    7                    1                    0
                   14                    7                    0                    1
                   14                    8                    1                    0
                   14                    8                    0                    1
                   14                    9                    1                    0
                   14                   12                    1                    0
                   14                   12                    0                    1
                   14                   13                    1                    0
                   14                   15                    0                    1
                   14                   16                    1                    0
                   14                   16                    0                    1
                   14                   17                    1                    0
                   14                   18                    0                    1
                   14                   19                    1                    0
                   14                   20                    0                    1
                   15                    2                    1                    0
                   15                    2                    0                    1
                   15                    3                    1                    0
                   15                    4                    1                    0
                   15                    7                    1                    0
                   15                    8                    0                    1
                   15                   12                    0                    1
                   15                   14                    1                    0
                   15                   14                    0                    1
                   15                   15                    0                    1
                   15                   17                    0                    1
                   15                   18                    0                    1
                   16                    1                    1                    0
                   16                    1                    0                    1
                   16                    3                    0                    1
                   16                    7                    1                    0
                   16                   14                    1                    0
                   17                    1                    1                    0
                   17                    3                    1                    0
                   17                    3                    0                    1
                   17                    4                    0                    1
                   17                    5                    0                    1
                   17                    6                    0                    1
                   17                    9                    1                    0
                   17                    9                    0                    1
                   17                   10                    0                    1
                   17                   11                    0                    1
                   17                   12                    0                    1
                   17                   13                    1                    0
                   17                   14                    1                    0
                   17                   16                    1                    0
                   17                   16                    0                    1
                   17                   17                    0                    1
                   17                   18                    0                    1
                   17                   19                    1                    0
                   18                    1                    1                    0
                   18                    3                    0                    1
                   18                    4                    0                    1
                   18                    5                    0                    1
                   18                    6                    0                    1
                   18                    7                    0                    1
                   18                    8                    1                    0
                   18                    9                    0                    1
                   18                   10                    1                    0
                   18                   11                    1                    0
                   18                   11                    0                    1
                   18                   12                    1                    0
                   18                   13                    0                    1
                   18                   16                    0                    1
                   18                   17                    0                    1
                   18                   18                    1                    0
                   18                   19                    1                    0
                   19                    5                    1                    0
                   19                    5                    0                    1
                   19                    6                    1                    0
                   19                    8                    0                    1
                   19                    9                    0                    1
                   19                   11                    1                    0
                   19                   12                    1                    0
                   19                   14                    1                    0
                   19                   14                    0                    1
                   19                   15                    0                    1
                   19                   16                    0                    1
                   19                   17                    0                    1
                   19                   19                    1                    0
                   19                   20                    1                    0
                   19                   20                    0                    1
                   20                    5                    1                    0
                   20                    6                    1                    0
                   20                    8                    1                    0
                   20                    8                    0                    1
                   20                    9                    0                    1
                   20                   10                    1                    0
                   20                   10                    0                    1
                   20                   11                    1                    0
                   20                   11                    0                    1
                   20                   13                    1                    0
                   20                   13                    0                    1
                   20                   19                    1                    0
                   20                   20                    1                    0
                    6                    1
                    1                    3
