                   14                   15                    0                   -1
                   19                   10                    0                    1
                   18                   10                   -1                    0
                   15                   15                    1                    0
                   17                   10                   -1                    0
                   17                    9                    0                   -1
                   17                   10                    0                    1
                   17                   11                    0                    1
                   18                   11                    1                    0
                   14                   15                   -1                    0
                   19                   11                    1                    0
                   19                   12                    0                    1
                   14                   16                    0                    1
                   19                   11                    0                   -1
                   20                   11                    1                    0
                   13                   16                   -1                    0
                   12                   16                   -1                    0
                    1                   11                    0                    0
                   11                   16                   -1                    0
                    1                   12                    0                    1
                   10                   16                   -1                    0
                   20                   12                    0                    0
                   20                   11                    0                   -1
                   11                   16                    1                    0
                   11                   17                    0                    1
                   10                   17                   -1                    0
                   19                   11                   -1                    0
                   11                   17                    1                    0
                   19                   12                    0                    1
                   10                   17                   -1                    0
                    9                   17                   -1                    0
                   19                   13                    0                    1
                    9                   18                    0                    1
                    9                   19                    0                    1
                    8                   19                   -1                    0
                   19                   12                    0                   -1
                   20                   12                    1                    0
                    8                   20                    0                    1
                    7                   20                   -1                    0
                    6                   20                   -1                    0
                   20                   11                    0                   -1
                   19                   11                   -1                    0
                   20                   11                    1                    0
                   19                   11                   -1                    0
                    6                    1                    0                    0
                    7                    1                    1                    0
                    6                    1                   -1                    0
                    6                   20                    0                    0
                   19                   12                    0                    1
                    6                   19                    0                   -1
                   19                   11                    0                   -1
                   19                   12                    0                    1
                    5                   19                   -1                    0
                   18                   12                   -1                    0
                    4                   19                   -1                    0
                    5                   19                    1                    0
                    6                   19                    1                    0
                    7                   19                    1                    0
                   17                   12                   -1                    0
                   17                   13                    0                    1
                   17                   12                    0                   -1
                    8                   19                    1                    0
                    7                   19                   -1                    0
                   17                   13                    0                    1
                    7                   18                    0                   -1
                    7                   17                    0                   -1
                   16                   13                   -1                    0
                   16                   14                    0                    1
                    8                   17                    1                    0
                   16                   15                    0                    1
                   17                   15                    1                    0
                    7                   17                   -1                    0
                   16                   15                   -1                    0
                   16                   16                    0                    1
                   15                   16                   -1                    0
                   16                   16                    1                    0
                   15                   16                   -1                    0
                    8                   17                    1                    0
                   16                   16                    1                    0
                    8                   18                    0                    1
                    8                   17                    0                   -1
                    7                   17                   -1                    0
                    6                   17                   -1                    0
                   16                   15                    0                   -1
                    6                   18                    0                    1
                   16                   16                    0                    1
                   16                   15                    0                   -1
                   16                   16                    0                    1
                   17                   16                    1                    0
                   18                   16                    1                    0
                   17                   16                   -1                    0
                   18                   16                    1                    0
                   18                   15                    0                   -1
                    6                   17                    0                   -1
                    6                   16                    0                   -1
                    5                   16                   -1                    0
                   19                   15                    1                    0
                    5                   17                    0                    1
                    6                   17                    1                    0
                   18                   15                   -1                    0
                    6                   16                    0                   -1
                    7                   16                    1                    0
                   18                   14                    0                   -1
                    7                   15                    0                   -1
                    8                   15                    1                    0
                    8                   16                    0                    1
                   19                   14                    1                    0
                    9                   16                    1                    0
                   19                   15                    0                    1
                   19                   14                    0                   -1
                   18                   14                   -1                    0
                    8                   16                   -1                    0
                    8                   15                    0                   -1
                   19                   14                    1                    0
                    7                   15                   -1                    0
                    8                   15                    1                    0
                    7                   15                   -1                    0
                   18                   14                   -1                    0
                   17                   14                   -1                    0
                    6                   15                   -1                    0
                    6                   16                    0                    1
                   18                   14                    1                    0
                    6                   15                    0                   -1
                    6                   14                    0                   -1
                   18                   15                    0                    1
                    5                   14                   -1                    0
                    5                   15                    0                    1
                   19                   15                    1                    0
                   18                   15                   -1                    0
                   18                   16                    0                    1
                    6                   15                    1                    0
                    7                   15                    1                    0
                    8                   15                    1                    0
                    7                   15                   -1                    0
                    7                   14                    0                   -1
                    8                   14                    1                    0
                   19                   16                    1                    0
                   20                   16                    1                    0
                    8                   15                    0                    1
                    8                   16                    0                    1
                    1                   16                    0                    0
                    7                   16                   -1                    0
                    1                   17                    0                    1
                    1                   18                    0                    1
                   20                   18                    0                    0
                    7                   17                    0                    1
                    6                   17                   -1                    0
                    6                   18                    0                    1
                   19                   18                   -1                    0
                   19                   19                    0                    1
                    6                   17                    0                   -1
                   19                   18                    0                   -1
                    5                   17                   -1                    0
                   19                   19                    0                    1
                    6                   17                    1                    0
                   18                   19                   -1                    0
                    5                   17                   -1                    0
                    6                   17                    1                    0
                    6                   16                    0                   -1
                    5                   16                   -1                    0
                    5                   15                    0                   -1
                    6                   15                    1                    0
                    6                   14                    0                   -1
                    7                   14                    1                    0
                   17                   19                   -1                    0
                    8                   14                    1                    0
                    9                   14                    1                    0
                   17                   20                    0                    1
                    9                   15                    0                    1
                   16                   20                   -1                    0
                   16                    1                    0                    0
                    9                   14                    0                   -1
                    8                   14                   -1                    0
                    7                   14                   -1                    0
                    6                   14                   -1                    0
                   16                    2                    0                    1
                    6                   13                    0                   -1
                   17                    2                    1                    0
                   16                    2                   -1                    0
                   15                    2                   -1                    0
                    7                   13                    1                    0
                   15                    3                    0                    1
                   14                    3                   -1                    0
                   15                    3                    1                    0
                    7                   12                    0                   -1
                    7                   11                    0                   -1
                    6                   11                   -1                    0
                    7                   11                    1                    0
