                    1                    2                    0                    1
                    1                    6                    0                    1
                    1                    8                    0                    1
                    1                   12                    1                    0
                    1                   12                    0                    1
                    1                   13                    1                    0
                    1                   13                    0                    1
                    1                   14                    0                    1
                    1                   15                    1                    0
                    1                   16                    1                    0
                    1                   17                    0                    1
                    1                   18                    0                    1
                    1                   19                    0                    1
                    2                    1                    1                    0
                    2                    1                    0                    1
                    2                    2                    0                    1
                    2                    3                    1                    0
                    2                    5                    1                    0
                    2                    5                    0                    1
                    2                    6                    0                    1
                    2                    7                    1                    0
                    2                    8                    1                    0
                    2                    8                    0                    1
                    2                    9                    1                    0
                    2                   12                    0                    1
                    2                   13                    1                    0
                    2                   13                    0                    1
                    2                   14                    0                    1
                    2                   16                    0                    1
                    2                   17                    0                    1
                    2                   18                    1                    0
                    3                    2                    1                    0
                    3                    2                    0                    1
                    3                    4                    1                    0
                    3                    4                    0                    1
                    3                    5                    1                    0
                    3                    5                    0                    1
                    3                    6                    0                    1
                    3                    7                    1                    0
                    3                    7                    0                    1
                    3                    9                    0                    1
                    3                   10                    0                    1
                    3                   11                    1                    0
                    3                   13                    1                    0
                    3                   15                    1                    0
                    3                   15                    0                    1
                    3                   16                    1                    0
                    3                   18                    0                    1
                    3                   19                    1                    0
                    3                   20                    1                    0
                    3                   20                    0                    1
                    4                    1                    0                    1
                    4                    4                    0                    1
                    4                    7                    1                    0
                    4                    9                    1                    0
                    4                    9                    0                    1
                    4                   10                    1                    0
                    4                   11                    0                    1
                    4                   12                    0                    1
                    4                   14                    1                    0
                    4                   14                    0                    1
                    4                   16                    1                    0
                    4                   17                    1                    0
                    4                   17                    0                    1
                    4                   18                    1                    0
                    4                   19                    0                    1
                    4                   20                    1                    0
                    4                   20                    0                    1
                    5                    3                    1                    0
                    5                    3                    0                    1
                    5                    4                    1                    0
                    5                    7                    1                    0
                    5                    9                    0                    1
                    5                   10                    1                    0
                    5                   10                    0                    1
                    5                   11                    1                    0
                    5                   11                    0                    1
                    5                   12                    1                    0
                    5                   13                    1                    0
                    5                   13                    0                    1
                    5                   16                    0                    1
                    5                   17                    1                    0
                    5                   17                    0                    1
                    5                   19                    1                    0
                    5                   19                    0                    1
                    6                    1                    1                    0
                    6                    1                    0                    1
                    6                    2                    1                    0
                    6                    3                    1                    0
                    6                    4                    0                    1
                    6                    5                    1                    0
                    6                    7                    1                    0
                    6                    9                    1                    0
                    6                    9                    0                    1
                    6                   10                    1                    0
                    6                   10                    0                    1
                    6                   12                    0                    1
                    6                   13                    1                    0
                    6                   13                    0                    1
                    6                   14                    0                    1
                    6                   15                    1                    0
                    6                   16                    1                    0
                    6                   16                    0                    1
                    6                   17                    1                    0
                    6                   17                    0                    1
                    6                   18                    1                    0
                    6                   19                    1                    0
                    7                    1                    1                    0
                    7                    1                    0                    1
                    7                    3                    1                    0
                    7                    4                    1                    0
                    7                    4                    0                    1
                    7                    6                    1                    0
                    7                    6                    0                    1
                    7                    7                    1                    0
                    7                    7                    0                    1
                    7                    8                    1                    0
                    7                    9                    0                    1
                    7                   13                    1                    0
                    7                   15                    1                    0
                    7                   16                    1                    0
                    7                   17                    1                    0
                    7                   18                    1                    0
                    7                   19                    0                    1
                    7                   20                    0                    1
                    8                    1                    1                    0
                    8                    1                    0                    1
                    8                    2                    0                    1
                    8                    4                    1                    0
                    8                    5                    1                    0
                    8                    5                    0                    1
                    8                    7                    1                    0
                    8                    8                    0                    1
                    8                    9                    1                    0
                    8                   10                    1                    0
                    8                   10                    0                    1
                    8                   11                    1                    0
                    8                   13                    1                    0
                    8                   15                    1                    0
                    8                   16                    1                    0
                    8                   17                    1                    0
                    8                   18                    0                    1
                    8                   19                    0                    1
                    8                   20                    0                    1
                    9                    2                    1                    0
                    9                    2                    0                    1
                    9                    3                    1                    0
                    9                    4                    0                    1
                    9                    5                    1                    0
                    9                    5                    0                    1
                    9                    6                    1                    0
                    9                    7                    1                    0
                    9                    8                    1                    0
                    9                    8                    0                    1
                    9                   10                    0                    1
                    9                   13                    0                    1
                    9                   14                    0                    1
                    9                   15                    1                    0
                    9                   15                    0                    1
                    9                   17                    1                    0
                    9                   20                    1                    0
                    9                   20                    0                    1
                   10                    1                    0                    1
                   10                    3                    0                    1
                   10                    4                    1                    0
                   10                    5                    1                    0
                   10                    6                    0                    1
                   10                    8                    0                    1
                   10                    9                    0                    1
                   10                   10                    0                    1
                   10                   12                    1                    0
                   10                   12                    0                    1
                   10                   13                    1                    0
                   10                   15                    1                    0
                   10                   16                    1                    0
                   10                   16                    0                    1
                   10                   20                    0                    1
                   11                    1                    1                    0
                   11                    1                    0                    1
                   11                    2                    0                    1
                   11                    3                    1                    0
                   11                    4                    0                    1
                   11                    5                    1                    0
                   11                    5                    0                    1
                   11                    6                    1                    0
                   11                    8                    1                    0
                   11                    8                    0                    1
                   11                    9                    0                    1
                   11                   10                    1                    0
                   11                   12                    0                    1
                   11                   15                    0                    1
                   12                    2                    1                    0
                   12                    2                    0                    1
                   12                    4                    1                    0
                   12                    4                    0                    1
                   12                    6                    0                    1
                   12                    7                    0                    1
                   12                   10                    1                    0
                   12                   15                    1                    0
                   12                   15                    0                    1
                   12                   16                    0                    1
                   12                   17                    1                    0
                   12                   19                    1                    0
                   12                   19                    0                    1
                   12                   20                    0                    1
                   13                    1                    1                    0
                   13                    2                    0                    1
                   13                    3                    1                    0
                   13                    4                    1                    0
                   13                    5                    1                    0
                   13                    5                    0                    1
                   13                    6                    1                    0
                   13                    7                    1                    0
                   13                    7                    0                    1
                   13                    8                    1                    0
                   13                   10                    0                    1
                   13                   11                    1                    0
                   13                   13                    1                    0
                   13                   13                    0                    1
                   13                   14                    0                    1
                   13                   17                    0                    1
                   13                   18                    0                    1
                   13                   19                    1                    0
                   13                   19                    0                    1
                   13                   20                    0                    1
                   14                    3                    0                    1
                   14                    4                    1                    0
                   14                    4                    0                    1
                   14                    6                    0                    1
                   14                    7                    1                    0
                   14                    7                    0                    1
                   14                    8                    1                    0
                   14                    8                    0                    1
                   14                    9                    1                    0
                   14                   10                    1                    0
                   14                   10                    0                    1
                   14                   11                    1                    0
                   14                   11                    0                    1
                   14                   12                    1                    0
                   14                   13                    0                    1
                   14                   14                    1                    0
                   14                   16                    1                    0
                   14                   16                    0                    1
                   14                   17                    1                    0
                   14                   18                    1                    0
                   14                   18                    0                    1
                   14                   19                    1                    0
                   14                   19                    0                    1
                   14                   20                    0                    1
                   15                    1                    1                    0
                   15                    1                    0                    1
                   15                    2                    0                    1
                   15                    3                    1                    0
                   15                    4                    1                    0
                   15                    7                    0                    1
                   15                    8                    1                    0
                   15                    9                    1                    0
                   15                    9                    0                    1
                   15                   11                    1                    0
                   15                   12                    1                    0
                   15                   14                    0                    1
                   15                   15                    0                    1
                   15                   16                    1                    0
                   15                   16                    0                    1
                   15                   18                    0                    1
                   15                   19                    1                    0
                   15                   19                    0                    1
                   15                   20                    1                    0
                   16                    1                    1                    0
                   16                    1                    0                    1
                   16                    2                    1                    0
                   16                    3                    0                    1
                   16                    7                    1                    0
                   16                    7                    0                    1
                   16                    9                    0                    1
                   16                   10                    0                    1
                   16                   12                    1                    0
                   16                   13                    1                    0
                   16                   13                    0                    1
                   16                   14                    0                    1
                   16                   15                    1                    0
                   16                   16                    0                    1
                   16                   17                    0                    1
                   16                   18                    1                    0
                   16                   19                    0                    1
                   16                   20                    1                    0
                   16                   20                    0                    1
                   17                    1                    0                    1
                   17                    2                    1                    0
                   17                    2                    0                    1
                   17                    3                    1                    0
                   17                    7                    1                    0
                   17                    8                    1                    0
                   17                    8                    0                    1
                   17                    9                    0                    1
                   17                   10                    0                    1
                   17                   11                    1                    0
                   17                   12                    0                    1
                   17                   14                    1                    0
                   17                   14                    0                    1
                   17                   15                    1                    0
                   17                   15                    0                    1
                   17                   16                    1                    0
                   17                   18                    1                    0
                   17                   20                    1                    0
                   18                    1                    0                    1
                   18                    3                    1                    0
                   18                    7                    0                    1
                   18                    9                    1                    0
                   18                    9                    0                    1
                   18                   10                    0                    1
                   18                   11                    1                    0
                   18                   11                    0                    1
                   18                   12                    1                    0
                   18                   14                    1                    0
                   18                   15                    1                    0
                   18                   16                    1                    0
                   18                   17                    1                    0
                   18                   17                    0                    1
                   18                   18                    1                    0
                   18                   18                    0                    1
                   18                   19                    0                    1
                   18                   20                    1                    0
                   18                   20                    0                    1
                   19                    1                    1                    0
                   19                    3                    1                    0
                   19                    9                    1                    0
                   19                   11                    1                    0
                   19                   12                    0                    1
                   19                   13                    1                    0
                   19                   14                    1                    0
                   19                   15                    1                    0
                   19                   16                    1                    0
                   19                   17                    0                    1
                   19                   20                    0                    1
                   20                    1                    0                    1
                   20                    2                    1                    0
                   20                    3                    1                    0
                   20                    6                    1                    0
                   20                    6                    0                    1
                   20                    7                    1                    0
                   20                    8                    1                    0
                   20                    8                    0                    1
                   20                    9                    1                    0
                   20                    9                    0                    1
                   20                   10                    0                    1
                   20                   13                    1                    0
                   20                   14                    0                    1
                   20                   16                    1                    0
                   20                   17                    1                    0
                   20                   17                    0                    1
                   20                   18                    0                    1
                   20                   19                    0                    1
                   20                   20                    1                    0
                    5                   11
                   15                    8
