                   18                   11                    0                    1
                   16                   10                    0                    1
                   16                    9                    0                   -1
                   18                   10                    0                   -1
                   18                   11                    0                    1
                   17                   11                   -1                    0
                   18                   11                    1                    0
                   16                    8                    0                   -1
                   18                   10                    0                   -1
                   16                    7                    0                   -1
                   18                   11                    0                    1
                   18                   10                    0                   -1
                   18                    9                    0                   -1
                   16                    8                    0                    1
                   16                    7                    0                   -1
                   18                   10                    0                    1
                   16                    8                    0                    1
                   16                    9                    0                    1
                   18                   11                    0                    1
                   17                    9                    1                    0
                   16                    9                   -1                    0
                   18                   10                    0                   -1
                   15                    9                   -1                    0
                   14                    9                   -1                    0
                   18                   11                    0                    1
                   18                   10                    0                   -1
                   14                   10                    0                    1
                   13                   10                   -1                    0
                   14                   10                    1                    0
                   13                   10                   -1                    0
                   13                    9                    0                   -1
                   19                   10                    1                    0
                   18                   10                   -1                    0
                   12                    9                   -1                    0
                   12                   10                    0                    1
                   19                   10                    1                    0
                   18                   10                   -1                    0
                   13                   10                    1                    0
                   12                   10                   -1                    0
                   12                    9                    0                   -1
                   13                    9                    1                    0
                   13                    8                    0                   -1
                   19                   10                    1                    0
                   18                   10                   -1                    0
                   13                    9                    0                    1
                   13                   10                    0                    1
                   13                   11                    0                    1
                   18                    9                    0                   -1
                   18                   10                    0                    1
                   13                   10                    0                   -1
                   18                    9                    0                   -1
                   12                   10                   -1                    0
                   18                   10                    0                    1
                   13                   10                    1                    0
                   14                   10                    1                    0
                   18                   11                    0                    1
                   14                    9                    0                   -1
                   15                    9                    1                    0
                   16                    9                    1                    0
                   18                   10                    0                   -1
                   18                    9                    0                   -1
                   19                    9                    1                    0
                   18                    9                   -1                    0
                   18                   10                    0                    1
                   17                    9                    1                    0
                   16                    9                   -1                    0
