                   16                    7                   -1                    0
                   16                    8                    0                    1
                   17                    8                    1                    0
                   16                    8                   -1                    0
                    3                    1                    0                    0
                    3                   20                    0                    0
                   16                    7                    0                   -1
                   17                    7                    1                    0
                   16                    7                   -1                    0
                    2                   20                   -1                    0
                   15                    7                   -1                    0
                   16                    7                    1                    0
                    3                   20                    1                    0
                    3                    1                    0                    0
                   16                    8                    0                    1
                   16                    7                    0                   -1
                    2                    1                   -1                    0
                    2                   20                    0                    0
                    2                    1                    0                    0
                    1                    1                   -1                    0
                    1                   20                    0                    0
                   17                    7                    1                    0
                    1                    1                    0                    0
                    2                    1                    1                    0
                   18                    7                    1                    0
                    1                    1                   -1                    0
                   17                    7                   -1                    0
                    2                    1                    1                    0
                   16                    7                   -1                    0
                    2                   20                    0                    0
                    1                   20                   -1                    0
                   15                    7                   -1                    0
                   15                    6                    0                   -1
                   16                    6                    1                    0
                    2                   20                    1                    0
                   15                    6                   -1                    0
                    2                    1                    0                    0
                    3                    1                    1                    0
                    2                    1                   -1                    0
                    2                    2                    0                    1
                   15                    5                    0                   -1
                    2                    3                    0                    1
                   14                    5                   -1                    0
                   14                    6                    0                    1
                   13                    6                   -1                    0
                   14                    6                    1                    0
                    3                    3                    1                    0
                    3                    2                    0                   -1
                   14                    7                    0                    1
                   14                    6                    0                   -1
                    2                    2                   -1                    0
                   14                    7                    0                    1
                    1                    2                   -1                    0
                    1                    3                    0                    1
                   14                    6                    0                   -1
                    1                    2                    0                   -1
                   15                    6                    1                    0
                   16                    6                    1                    0
                   15                    6                   -1                    0
                   20                    2                    0                    0
                   15                    5                    0                   -1
                   15                    6                    0                    1
                   20                    1                    0                   -1
                   16                    6                    1                    0
                   16                    5                    0                   -1
                   16                    6                    0                    1
                   16                    5                    0                   -1
                   16                    6                    0                    1
                   16                    7                    0                    1
                   17                    7                    1                    0
                   20                    2                    0                    1
                   19                    2                   -1                    0
                   17                    6                    0                   -1
                   18                    2                   -1                    0
                   18                    6                    1                    0
                   19                    6                    1                    0
                   19                    2                    1                    0
                   20                    6                    1                    0
                   18                    2                   -1                    0
                   20                    5                    0                   -1
                   18                    1                    0                   -1
                   20                    4                    0                   -1
                    1                    4                    0                    0
                   17                    1                   -1                    0
                    1                    3                    0                   -1
                   16                    1                   -1                    0
                   17                    1                    1                    0
                   17                   20                    0                    0
                   18                   20                    1                    0
                    1                    4                    0                    1
                    1                    3                    0                   -1
                   18                   19                    0                   -1
                   17                   19                   -1                    0
                    1                    4                    0                    1
                   16                   19                   -1                    0
                   20                    4                    0                    0
                    1                    4                    0                    0
                   16                   18                    0                   -1
                   20                    4                    0                    0
                   17                   18                    1                    0
                   20                    5                    0                    1
                   20                    4                    0                   -1
                   17                   17                    0                   -1
                   20                    3                    0                   -1
                   18                   17                    1                    0
                   18                   16                    0                   -1
                   17                   16                   -1                    0
                   17                   15                    0                   -1
                   17                   14                    0                   -1
                   20                    2                    0                   -1
                   20                    3                    0                    1
                   17                   15                    0                    1
                   20                    4                    0                    1
                   17                   16                    0                    1
                   16                   16                   -1                    0
                    1                    4                    0                    0
                    1                    5                    0                    1
                   17                   16                    1                    0
                   17                   17                    0                    1
                    2                    5                    1                    0
                   18                   17                    1                    0
                   19                   17                    1                    0
                   18                   17                   -1                    0
                    3                    5                    1                    0
                   17                   17                   -1                    0
                    3                    4                    0                   -1
                   18                   17                    1                    0
                    4                    4                    1                    0
                    4                    5                    0                    1
                   18                   16                    0                   -1
                    3                    5                   -1                    0
                    3                    4                    0                   -1
                   18                   17                    0                    1
                   18                   16                    0                   -1
                    4                    4                    1                    0
                   17                   16                   -1                    0
                    4                    5                    0                    1
                   17                   15                    0                   -1
                    4                    4                    0                   -1
