                    1                    8                    1                    0
                    1                    8                    0                    1
                    2                    8                    0                    1
                    2                    9                    0                    1
                    2                   10                    0                    1
                    2                   11                    1                    0
                    3                   11                    1                    0
                    4                   11                    0                    1
                    6                   14                    1                    0
                    6                   14                    0                    1
                    6                   15                    1                    0
                    7                   14                    0                    1
                    9                   10                    1                    0
                    9                   10                    0                    1
                    9                   11                    1                    0
                    9                   13                    1                    0
                   10                    6                    1                    0
                   10                    6                    0                    1
                   10                    7                    1                    0
                   10                   10                    1                    0
                   10                   11                    0                    1
                   10                   12                    0                    1
                   11                    6                    0                    1
                   11                   10                    1                    0
                   12                    7                    1                    0
                   12                    7                    0                    1
                   12                    8                    0                    1
                   12                    9                    1                    0
                   12                   10                    0                    1
                   12                   11                    1                    0
                   13                    9                    0                    1
                   13                   10                    1                    0
                   14                    1                    0                    1
                   14                    2                    1                    0
                   14                   10                    0                    1
                   14                   11                    1                    0
                   14                   20                    1                    0
                   14                   20                    0                    1
                   15                    1                    0                    1
                   15                   11                    0                    1
                   15                   12                    1                    0
                   15                   20                    0                    1
                   16                   12                    1                    0
                   17                    7                    1                    0
                   17                    7                    0                    1
                   17                    8                    1                    0
                   17                   12                    1                    0
                   18                    7                    0                    1
                   18                   12                    1                    0
                   19                    9                    1                    0
                   19                    9                    0                    1
                   19                   10                    1                    0
                   19                   11                    1                    0
                   19                   11                    0                    1
                   20                    9                    1                    0
                   20                   10                    0                    1
                    9                   13
                   13                   11
