                    1                    1                    0                    0
                    8                   13                    0                    1
                    8                   12                    0                   -1
                    1                   20                    0                    0
                    8                   11                    0                   -1
                    8                   12                    0                    1
                   20                   20                    0                    0
                    1                   20                    0                    0
                    1                    1                    0                    0
                    8                   11                    0                   -1
                    8                   12                    0                    1
                    8                   13                    0                    1
                    1                    2                    0                    1
                   20                    2                    0                    0
                    1                    2                    0                    0
                    7                   13                   -1                    0
                    1                    1                    0                   -1
                    8                   13                    1                    0
                    1                   20                    0                    0
                   20                   20                    0                    0
                    8                   12                    0                   -1
                    9                   12                    1                    0
                    1                   20                    0                    0
                    8                   12                   -1                    0
                    7                   12                   -1                    0
                    1                    1                    0                    0
                    1                   20                    0                    0
                    7                   13                    0                    1
                    1                   19                    0                   -1
                    8                   13                    1                    0
                    7                   13                   -1                    0
                    7                   12                    0                   -1
                    2                   19                    1                    0
                    1                   19                   -1                    0
                    1                   20                    0                    1
                    2                   20                    1                    0
                    2                   19                    0                   -1
                    7                   13                    0                    1
                    8                   13                    1                    0
                    7                   13                   -1                    0
                    7                   12                    0                   -1
                    8                   12                    1                    0
                    9                   12                    1                    0
                    2                   20                    0                    1
                    1                   20                   -1                    0
                    9                   13                    0                    1
                    9                   12                    0                   -1
                    8                   12                   -1                    0
                    8                   13                    0                    1
                    8                   12                    0                   -1
                    1                   19                    0                   -1
                    1                   20                    0                    1
                    2                   20                    1                    0
                    1                   20                   -1                    0
                    7                   12                   -1                    0
                   20                   20                    0                    0
                    8                   12                    1                    0
                   19                   20                   -1                    0
                   18                   20                   -1                    0
                    8                   13                    0                    1
                   19                   20                    1                    0
                   20                   20                    1                    0
                    1                   20                    0                    0
                    9                   13                    1                    0
                    9                   12                    0                   -1
                    9                   11                    0                   -1
                   10                   11                    1                    0
                   10                   10                    0                   -1
                    9                   10                   -1                    0
                    2                   20                    1                    0
                    1                   20                   -1                    0
                    9                   11                    0                    1
                    1                    1                    0                    0
                   10                   11                    1                    0
                   20                    1                    0                    0
                   11                   11                    1                    0
                   20                   20                    0                    0
                   20                    1                    0                    0
                    1                    1                    0                    0
                    1                   20                    0                    0
                    1                   19                    0                   -1
