                   16                   20                    0                    1
                   16                   19                    0                   -1
                    7                    3                    1                    0
                   17                   19                    1                    0
                   17                   20                    0                    1
                   17                    1                    0                    0
                    7                    2                    0                   -1
                    6                    2                   -1                    0
                    5                    2                   -1                    0
                    6                    2                    1                    0
                    7                    2                    1                    0
                   17                   20                    0                    0
                   18                   20                    1                    0
                   18                   19                    0                   -1
                    8                    2                    1                    0
                    8                    3                    0                    1
                   19                   19                    1                    0
                    8                    4                    0                    1
                   20                   19                    1                    0
                    9                    4                    1                    0
                   20                   18                    0                   -1
                   20                   19                    0                    1
                    9                    3                    0                   -1
                   19                   19                   -1                    0
                   19                   18                    0                   -1
                    8                    3                   -1                    0
                    8                    4                    0                    1
                    9                    4                    1                    0
                   10                    4                    1                    0
                   11                    4                    1                    0
                   11                    3                    0                   -1
                   11                    4                    0                    1
                   18                   18                   -1                    0
                   19                   18                    1                    0
                   10                    4                   -1                    0
                   11                    4                    1                    0
                   11                    5                    0                    1
                   11                    6                    0                    1
                   10                    6                   -1                    0
                   19                   17                    0                   -1
                   19                   18                    0                    1
                    9                    6                   -1                    0
                    9                    5                    0                   -1
                   19                   17                    0                   -1
                   19                   18                    0                    1
                   20                   18                    1                    0
                   20                   17                    0                   -1
                   20                   18                    0                    1
                   20                   19                    0                    1
                   20                   18                    0                   -1
                    9                    6                    0                    1
                   10                    6                    1                    0
                    9                    6                   -1                    0
                   10                    6                    1                    0
                   11                    6                    1                    0
                   20                   19                    0                    1
                   19                   19                   -1                    0
                   11                    7                    0                    1
                   19                   18                    0                   -1
                   19                   17                    0                   -1
                   19                   18                    0                    1
                   10                    7                   -1                    0
                   19                   17                    0                   -1
                   20                   17                    1                    0
                    9                    7                   -1                    0
                   10                    7                    1                    0
                   11                    7                    1                    0
                   20                   18                    0                    1
                   19                   18                   -1                    0
                   19                   17                    0                   -1
                   20                   17                    1                    0
                   19                   17                   -1                    0
                   11                    6                    0                   -1
                   20                   17                    1                    0
                   11                    5                    0                   -1
                    1                   17                    0                    0
                    1                   18                    0                    1
                    2                   18                    1                    0
                    1                   18                   -1                    0
                   12                    5                    1                    0
                   13                    5                    1                    0
                    1                   17                    0                   -1
                   20                   17                    0                    0
                    1                   17                    0                    0
                    1                   16                    0                   -1
                   13                    6                    0                    1
                    1                   15                    0                   -1
                    1                   14                    0                   -1
                    1                   15                    0                    1
                    1                   16                    0                    1
                    2                   16                    1                    0
                    2                   17                    0                    1
                    2                   18                    0                    1
                    2                   17                    0                   -1
                    2                   16                    0                   -1
                   14                    6                    1                    0
                   15                    6                    1                    0
                   15                    5                    0                   -1
                   16                    5                    1                    0
                   16                    4                    0                   -1
                    2                   15                    0                   -1
                    2                   16                    0                    1
                   15                    4                   -1                    0
                   15                    5                    0                    1
                    2                   15                    0                   -1
                   15                    6                    0                    1
                   15                    7                    0                    1
                   15                    8                    0                    1
                   15                    9                    0                    1
                    1                   15                   -1                    0
                   16                    9                    1                    0
                   16                   10                    0                    1
                    1                   14                    0                   -1
                   16                   11                    0                    1
                   20                   14                    0                    0
                   15                   11                   -1                    0
                   15                   12                    0                    1
                   20                   13                    0                   -1
                   15                   13                    0                    1
                   15                   12                    0                   -1
                   20                   14                    0                    1
                   20                   13                    0                   -1
                   15                   11                    0                   -1
                   16                   11                    1                    0
                   20                   12                    0                   -1
                   20                   11                    0                   -1
                   20                   12                    0                    1
                   20                   11                    0                   -1
                   15                   11                   -1                    0
                   20                   12                    0                    1
                   19                   12                   -1                    0
                   18                   12                   -1                    0
                   15                   12                    0                    1
                   17                   12                   -1                    0
                   15                   11                    0                   -1
                   15                   10                    0                   -1
                   18                   12                    1                    0
                   19                   12                    1                    0
                   18                   12                   -1                    0
                   16                   10                    1                    0
                   15                   10                   -1                    0
                   15                   11                    0                    1
                   16                   11                    1                    0
                   17                   11                    1                    0
                   16                   11                   -1                    0
                   18                   11                    0                   -1
                   18                   10                    0                   -1
                   18                    9                    0                   -1
                   16                   10                    0                   -1
                   16                    9                    0                   -1
                   17                    9                    1                    0
                   17                    9                   -1                    0
                   17                   10                    0                    1
                   17                    9                    0                   -1
                   19                   12                    0                    1
                   19                   11                    0                   -1
                   19                   10                    0                   -1
                   18                   10                   -1                    0
                   19                   10                    1                    0
                   19                   10                    0                   -1
                   20                   10                    1                    0
                    1                   10                    0                    0
                   18                   10                   -1                    0
                   18                   11                    0                    1
                   20                   10                    0                    0
                   18                   12                    0                    1
                   19                   10                   -1                    0
                   18                   10                   -1                    0
                   19                   10                    1                    0
                   19                   11                    0                    1
                   18                   13                    0                    1
                   18                   14                    0                    1
                   20                   11                    1                    0
                   18                   13                    0                   -1
                   18                   12                    0                   -1
                   18                   13                    0                    1
                   19                   13                    1                    0
                   19                   12                    0                   -1
                   19                   11                   -1                    0
