                   16                    2                    1                    0
                   11                   14                    0                   -1
                   12                   14                    1                    0
                   11                   14                   -1                    0
                   11                   15                    0                    1
                   15                    2                   -1                    0
                   12                   15                    1                    0
                   14                    2                   -1                    0
                   13                    2                   -1                    0
                   11                   15                   -1                    0
                   12                   15                    1                    0
                   12                   14                    0                   -1
                   14                    2                    1                    0
                   15                    2                    1                    0
                   12                   15                    0                    1
                   14                    2                   -1                    0
                   14                    1                    0                   -1
                   11                   15                   -1                    0
                   14                    2                    0                    1
                   14                    3                    0                    1
                   11                   16                    0                    1
                   14                    2                    0                   -1
                   15                    2                    1                    0
                   11                   15                    0                   -1
                   10                   15                   -1                    0
                   10                   16                    0                    1
                   10                   15                    0                   -1
                   10                   16                    0                    1
                   10                   15                    0                   -1
                   10                   14                    0                   -1
                    9                   14                   -1                    0
                   10                   14                    1                    0
                   11                   14                    1                    0
                   10                   14                   -1                    0
                   14                    2                   -1                    0
                   10                   13                    0                   -1
                   13                    2                   -1                    0
                   14                    2                    1                    0
                   15                    2                    1                    0
                   16                    2                    1                    0
                   16                    3                    0                    1
                   16                    2                    0                   -1
                   10                   14                    0                    1
                   15                    2                   -1                    0
                   15                    1                    0                   -1
                   15                    2                    0                    1
                   10                   15                    0                    1
                   11                   15                    1                    0
                   14                    2                   -1                    0
                   15                    2                    1                    0
                   14                    2                   -1                    0
                   15                    2                    1                    0
                   15                    3                    0                    1
                   15                    4                    0                    1
                   14                    4                   -1                    0
                   15                    4                    1                    0
                   15                    3                    0                   -1
                   15                    2                    0                   -1
                   15                    1                    0                   -1
                   15                   20                    0                    0
                   11                   16                    0                    1
                   11                   15                    0                   -1
                   15                    1                    0                    0
                   12                   15                    1                    0
                   15                   20                    0                    0
                   12                   14                    0                   -1
                   15                    1                    0                    0
                   16                    1                    1                    0
                   12                   15                    0                    1
                   15                    1                   -1                    0
                   15                    2                    0                    1
                   11                   15                   -1                    0
                   15                    1                    0                   -1
                   15                    2                    0                    1
