                   13                   19                    1                    0
                   16                   17                    0                    1
                   16                   18                    0                    1
                   14                   19                    1                    0
                   14                   18                    0                   -1
                   13                   18                   -1                    0
                   16                   17                    0                   -1
                   16                   16                    0                   -1
                   17                   16                    1                    0
                   17                   17                    0                    1
                   17                   16                    0                   -1
                   17                   15                    0                   -1
                   17                   16                    0                    1
                   12                   18                   -1                    0
                   13                   18                    1                    0
                   12                   18                   -1                    0
                   17                   15                    0                   -1
                   17                   14                    0                   -1
                   12                   17                    0                   -1
                   12                   18                    0                    1
                   17                   13                    0                   -1
                   13                   18                    1                    0
                   14                   18                    1                    0
                   17                   14                    0                    1
                   16                   14                   -1                    0
                   14                   17                    0                   -1
                   14                   18                    0                    1
                   14                   17                    0                   -1
                   14                   18                    0                    1
                   17                   14                    1                    0
                   14                   19                    0                    1
                   13                   19                   -1                    0
                   17                   15                    0                    1
                   17                   16                    0                    1
                   12                   19                   -1                    0
                   12                   20                    0                    1
                   18                   16                    1                    0
                   12                   19                    0                   -1
                   11                   19                   -1                    0
                   11                   18                    0                   -1
                   12                   18                    1                    0
                   13                   18                    1                    0
                   14                   18                    1                    0
                   17                   16                   -1                    0
                   16                   16                   -1                    0
                   14                   17                    0                   -1
                   17                   16                    1                    0
                   16                   16                   -1                    0
                   13                   17                   -1                    0
                   13                   16                    0                   -1
                   13                   15                    0                   -1
                   14                   15                    1                    0
                   13                   15                   -1                    0
                   13                   14                    0                   -1
                   17                   16                    1                    0
                   16                   16                   -1                    0
                   13                   15                    0                    1
                   13                   14                    0                   -1
                   13                   13                    0                   -1
                   17                   16                    1                    0
                   16                   16                   -1                    0
                   13                   12                    0                   -1
                   13                   13                    0                    1
                   13                   14                    0                    1
                   14                   14                    1                    0
                   14                   13                    0                   -1
                   14                   14                    0                    1
                   17                   16                    1                    0
                   18                   16                    1                    0
                   15                   14                    1                    0
                   15                   13                    0                   -1
                   18                   17                    0                    1
                   15                   12                    0                   -1
                   15                   11                    0                   -1
                   16                   11                    1                    0
                   16                   10                    0                   -1
                   18                   18                    0                    1
                   17                   18                   -1                    0
                   15                   10                   -1                    0
                   16                   18                   -1                    0
                   17                   18                    1                    0
                   16                   10                    1                    0
                   16                   18                   -1                    0
                   17                   18                    1                    0
                   17                   10                    1                    0
                   16                   10                   -1                    0
                   17                   17                    0                   -1
                   18                   17                    1                    0
                   18                   18                    0                    1
                   17                   10                    1                    0
                   19                   18                    1                    0
                   19                   19                    0                    1
                   16                   10                   -1                    0
                   19                   20                    0                    1
                   19                   19                    0                   -1
                   16                   11                    0                    1
                   19                   18                    0                   -1
                   16                   12                    0                    1
                   15                   12                   -1                    0
                   19                   19                    0                    1
                   19                   18                    0                   -1
                   16                   12                    1                    0
                   19                   17                    0                   -1
                   18                   17                   -1                    0
                   17                   17                   -1                    0
                   16                   11                    0                   -1
                   15                   11                   -1                    0
                   18                   17                    1                    0
                   17                   17                   -1                    0
