                    2                   13                   -1                    0
                   11                   13                    0                   -1
                    2                   14                    0                    1
                   12                   13                    1                    0
                   13                   13                    1                    0
                    2                   15                    0                    1
                   13                   14                    0                    1
                   13                   13                    0                   -1
                   13                   14                    0                    1
                    2                   16                    0                    1
                   13                   13                    0                   -1
                    1                   16                   -1                    0
                   13                   12                    0                   -1
                    1                   17                    0                    1
                    1                   18                    0                    1
                    1                   17                    0                   -1
                   12                   12                   -1                    0
                    1                   18                    0                    1
                   13                   12                    1                    0
                   12                   12                   -1                    0
                   20                   18                    0                    0
                   13                   12                    1                    0
                   19                   18                   -1                    0
                   14                   12                    1                    0
                   18                   18                   -1                    0
                   14                   11                    0                   -1
                   17                   18                   -1                    0
                   14                   10                    0                   -1
                   15                   10                    1                    0
                   16                   10                    1                    0
                   16                   11                    0                    1
                   16                   12                    0                    1
                   17                   12                    1                    0
                   16                   12                   -1                    0
                   16                   13                    0                    1
                   16                   14                    0                    1
                   18                   18                    1                    0
                   17                   14                    1                    0
                   18                   17                    0                   -1
                   19                   17                    1                    0
                   16                   14                   -1                    0
                   18                   17                   -1                    0
                   18                   16                    0                   -1
                   17                   16                   -1                    0
                   17                   14                    1                    0
                   18                   16                    1                    0
                   18                   17                    0                    1
                   18                   18                    0                    1
                   18                   17                    0                   -1
                   17                   17                   -1                    0
                   17                   15                    0                    1
                   18                   17                    1                    0
                   16                   15                   -1                    0
                   18                   18                    0                    1
                   19                   18                    1                    0
                   20                   18                    1                    0
                   20                   19                    0                    1
                   15                   15                   -1                    0
                   20                   18                    0                   -1
                   16                   15                    1                    0
                   16                   14                    0                   -1
                   16                   13                    0                   -1
                   15                   13                   -1                    0
                   16                   13                    1                    0
                   20                   17                    0                   -1
                    1                   17                    0                    0
                    1                   18                    0                    1
                    1                   19                    0                    1
                    1                   18                    0                   -1
                   20                   18                    0                    0
                    1                   18                    0                    0
                    2                   18                    1                    0
                   16                   12                    0                   -1
                   17                   12                    1                    0
                    1                   18                   -1                    0
                   20                   18                    0                    0
                   20                   17                    0                   -1
                   19                   17                   -1                    0
                   18                   12                    1                    0
                   17                   12                   -1                    0
                   20                   17                    1                    0
                   19                   17                   -1                    0
                   18                   17                   -1                    0
                   16                   12                   -1                    0
                   16                   11                    0                   -1
                   16                   10                    0                   -1
                   19                   17                    1                    0
                   19                   18                    0                    1
                   20                   18                    1                    0
                    1                   18                    0                    0
                   16                   11                    0                    1
                   17                   11                    1                    0
                   20                   18                    0                    0
                   19                   18                   -1                    0
                   18                   11                    1                    0
                   19                   17                    0                   -1
                   18                   12                    0                    1
                   17                   12                   -1                    0
                   16                   12                   -1                    0
                   17                   12                    1                    0
                   17                   11                    0                   -1
                   17                   12                    0                    1
                   16                   12                   -1                    0
                   17                   12                    1                    0
                   18                   12                    1                    0
                   18                   17                   -1                    0
                   18                   11                    0                   -1
                   19                   11                    1                    0
                   19                   17                    1                    0
                   18                   11                   -1                    0
                   18                   12                    0                    1
                   18                   11                    0                   -1
                   18                   12                    0                    1
                   19                   12                    1                    0
                   20                   12                    1                    0
                    1                   12                    0                    0
                   20                   17                    1                    0
                   20                   18                    0                    1
                   20                   12                    0                    0
                   20                   19                    0                    1
                   20                   13                    0                    1
                   20                   18                    0                   -1
                    1                   18                    0                    0
                    1                   19                    0                    1
                    1                   13                    0                    0
                   20                   19                    0                    0
                   20                   20                    0                    1
                   20                    1                    0                    0
                   20                   20                    0                    0
                    2                   13                    1                    0
                    2                   14                    0                    1
