                    2                    5                    0                   -1
                    2                    4                    0                   -1
                    2                    3                    0                   -1
                    2                    4                    0                    1
                   11                   10                   -1                    0
                    2                    5                    0                    1
                    2                    6                    0                    1
                    3                    6                    1                    0
                    2                    6                   -1                    0
                    3                    6                    1                    0
                   12                   10                    1                    0
                    3                    7                    0                    1
                    3                    6                    0                   -1
                    2                    6                   -1                    0
                   13                   10                    1                    0
                   12                   10                   -1                    0
                   13                   10                    1                    0
                   12                   10                   -1                    0
                   11                   10                   -1                    0
                    1                    6                   -1                    0
                   11                    9                    0                   -1
                   11                   10                    0                    1
                   11                   11                    0                    1
                    1                    5                    0                   -1
                   10                   11                   -1                    0
                    1                    6                    0                    1
                    9                   11                   -1                    0
                    8                   11                   -1                    0
                    8                   10                    0                   -1
                    2                    6                    1                    0
                    8                   11                    0                    1
                    9                   11                    1                    0
                   10                   11                    1                    0
                    9                   11                   -1                    0
                    8                   11                   -1                    0
                    1                    6                   -1                    0
                    8                   12                    0                    1
                    8                   11                    0                   -1
                    8                   12                    0                    1
                    7                   12                   -1                    0
                    7                   11                    0                   -1
                    2                    6                    1                    0
                    7                   12                    0                    1
                    2                    5                    0                   -1
                    7                   13                    0                    1
                    7                   12                    0                   -1
                    2                    6                    0                    1
                    8                   12                    1                    0
                    1                    6                   -1                    0
                    1                    5                    0                   -1
                    8                   13                    0                    1
                    8                   12                    0                   -1
                    8                   11                    0                   -1
                    8                   10                    0                   -1
                    9                   10                    1                    0
                    1                    6                    0                    1
                    2                    6                    1                    0
                    2                    5                    0                   -1
                    1                    5                   -1                    0
                    1                    4                    0                   -1
                    1                    5                    0                    1
                    9                    9                    0                   -1
                    9                    8                    0                   -1
                    8                    8                   -1                    0
                    2                    5                    1                    0
                    7                    8                   -1                    0
                    2                    6                    0                    1
                    3                    6                    1                    0
                    8                    8                    1                    0
                    8                    7                    0                   -1
                    8                    8                    0                    1
                    2                    6                   -1                    0
                    2                    7                    0                    1
                    2                    6                    0                   -1
                    2                    5                    0                   -1
                    2                    6                    0                    1
                    1                    6                   -1                    0
                    7                    8                   -1                    0
