                    1                    1                    1                    0
                    1                    4                    1                    0
                    1                    4                    0                    1
                    1                    5                    0                    1
                    1                    6                    0                    1
                    1                    7                    1                    0
                    1                    9                    0                    1
                    1                   10                    0                    1
                    1                   11                    1                    0
                    1                   14                    0                    1
                    1                   15                    0                    1
                    1                   16                    0                    1
                    1                   17                    1                    0
                    1                   17                    0                    1
                    1                   18                    0                    1
                    1                   19                    0                    1
                    1                   20                    0                    1
                    2                    1                    0                    1
                    2                    2                    0                    1
                    2                    3                    1                    0
                    2                    4                    1                    0
                    2                    7                    1                    0
                    2                   11                    1                    0
                    2                   17                    0                    1
                    2                   18                    0                    1
                    2                   19                    0                    1
                    2                   20                    1                    0
                    3                    1                    0                    1
                    3                    2                    1                    0
                    3                    3                    0                    1
                    3                    5                    1                    0
                    3                    5                    0                    1
                    3                    6                    1                    0
                    3                    7                    1                    0
                    3                   11                    1                    0
                    3                   14                    1                    0
                    3                   14                    0                    1
                    3                   15                    1                    0
                    3                   16                    1                    0
                    3                   16                    0                    1
                    3                   17                    1                    0
                    3                   20                    0                    1
                    4                    2                    0                    1
                    4                    3                    0                    1
                    4                    4                    0                    1
                    4                    6                    1                    0
                    4                    7                    1                    0
                    4                   11                    0                    1
                    4                   13                    1                    0
                    4                   13                    0                    1
                    4                   15                    0                    1
                    4                   17                    1                    0
                    5                    6                    0                    1
                    5                    9                    1                    0
                    5                    9                    0                    1
                    5                   10                    1                    0
                    5                   11                    1                    0
                    5                   11                    0                    1
                    5                   12                    0                    1
                    5                   15                    1                    0
                    5                   15                    0                    1
                    5                   16                    0                    1
                    6                    1                    1                    0
                    6                    7                    1                    0
                    6                    7                    0                    1
                    6                    8                    1                    0
                    6                    9                    1                    0
                    6                   10                    0                    1
                    6                   15                    0                    1
                    6                   16                    0                    1
                    6                   17                    1                    0
                    6                   18                    1                    0
                    6                   18                    0                    1
                    6                   19                    1                    0
                    6                   20                    1                    0
                    6                   20                    0                    1
                    7                    1                    1                    0
                    7                    4                    1                    0
                    7                    4                    0                    1
                    7                    5                    1                    0
                    7                    6                    1                    0
                    7                    6                    0                    1
                    7                    8                    1                    0
                    7                    9                    1                    0
                    7                   11                    1                    0
                    7                   11                    0                    1
                    7                   12                    1                    0
                    7                   14                    1                    0
                    7                   14                    0                    1
                    7                   15                    1                    0
                    7                   17                    0                    1
                    7                   19                    0                    1
                    8                    1                    1                    0
                    8                    3                    1                    0
                    8                    3                    0                    1
                    8                    5                    0                    1
                    8                    8                    0                    1
                    8                    9                    1                    0
                    8                    9                    0                    1
                    8                   10                    0                    1
                    8                   12                    0                    1
                    8                   13                    0                    1
                    8                   15                    0                    1
                    8                   16                    1                    0
                    9                    1                    1                    0
                    9                    2                    1                    0
                    9                    2                    0                    1
                    9                    6                    1                    0
                    9                    6                    0                    1
                    9                    8                    1                    0
                    9                    8                    0                    1
                    9                   16                    1                    0
                    9                   18                    1                    0
                    9                   18                    0                    1
                    9                   19                    1                    0
                   10                    1                    1                    0
                   10                    2                    0                    1
                   10                    3                    1                    0
                   10                    6                    0                    1
                   10                    7                    1                    0
                   10                    8                    0                    1
                   10                    9                    0                    1
                   10                   10                    1                    0
                   10                   16                    0                    1
                   10                   17                    0                    1
                   10                   19                    1                    0
                   11                    3                    1                    0
                   11                    4                    1                    0
                   11                    4                    0                    1
                   11                    5                    1                    0
                   11                    6                    1                    0
                   11                    6                    0                    1
                   11                   10                    0                    1
                   11                   11                    1                    0
                   11                   19                    1                    0
                   11                   20                    1                    0
                   11                   20                    0                    1
                   12                    1                    0                    1
                   12                    2                    1                    0
                   12                    3                    1                    0
                   12                    4                    1                    0
                   12                    5                    0                    1
                   12                    6                    1                    0
                   12                    6                    0                    1
                   12                    7                    1                    0
                   12                   10                    1                    0
                   12                   10                    0                    1
                   12                   16                    1                    0
                   12                   16                    0                    1
                   12                   17                    0                    1
                   12                   18                    1                    0
                   12                   19                    1                    0
                   12                   20                    0                    1
                   13                    2                    1                    0
                   13                    3                    0                    1
                   13                    6                    1                    0
                   13                    7                    1                    0
                   13                   10                    0                    1
                   13                   16                    1                    0
                   13                   18                    1                    0
                   13                   19                    0                    1
                   13                   20                    1                    0
                   14                    1                    0                    1
                   14                    6                    0                    1
                   14                   16                    1                    0
                   14                   18                    1                    0
                   14                   20                    0                    1
                   15                    1                    0                    1
                   15                    2                    1                    0
                   15                    9                    1                    0
                   15                    9                    0                    1
                   15                   10                    1                    0
                   15                   16                    1                    0
                   15                   18                    1                    0
                   15                   20                    0                    1
                   16                    2                    0                    1
                   16                    3                    0                    1
                   16                    4                    0                    1
                   16                    5                    0                    1
                   16                    6                    1                    0
                   16                    7                    1                    0
                   16                    7                    0                    1
                   16                    8                    1                    0
                   16                    9                    0                    1
                   16                   16                    1                    0
                   16                   18                    1                    0
                   17                    1                    0                    1
                   17                    2                    0                    1
                   17                    3                    0                    1
                   17                    4                    0                    1
                   17                    5                    1                    0
                   17                    6                    1                    0
                   17                    7                    1                    0
                   17                    8                    1                    0
                   17                    9                    1                    0
                   17                    9                    0                    1
                   17                   10                    0                    1
                   17                   11                    1                    0
                   17                   15                    1                    0
                   17                   15                    0                    1
                   17                   18                    0                    1
                   17                   19                    0                    1
                   17                   20                    0                    1
                   18                    5                    1                    0
                   18                    6                    0                    1
                   18                    8                    0                    1
                   18                   11                    0                    1
                   18                   12                    1                    0
                   18                   13                    1                    0
                   18                   13                    0                    1
                   18                   14                    0                    1
                   19                    1                    1                    0
                   19                    5                    1                    0
                   19                   12                    1                    0
                   19                   13                    1                    0
                   19                   14                    1                    0
                   19                   14                    0                    1
                   19                   15                    1                    0
                   19                   16                    1                    0
                   19                   16                    0                    1
                   19                   17                    0                    1
                   19                   18                    1                    0
                   19                   20                    1                    0
                   19                   20                    0                    1
                   20                    5                    0                    1
                   20                    6                    0                    1
                   20                    7                    0                    1
                   20                    8                    0                    1
                   20                    9                    1                    0
                   20                   12                    0                    1
                   20                   14                    1                    0
                   20                   15                    0                    1
                   20                   17                    1                    0
                   20                   17                    0                    1
                   20                   20                    0                    1
                   15                   20
                   13                   11
