                   11                   17                    1                    0
                   12                   17                    1                    0
                   13                   17                    1                    0
                   13                   18                    0                    1
                   13                   17                    0                   -1
                   17                    9                    0                   -1
                   12                   17                   -1                    0
                   17                   10                    0                    1
                   13                   17                    1                    0
                   12                   17                   -1                    0
                   17                    9                    0                   -1
                   11                   17                   -1                    0
                   11                   18                    0                    1
                   17                   10                    0                    1
                   18                   10                    1                    0
                   18                   11                    0                    1
                   17                   11                   -1                    0
                   17                   12                    0                    1
                   11                   17                    0                   -1
                   17                   13                    0                    1
                   12                   17                    1                    0
                   12                   18                    0                    1
                   13                   18                    1                    0
                   17                   12                    0                   -1
                   18                   12                    1                    0
                   19                   12                    1                    0
                   19                   11                    0                   -1
                   19                   12                    0                    1
                   12                   18                   -1                    0
                   18                   12                   -1                    0
                   12                   17                    0                   -1
                   17                   12                   -1                    0
                   12                   18                    0                    1
                   17                   11                    0                   -1
                   11                   18                   -1                    0
                   10                   18                   -1                    0
                    9                   18                   -1                    0
                   18                   11                    1                    0
                   17                   11                   -1                    0
                    8                   18                   -1                    0
                   17                   12                    0                    1
                   17                   13                    0                    1
                   17                   12                    0                   -1
                    7                   18                   -1                    0
                    7                   17                    0                   -1
                   17                   11                    0                   -1
                    7                   18                    0                    1
                   17                   12                    0                    1
                   17                   13                    0                    1
                    8                   18                    1                    0
                    9                   18                    1                    0
                   10                   18                    1                    0
                   11                   18                    1                    0
                   17                   12                    0                   -1
                   12                   18                    1                    0
                   17                   11                    0                   -1
                   12                   17                    0                   -1
                   18                   11                    1                    0
                   11                   17                   -1                    0
                   17                   11                   -1                    0
                   18                   11                    1                    0
                   11                   18                    0                    1
                   18                   10                    0                   -1
                   17                   10                   -1                    0
                   11                   17                    0                   -1
                   11                   18                    0                    1
                   12                   18                    1                    0
                   11                   18                   -1                    0
                   11                   19                    0                    1
                   16                   10                   -1                    0
                   11                   18                    0                   -1
                   12                   18                    1                    0
                   11                   18                   -1                    0
                   15                   10                   -1                    0
                   11                   19                    0                    1
                   14                   10                   -1                    0
                   11                   18                    0                   -1
                   11                   17                    0                   -1
                   12                   17                    1                    0
                   14                   11                    0                    1
                   14                   10                    0                   -1
                   14                    9                    0                   -1
                   11                   17                   -1                    0
                   14                   10                    0                    1
                   15                   10                    1                    0
                   12                   17                    1                    0
                   12                   18                    0                    1
                   13                   18                    1                    0
                   13                   17                    0                   -1
                   16                   10                    1                    0
                   17                   10                    1                    0
                   18                   10                    1                    0
                   12                   17                   -1                    0
                   12                   18                    0                    1
                   13                   18                    1                    0
                   13                   19                    0                    1
                   12                   19                   -1                    0
                   13                   19                    1                    0
                   13                   18                    0                   -1
