                   17                   18                    0                    1
                   17                   17                    0                   -1
                   13                    3                   -1                    0
                   17                   18                    0                    1
                   17                   19                    0                    1
                   14                    3                    1                    0
                   15                    3                    1                    0
                   14                    3                   -1                    0
                   14                    4                    0                    1
                   14                    5                    0                    1
                   15                    5                    1                    0
                   14                    5                   -1                    0
                   14                    4                    0                   -1
                   17                   18                    0                   -1
                   17                   17                    0                   -1
                   18                   17                    1                    0
                   17                   17                   -1                    0
                   14                    3                    0                   -1
                   18                   17                    1                    0
                   14                    4                    0                    1
                   17                   17                   -1                    0
                   17                   18                    0                    1
                   13                    4                   -1                    0
                   17                   17                    0                   -1
                   13                    3                    0                   -1
                   13                    4                    0                    1
                   14                    4                    1                    0
                   13                    4                   -1                    0
                   17                   16                    0                   -1
                   18                   16                    1                    0
                   13                    3                    0                   -1
                   17                   16                   -1                    0
                   17                   17                    0                    1
                   18                   17                    1                    0
                   14                    3                    1                    0
                   14                    2                    0                   -1
                   17                   17                   -1                    0
                   14                    3                    0                    1
                   14                    4                    0                    1
                   13                    4                   -1                    0
                   18                   17                    1                    0
                   17                   17                   -1                    0
                   17                   18                    0                    1
                   17                   17                    0                   -1
                   18                   17                    1                    0
                   13                    3                    0                   -1
                   19                   17                    1                    0
                   18                   17                   -1                    0
                   17                   17                   -1                    0
                   12                    3                   -1                    0
                   13                    3                    1                    0
                   14                    3                    1                    0
                   14                    4                    0                    1
                   16                   17                   -1                    0
                   17                   17                    1                    0
                   14                    3                    0                   -1
                   13                    3                   -1                    0
                   18                   17                    1                    0
                   18                   16                    0                   -1
                   18                   17                    0                    1
                   17                   17                   -1                    0
                   14                    3                    1                    0
                   15                    3                    1                    0
                   14                    3                   -1                    0
