                   11                   18                    0                   -1
                   17                   19                    0                   -1
                   10                   18                   -1                    0
                   18                   19                    1                    0
                   11                   18                    1                    0
                   12                   18                    1                    0
                   13                   18                    1                    0
                   13                   19                    0                    1
                   13                   20                    0                    1
                   12                   20                   -1                    0
                   11                   20                   -1                    0
                   17                   19                   -1                    0
                   17                   20                    0                    1
                   18                   20                    1                    0
                   12                   20                    1                    0
                   19                   20                    1                    0
                   13                   20                    1                    0
                   14                   20                    1                    0
                   19                    1                    0                    0
                   18                    1                   -1                    0
                   19                    1                    1                    0
                   19                   20                    0                    0
                   18                   20                   -1                    0
                   17                   20                   -1                    0
                   17                    1                    0                    0
                   16                    1                   -1                    0
                   15                    1                   -1                    0
                   13                   20                   -1                    0
                   13                   19                    0                   -1
                   14                   19                    1                    0
                   15                   19                    1                    0
                   15                    2                    0                    1
                   15                    3                    0                    1
                   14                    3                   -1                    0
                   14                   19                   -1                    0
                   14                    4                    0                    1
                   13                   19                   -1                    0
                   13                   20                    0                    1
                   13                   19                    0                   -1
                   14                    3                    0                   -1
                   13                   20                    0                    1
                   15                    3                    1                    0
                   15                    2                    0                   -1
                   13                   19                    0                   -1
                   13                   18                    0                   -1
                   15                    1                    0                   -1
                   14                   18                    1                    0
                   16                    1                    1                    0
                   14                   17                    0                   -1
                   17                    1                    1                    0
                   14                   16                    0                   -1
                   17                    2                    0                    1
                   17                    1                    0                   -1
                   14                   17                    0                    1
                   14                   18                    0                    1
                   16                    1                   -1                    0
                   15                    1                   -1                    0
                   16                    1                    1                    0
                   14                   17                    0                   -1
                   17                    1                    1                    0
                   14                   18                    0                    1
                   17                   20                    0                    0
                   14                   17                    0                   -1
                   17                    1                    0                    0
                   17                   20                    0                    0
                   14                   18                    0                    1
                   17                   19                    0                   -1
                   17                   20                    0                    1
                   13                   18                   -1                    0
                   17                   19                    0                   -1
                   12                   18                   -1                    0
                   17                   20                    0                    1
                   16                   20                   -1                    0
                   11                   18                   -1                    0
                   11                   19                    0                    1
                   15                   20                   -1                    0
                   15                   19                    0                   -1
                   11                   18                    0                   -1
                   15                   20                    0                    1
                   16                   20                    1                    0
                   11                   19                    0                    1
                   16                   19                    0                   -1
                   16                   20                    0                    1
                   12                   19                    1                    0
                   11                   19                   -1                    0
                   17                   20                    1                    0
                   12                   19                    1                    0
