                   19                   11                    0                    1
                   19                   10                    0                   -1
                   19                   11                    0                    1
                   14                   13                    0                   -1
                   14                   12                    0                   -1
                   14                   13                    0                    1
                   19                   10                    0                   -1
                   19                    9                    0                   -1
                   13                   13                   -1                    0
                   18                    9                   -1                    0
                   18                    8                    0                   -1
                   14                   13                    1                    0
                   15                   13                    1                    0
                   16                   13                    1                    0
                   16                   14                    0                    1
                   16                   13                    0                   -1
                   18                    9                    0                    1
                   17                    9                   -1                    0
                   16                    9                   -1                    0
                   15                   13                   -1                    0
                   16                   10                    0                    1
                   16                    9                    0                   -1
                   14                   13                   -1                    0
                   17                    9                    1                    0
                   14                   12                    0                   -1
                   18                    9                    1                    0
                   19                    9                    1                    0
                   19                   10                    0                    1
                   14                   13                    0                    1
                   14                   12                    0                   -1
                   19                    9                    0                   -1
                   19                   10                    0                    1
                   20                   10                    1                    0
                   14                   11                    0                   -1
                   20                   11                    0                    1
                   20                   10                    0                   -1
                    1                   10                    0                    0
                   14                   12                    0                    1
                    1                   11                    0                    1
                    1                   12                    0                    1
                   14                   11                    0                   -1
                   15                   11                    1                    0
                   20                   12                    0                    0
                   19                   12                   -1                    0
                   14                   11                   -1                    0
                   18                   12                   -1                    0
                   13                   11                   -1                    0
                   17                   12                   -1                    0
                   18                   12                    1                    0
                   13                   10                    0                   -1
                   13                   11                    0                    1
                   19                   12                    1                    0
                   14                   11                    1                    0
                   14                   12                    0                    1
                   14                   11                    0                   -1
                   14                   12                    0                    1
                   19                   13                    0                    1
                   14                   13                    0                    1
                   14                   12                    0                   -1
                   14                   13                    0                    1
                   15                   13                    1                    0
                   14                   13                   -1                    0
                   14                   12                    0                   -1
                   20                   13                    1                    0
                   13                   12                   -1                    0
                   20                   14                    0                    1
                   14                   12                    1                    0
                   14                   11                    0                   -1
                   14                   10                    0                   -1
                   13                   10                   -1                    0
                   13                   11                    0                    1
                   14                   11                    1                    0
                   14                   10                    0                   -1
                   13                   10                   -1                    0
                   12                   10                   -1                    0
                   11                   10                   -1                    0
                   19                   14                   -1                    0
                   12                   10                    1                    0
                   20                   14                    1                    0
                   13                   10                    1                    0
                   20                   15                    0                    1
                   13                   11                    0                    1
                   20                   14                    0                   -1
                   14                   11                    1                    0
                   20                   15                    0                    1
                   20                   14                    0                   -1
                   14                   12                    0                    1
                   14                   13                    0                    1
                   20                   13                    0                   -1
                    1                   13                    0                    0
                   13                   13                   -1                    0
                   20                   13                    0                    0
                   14                   13                    1                    0
                   19                   13                   -1                    0
                   14                   12                    0                   -1
                   14                   11                    0                   -1
                   19                   12                    0                   -1
                   14                   10                    0                   -1
                   14                    9                    0                   -1
                   14                    8                    0                   -1
                   19                   13                    0                    1
                   19                   12                    0                   -1
                   19                   13                    0                    1
                   14                    9                    0                    1
                   14                    8                    0                   -1
                   14                    7                    0                   -1
                   19                   14                    0                    1
