                   18                   15                    1                    0
                   18                   14                    0                   -1
                   18                   15                    0                    1
                   17                   15                   -1                    0
                   17                    4                    0                   -1
                   16                    4                   -1                    0
                   16                   15                   -1                    0
                   17                   15                    1                    0
                   15                    4                   -1                    0
                   14                    4                   -1                    0
                   17                   16                    0                    1
                   17                   15                    0                   -1
                   16                   15                   -1                    0
                   16                   14                    0                   -1
                   17                   14                    1                    0
                   16                   14                   -1                    0
                   16                   15                    0                    1
                   13                    4                   -1                    0
                   14                    4                    1                    0
                   15                    4                    1                    0
                   15                    5                    0                    1
                   17                   15                    1                    0
                   15                    6                    0                    1
                   17                   16                    0                    1
                   18                   16                    1                    0
                   18                   17                    0                    1
                   18                   16                    0                   -1
                   18                   15                    0                   -1
                   15                    5                    0                   -1
                   15                    4                    0                   -1
                   16                    4                    1                    0
                   18                   14                    0                   -1
                   19                   14                    1                    0
                   17                    4                    1                    0
                   18                   14                   -1                    0
                   17                    3                    0                   -1
                   17                    2                    0                   -1
                   18                   13                    0                   -1
                   16                    2                   -1                    0
                   18                   14                    0                    1
                   16                    3                    0                    1
                   18                   15                    0                    1
                   17                   15                   -1                    0
                   16                    2                    0                   -1
                   17                    2                    1                    0
                   17                    3                    0                    1
                   17                    2                    0                   -1
                   16                    2                   -1                    0
                   16                    3                    0                    1
                   16                    4                    0                    1
                   16                    5                    0                    1
                   18                   15                    1                    0
                   16                    4                    0                   -1
                   16                    5                    0                    1
                   16                    4                    0                   -1
                   15                    4                   -1                    0
                   19                   15                    1                    0
                   18                   15                   -1                    0
                   18                   16                    0                    1
                   15                    3                    0                   -1
                   17                   16                   -1                    0
                   17                   15                    0                   -1
                   14                    3                   -1                    0
                   16                   15                   -1                    0
                   15                    3                    1                    0
                   17                   15                    1                    0
                   18                   15                    1                    0
                   14                    3                   -1                    0
                   14                    4                    0                    1
                   15                    4                    1                    0
                   19                   15                    1                    0
                   18                   15                   -1                    0
                   16                    4                    1                    0
                   17                   15                   -1                    0
                   17                    4                    1                    0
                   17                   14                    0                   -1
                   17                    5                    0                    1
                   17                   15                    0                    1
                   17                   14                    0                   -1
                   17                   13                    0                   -1
                   17                   14                    0                    1
                   18                    5                    1                    0
                   19                    5                    1                    0
                   19                    4                    0                   -1
                   17                   15                    0                    1
                   18                   15                    1                    0
                   20                    4                    1                    0
                   17                   15                   -1                    0
                   16                   15                   -1                    0
                   17                   15                    1                    0
                   17                   16                    0                    1
                   16                   16                   -1                    0
                   19                    4                   -1                    0
                   17                   16                    1                    0
                   17                   17                    0                    1
