                    1                   10                    0                   -1
                   20                   10                    0                    0
                   19                   10                   -1                    0
                   18                   12                   -1                    0
                   18                   10                   -1                    0
                   19                   12                    1                    0
                   19                   10                    1                    0
                   19                    9                    0                   -1
                   20                    9                    1                    0
                   19                   13                    0                    1
                   19                    9                   -1                    0
                   19                   14                    0                    1
                   19                   10                    0                    1
                   19                   13                    0                   -1
                   19                   14                    0                    1
                   19                    9                    0                   -1
                   19                   10                    0                    1
                   19                    9                    0                   -1
                   19                   15                    0                    1
                   18                    9                   -1                    0
                   18                    8                    0                   -1
                   19                   14                    0                   -1
                   19                   13                    0                   -1
                   17                    8                   -1                    0
                   18                    8                    1                    0
                   19                    8                    1                    0
                   18                    8                   -1                    0
                   19                   12                    0                   -1
                   19                   11                    0                   -1
                   18                    9                    0                    1
                   19                   12                    0                    1
                   19                    9                    1                    0
                   19                   10                    0                    1
                   19                   11                    0                    1
                   19                   10                    0                   -1
                   20                   12                    1                    0
                   20                   10                    1                    0
                   19                   10                   -1                    0
                   20                   10                    1                    0
                   20                   11                    0                   -1
                   20                   10                    0                   -1
                    4                    6                   -1                    0
                    5                    6                    1                    0
                   10                   19                    0                    1
                   11                   18                    1                    0
                   10                   18                   -1                    0
                   10                   18                    0                   -1
                   10                   19                    0                    1
                    9                   18                   -1                    0
                    9                   19                    0                    1
                    9                   18                    0                   -1
                   10                   18                    0                   -1
                    8                   18                   -1                    0
                    8                   19                    0                    1
                    9                   19                    1                    0
                    9                   18                    0                   -1
                    9                   19                    0                    1
                   10                   17                    0                   -1
                   10                   18                    0                    1
                    8                   19                   -1                    0
                    9                   18                   -1                    0
                    9                   19                    0                    1
                    8                   18                    0                   -1
                    9                   18                    1                    0
                    9                   17                    0                   -1
                    9                   18                    0                    1
                    9                   19                    0                    1
                    2                    1                    0                   -1
                    2                    2                    0                    1
                    1                   20                   -1                    0
                    1                   20                   -1                    0
                    6                    1                    0                    0
                    5                    1                   -1                    0
                    5                   20                    0                    0
                    6                    1                    0                    0
                    6                   20                    0                    0
                    5                    1                    0                    0
                    6                   19                    0                   -1
                    5                   20                    0                    0
                    5                    1                    0                    0
                    6                   20                    0                    1
                    5                   20                    0                    0
                    5                    1                    0                    0
                    6                    1                    0                    0
                    5                    1                   -1                    0
                    5                   20                    0                    0
                    5                   20                    0                    0
                   16                   10                    0                    1
                   16                    9                    0                   -1
                    1                    5                    0                    0
                    1                    5                    0                    0
