                    1                    6                    0                   -1
                    9                   18                    1                    0
                    8                   18                   -1                    0
                    7                   18                   -1                    0
                    7                   17                    0                   -1
                    8                   17                    1                    0
                    1                    7                    0                    1
                    1                    8                    0                    1
                    9                   17                    1                    0
                    8                   17                   -1                    0
                    7                   17                   -1                    0
                    8                   17                    1                    0
                    2                    8                    1                    0
                    1                    8                   -1                    0
                    7                   17                   -1                    0
                    7                   18                    0                    1
                    7                   17                    0                   -1
                    7                   18                    0                    1
                    8                   18                    1                    0
                    1                    7                    0                   -1
                    9                   18                    1                    0
                    2                    7                    1                    0
                    8                   18                   -1                    0
                    2                    8                    0                    1
                    8                   17                    0                   -1
                    8                   18                    0                    1
                    3                    8                    1                    0
                    2                    8                   -1                    0
                    7                   18                   -1                    0
                    2                    7                    0                   -1
                    1                    7                   -1                    0
                    8                   18                    1                    0
                    7                   18                   -1                    0
                    6                   18                   -1                    0
                    6                   17                    0                   -1
                    6                   18                    0                    1
                    1                    8                    0                    1
                    1                    9                    0                    1
                   20                    9                    0                    0
                    1                    9                    0                    0
                    2                    9                    1                    0
                    1                    9                   -1                    0
                    1                    8                    0                   -1
                    7                   18                    1                    0
                    1                    7                    0                   -1
                    6                   18                   -1                    0
                    7                   18                    1                    0
                    7                   19                    0                    1
                    6                   19                   -1                    0
                   20                    7                    0                    0
                    7                   19                    1                    0
                    1                    7                    0                    0
                    7                   18                    0                   -1
                    1                    6                    0                   -1
                    1                    5                    0                   -1
                    7                   19                    0                    1
                    7                   18                    0                   -1
                    8                   18                    1                    0
                    8                   17                    0                   -1
                    8                   18                    0                    1
                    1                    6                    0                    1
                    1                    7                    0                    1
                   20                    7                    0                    0
                    8                   19                    0                    1
                   20                    8                    0                    1
                   20                    7                    0                   -1
                   20                    6                    0                   -1
                    8                   18                    0                   -1
                   20                    7                    0                    1
                    1                    7                    0                    0
                   20                    7                    0                    0
                   20                    8                    0                    1
                   20                    9                    0                    1
                   20                    8                    0                   -1
                   19                    8                   -1                    0
                    9                   18                    1                    0
                   20                    8                    1                    0
                    8                   18                   -1                    0
                    7                   18                   -1                    0
                    8                   18                    1                    0
                   20                    7                    0                   -1
                    1                    7                    0                    0
                    7                   18                   -1                    0
                    8                   18                    1                    0
