                    1                   18                    0                    1
                    3                    9                    1                    0
                    3                    9                    0                    1
                    3                   10                    0                    1
                    3                   11                    1                    0
                    4                    9                    0                    1
                    4                   10                    1                    0
                    4                   11                    1                    0
                    5                    2                    1                    0
                    5                    2                    0                    1
                    5                    3                    0                    1
                    5                    4                    1                    0
                    5                   10                    0                    1
                    6                    1                    1                    0
                    6                    1                    0                    1
                    6                    3                    1                    0
                    6                    3                    0                    1
                    7                    1                    0                    1
                    7                    2                    0                    1
                    7                   16                    1                    0
                    7                   16                    0                    1
                    7                   17                    1                    0
                    7                   19                    1                    0
                    7                   19                    0                    1
                    7                   20                    1                    0
                    8                   19                    0                    1
                   18                   12                    1                    0
                   18                   12                    0                    1
                   18                   13                    1                    0
                   18                   18                    1                    0
                   19                   12                    0                    1
                   19                   18                    1                    0
                   20                   18                    1                    0
                    1                   19
                    8                   16
