                   20                    1                    1                    0
                    5                   17                   -1                    0
                   20                    2                    0                    1
                   20                    3                    0                    1
                    6                   17                    1                    0
                    6                   18                    0                    1
                    1                    3                    0                    0
                    6                   19                    0                    1
                    6                   18                    0                   -1
                    7                   18                    1                    0
                    1                    4                    0                    1
                    6                   18                   -1                    0
                    5                   18                   -1                    0
                    1                    5                    0                    1
                    1                    4                    0                   -1
                    1                    3                    0                   -1
                    2                    3                    1                    0
                    1                    3                   -1                    0
                    2                    3                    1                    0
                    2                    2                    0                   -1
                    5                   17                    0                   -1
                    5                   18                    0                    1
                    1                    2                   -1                    0
                    5                   17                    0                   -1
                    2                    2                    1                    0
                    2                    3                    0                    1
                    2                    2                    0                   -1
                    2                    3                    0                    1
                    1                    3                   -1                    0
                   20                    3                    0                    0
                   19                    3                   -1                    0
                    5                   18                    0                    1
                   20                    3                    1                    0
                    4                   18                   -1                    0
                    5                   18                    1                    0
                   20                    4                    0                    1
                   20                    3                    0                   -1
                   19                    3                   -1                    0
                   20                    3                    1                    0
                    5                   19                    0                    1
                    5                   18                    0                   -1
                   20                    2                    0                   -1
                    1                    2                    0                    0
                    5                   17                    0                   -1
                    5                   18                    0                    1
                    1                    3                    0                    1
                    1                    4                    0                    1
                    1                    5                    0                    1
                    1                    4                    0                   -1
                    4                   18                   -1                    0
                    1                    3                    0                   -1
                    2                    3                    1                    0
                    5                   18                    1                    0
                    6                   18                    1                    0
                    3                    3                    1                    0
                    6                   19                    0                    1
                    7                   19                    1                    0
                    3                    2                    0                   -1
                    6                   19                   -1                    0
                    3                    3                    0                    1
                    5                   19                   -1                    0
                    5                   18                    0                   -1
                    3                    4                    0                    1
                    3                    3                    0                   -1
                    5                   19                    0                    1
                    3                    2                    0                   -1
                    4                   19                   -1                    0
                    2                    2                   -1                    0
                    2                    3                    0                    1
                    1                    3                   -1                    0
                    3                   19                   -1                    0
                   20                    3                    0                    0
                   20                    2                    0                   -1
                   19                    2                   -1                    0
                    3                   20                    0                    1
                    3                    1                    0                    0
                   18                    2                   -1                    0
                   19                    2                    1                    0
                   19                    3                    0                    1
                   19                    4                    0                    1
                    3                   20                    0                    0
                   19                    3                    0                   -1
                   19                    4                    0                    1
                   19                    3                    0                   -1
                   19                    2                    0                   -1
                   20                    2                    1                    0
                   20                    3                    0                    1
                    1                    3                    0                    0
                    1                    2                    0                   -1
                   20                    2                    0                    0
                   20                    1                    0                   -1
                   19                    1                   -1                    0
                    4                   20                    1                    0
                    3                   20                   -1                    0
                   18                    1                   -1                    0
                    4                   20                    1                    0
                    3                   20                   -1                    0
                    2                   20                   -1                    0
                    1                   20                   -1                    0
                   18                    2                    0                    1
                   18                    1                    0                   -1
                    2                   20                    1                    0
                    2                    1                    0                    0
                    3                    1                    1                    0
                    2                    1                   -1                    0
                   18                   20                    0                    0
                    2                   20                    0                    0
                    2                   19                    0                   -1
                   19                   20                    1                    0
                   19                   19                    0                   -1
                    3                   19                    1                    0
                    2                   19                   -1                    0
                    2                   18                    0                   -1
                   19                   20                    0                    1
                   18                   20                   -1                    0
                    2                   19                    0                    1
                   17                   20                   -1                    0
                   17                    1                    0                    0
                   17                    2                    0                    1
                    2                   18                    0                   -1
                   17                    1                    0                   -1
                   17                   20                    0                    0
                    1                   18                   -1                    0
                    2                   18                    1                    0
                    2                   19                    0                    1
                   17                   19                    0                   -1
                   18                   19                    1                    0
                    3                   19                    1                    0
                    3                   20                    0                    1
                    3                    1                    0                    0
                   17                   19                   -1                    0
                    4                    1                    1                    0
