                   18                    3                    0                    1
                   10                    1                    0                   -1
                   10                    2                    0                    1
                   10                    3                    0                    1
                   19                    3                    1                    0
                   19                    2                    0                   -1
                   10                    2                    0                   -1
                   19                    3                    0                    1
                   10                    1                    0                   -1
                   19                    4                    0                    1
                   19                    3                    0                   -1
                   10                   20                    0                    0
                   10                    1                    0                    0
                   19                    4                    0                    1
                   10                    2                    0                    1
                   10                    1                    0                   -1
                   10                    2                    0                    1
                   19                    5                    0                    1
                    9                    2                   -1                    0
                    9                    3                    0                    1
                    9                    2                    0                   -1
                   20                    5                    1                    0
                   10                    2                    1                    0
                   19                    5                   -1                    0
                   19                    4                    0                   -1
                   18                    4                   -1                    0
                   18                    5                    0                    1
                   18                    4                    0                   -1
                   19                    4                    1                    0
                   10                    1                    0                   -1
                   19                    3                    0                   -1
                   18                    3                   -1                    0
                   10                   20                    0                    0
                   11                   20                    1                    0
                   19                    3                    1                    0
                   10                   20                   -1                    0
                   10                    1                    0                    0
                   18                    3                   -1                    0
                   18                    2                    0                   -1
                   10                    2                    0                    1
                   18                    3                    0                    1
                    9                    2                   -1                    0
                   17                    3                   -1                    0
                   17                    2                    0                   -1
                   10                    2                    1                    0
                   16                    2                   -1                    0
                   16                    1                    0                   -1
                   17                    1                    1                    0
                   17                    2                    0                    1
                   16                    2                   -1                    0
                   10                    1                    0                   -1
                   16                    3                    0                    1
                   10                    2                    0                    1
                   16                    2                    0                   -1
                   10                    3                    0                    1
                    9                    3                   -1                    0
                   16                    1                    0                   -1
                   17                    1                    1                    0
                   17                    2                    0                    1
                   10                    3                    1                    0
                   10                    2                    0                   -1
                    9                    2                   -1                    0
                    8                    2                   -1                    0
                   17                    3                    0                    1
                   18                    3                    1                    0
                    8                    3                    0                    1
                    8                    2                    0                   -1
                    9                    2                    1                    0
                   10                    2                    1                    0
                   18                    4                    0                    1
                   10                    3                    0                    1
                    9                    3                   -1                    0
                   10                    3                    1                    0
                   18                    3                    0                   -1
                   18                    2                    0                   -1
                   10                    2                    0                   -1
                   19                    2                    1                    0
                   18                    2                   -1                    0
                   11                    2                    1                    0
                   10                    2                   -1                    0
                   18                    3                    0                    1
                   18                    2                    0                   -1
                   18                    1                    0                   -1
