                    1                    1                    0                    1
                    1                    2                    1                    0
                    1                    4                    1                    0
                    1                    6                    1                    0
                    1                    6                    0                    1
                    1                    8                    1                    0
                    1                   11                    1                    0
                    1                   11                    0                    1
                    1                   13                    1                    0
                    1                   14                    1                    0
                    1                   14                    0                    1
                    1                   19                    1                    0
                    1                   19                    0                    1
                    1                   20                    1                    0
                    2                    2                    0                    1
                    2                    3                    1                    0
                    2                    4                    1                    0
                    2                    6                    0                    1
                    2                    7                    1                    0
                    2                    8                    1                    0
                    2                   10                    1                    0
                    2                   10                    0                    1
                    2                   12                    0                    1
                    2                   14                    0                    1
                    2                   15                    0                    1
                    2                   16                    1                    0
                    2                   19                    0                    1
                    3                    3                    0                    1
                    3                    5                    1                    0
                    3                    5                    0                    1
                    3                    6                    0                    1
                    3                    8                    0                    1
                    3                    9                    0                    1
                    3                   12                    1                    0
                    3                   12                    0                    1
                    3                   13                    0                    1
                    3                   14                    0                    1
                    3                   15                    0                    1
                    4                    4                    1                    0
                    4                    4                    0                    1
                    4                    7                    1                    0
                    4                    7                    0                    1
                    4                    8                    1                    0
                    4                    9                    1                    0
                    4                    9                    0                    1
                    4                   10                    0                    1
                    4                   11                    0                    1
                    5                    1                    1                    0
                    5                    1                    0                    1
                    5                    2                    0                    1
                    5                    3                    1                    0
                    5                    4                    1                    0
                    5                    6                    1                    0
                    5                    6                    0                    1
                    5                    8                    0                    1
                    5                   13                    1                    0
                    5                   13                    0                    1
                    5                   14                    1                    0
                    5                   18                    1                    0
                    5                   18                    0                    1
                    5                   19                    1                    0
                    6                    3                    0                    1
                    6                    6                    1                    0
                    6                    7                    1                    0
                    6                    7                    0                    1
                    6                    8                    1                    0
                    6                    9                    1                    0
                    6                    9                    0                    1
                    6                   10                    0                    1
                    6                   11                    0                    1
                    6                   12                    0                    1
                    6                   14                    0                    1
                    6                   15                    1                    0
                    6                   16                    1                    0
                    6                   16                    0                    1
                    6                   17                    1                    0
                    6                   18                    1                    0
                    6                   19                    0                    1
                    6                   20                    0                    1
                    7                    1                    1                    0
                    7                    1                    0                    1
                    7                    2                    1                    0
                    7                    6                    0                    1
                    7                    7                    1                    0
                    7                    7                    0                    1
                    7                    9                    1                    0
                    7                   13                    1                    0
                    7                   13                    0                    1
                    7                   14                    0                    1
                    7                   15                    1                    0
                    7                   15                    0                    1
                    7                   17                    0                    1
                    7                   18                    1                    0
                    7                   18                    0                    1
                    7                   19                    1                    0
                    8                    2                    0                    1
                    8                    3                    0                    1
                    8                    4                    1                    0
                    8                    5                    1                    0
                    8                    5                    0                    1
                    8                    6                    1                    0
                    8                    7                    0                    1
                    8                    8                    0                    1
                    8                   13                    0                    1
                    8                   14                    0                    1
                    8                   18                    0                    1
                    8                   20                    1                    0
                    8                   20                    0                    1
                    9                    1                    1                    0
                    9                    1                    0                    1
                    9                    2                    1                    0
                    9                    4                    0                    1
                    9                    6                    0                    1
                    9                    7                    1                    0
                    9                   15                    1                    0
                    9                   15                    0                    1
                    9                   16                    0                    1
                    9                   17                    1                    0
                    9                   19                    1                    0
                    9                   19                    0                    1
                   10                    1                    1                    0
                   10                    2                    1                    0
                   10                    7                    0                    1
                   10                    8                    1                    0
                   10                   11                    1                    0
                   10                   11                    0                    1
                   10                   12                    0                    1
                   10                   13                    0                    1
                   10                   14                    1                    0
                   10                   15                    1                    0
                   10                   17                    0                    1
                   10                   18                    0                    1
                   11                    2                    0                    1
                   11                    3                    0                    1
                   11                    4                    0                    1
                   11                    5                    0                    1
                   11                    6                    0                    1
                   11                    7                    1                    0
                   11                    8                    0                    1
                   11                    9                    0                    1
                   11                   10                    1                    0
                   11                   11                    1                    0
                   11                   14                    0                    1
                   11                   17                    1                    0
                   11                   17                    0                    1
                   11                   18                    0                    1
                   11                   19                    0                    1
                   11                   20                    0                    1
                   12                    1                    1                    0
                   12                    1                    0                    1
                   12                    2                    1                    0
                   12                    4                    1                    0
                   12                    4                    0                    1
                   12                    5                    1                    0
                   12                    7                    1                    0
                   12                   10                    0                    1
                   12                   17                    0                    1
                   12                   18                    0                    1
                   12                   19                    1                    0
                   13                    2                    1                    0
                   13                    4                    0                    1
                   13                    7                    1                    0
                   13                   12                    1                    0
                   13                   12                    0                    1
                   13                   13                    0                    1
                   13                   14                    0                    1
                   13                   15                    1                    0
                   13                   17                    1                    0
                   13                   17                    0                    1
                   13                   18                    1                    0
                   13                   19                    1                    0
                   13                   20                    1                    0
                   13                   20                    0                    1
                   14                    2                    0                    1
                   14                    3                    1                    0
                   14                    4                    1                    0
                   14                    4                    0                    1
                   14                    5                    1                    0
                   14                    7                    1                    0
                   14                    8                    1                    0
                   14                    8                    0                    1
                   14                    9                    0                    1
                   14                   10                    1                    0
                   14                   11                    1                    0
                   14                   11                    0                    1
                   14                   12                    1                    0
                   14                   12                    0                    1
                   14                   13                    1                    0
                   14                   14                    1                    0
                   14                   14                    0                    1
                   14                   17                    1                    0
                   14                   18                    1                    0
                   14                   19                    1                    0
                   14                   20                    1                    0
                   15                    2                    1                    0
                   15                    2                    0                    1
                   15                    4                    1                    0
                   15                    5                    1                    0
                   15                    7                    0                    1
                   15                    9                    1                    0
                   15                    9                    0                    1
                   15                   11                    0                    1
                   15                   12                    1                    0
                   15                   12                    0                    1
                   15                   13                    1                    0
                   15                   13                    0                    1
                   15                   14                    1                    0
                   15                   14                    0                    1
                   15                   15                    0                    1
                   15                   16                    1                    0
                   15                   17                    0                    1
                   15                   19                    0                    1
                   16                    2                    0                    1
                   16                    3                    1                    0
                   16                    4                    1                    0
                   16                    5                    1                    0
                   16                    9                    1                    0
                   16                   12                    0                    1
                   16                   13                    1                    0
                   16                   13                    0                    1
                   16                   16                    1                    0
                   17                    2                    1                    0
                   17                    3                    1                    0
                   17                    4                    1                    0
                   17                    5                    1                    0
                   17                    8                    1                    0
                   17                    8                    0                    1
                   17                   11                    1                    0
                   17                   11                    0                    1
                   17                   12                    1                    0
                   17                   13                    1                    0
                   17                   14                    1                    0
                   17                   14                    0                    1
                   17                   15                    0                    1
                   17                   16                    1                    0
                   17                   16                    0                    1
                   17                   17                    0                    1
                   17                   18                    1                    0
                   18                    3                    1                    0
                   18                    4                    0                    1
                   18                    8                    0                    1
                   18                    9                    0                    1
                   18                   10                    0                    1
                   18                   11                    1                    0
                   18                   11                    0                    1
                   18                   13                    1                    0
                   18                   14                    1                    0
                   18                   15                    1                    0
                   18                   15                    0                    1
                   18                   18                    1                    0
                   18                   19                    1                    0
                   18                   19                    0                    1
                   18                   20                    1                    0
                   19                    1                    1                    0
                   19                    1                    0                    1
                   19                    2                    1                    0
                   19                    3                    0                    1
                   19                    4                    1                    0
                   19                    5                    1                    0
                   19                    5                    0                    1
                   19                   10                    1                    0
                   19                   10                    0                    1
                   19                   13                    1                    0
                   19                   14                    1                    0
                   19                   15                    0                    1
                   19                   16                    1                    0
                   19                   18                    0                    1
                   19                   20                    1                    0
                   20                    1                    1                    0
                   20                    2                    0                    1
                   20                    3                    0                    1
                   20                    4                    1                    0
                   20                    4                    0                    1
                   20                    7                    1                    0
                   20                    7                    0                    1
                   20                    8                    1                    0
                   20                   10                    0                    1
                   20                   11                    0                    1
                   20                   12                    1                    0
                   20                   13                    1                    0
                   20                   14                    0                    1
                   20                   15                    1                    0
                   20                   16                    0                    1
                   20                   17                    0                    1
                   20                   18                    0                    1
                   20                   19                    0                    1
                   17                    2
                    2                   12
