                   17                    9                    1                    0
                   18                    9                    1                    0
                   20                    1                    0                   -1
                   18                   10                    0                    1
                   19                   10                    1                    0
                   19                    1                   -1                    0
                   20                   10                    1                    0
                   20                    1                    1                    0
                   19                   10                   -1                    0
                   19                   11                    0                    1
                   19                    1                   -1                    0
                   19                    2                    0                    1
                   20                    2                    1                    0
                   19                   10                    0                   -1
                   20                   10                    1                    0
                   19                    2                   -1                    0
                   20                    2                    1                    0
                   20                   11                    0                    1
                   20                    1                    0                   -1
                   20                   20                    0                    0
                   19                   11                   -1                    0
                   19                   10                    0                   -1
                   19                   20                   -1                    0
                   18                   20                   -1                    0
                   19                   11                    0                    1
                   17                   20                   -1                    0
                   19                   10                    0                   -1
                   17                   19                    0                   -1
                   17                   20                    0                    1
                   17                   19                    0                   -1
                   20                   10                    1                    0
                   18                   19                    1                    0
                   18                   20                    0                    1
                   18                   19                    0                   -1
                    1                   10                    0                    0
                   19                   19                    1                    0
                   20                   10                    0                    0
                   19                   20                    0                    1
                   18                   20                   -1                    0
                   20                    9                    0                   -1
                   17                   20                   -1                    0
                    1                    9                    0                    0
                   20                    9                    0                    0
                   18                   20                    1                    0
                   20                    8                    0                   -1
                   17                   20                   -1                    0
                   18                   20                    1                    0
                    1                    8                    0                    0
                   20                    8                    0                    0
                   19                    8                   -1                    0
                   18                   19                    0                   -1
                   18                   20                    0                    1
                   19                    9                    0                    1
                   18                   19                    0                   -1
                   19                   10                    0                    1
                   20                   10                    1                    0
                   18                   20                    0                    1
                   18                   19                    0                   -1
                    1                   10                    0                    0
                   17                   19                   -1                    0
                    1                    9                    0                   -1
                    1                    8                    0                   -1
                   18                   19                    1                    0
                    1                    7                    0                   -1
                   20                    7                    0                    0
                   20                    6                    0                   -1
                   20                    5                    0                   -1
                   19                    5                   -1                    0
                   18                   18                    0                   -1
                   17                   18                   -1                    0
                   20                    5                    1                    0
                   18                   18                    1                    0
                   20                    4                    0                   -1
                   20                    5                    0                    1
                   20                    4                    0                   -1
                   19                   18                    1                    0
                   18                   18                   -1                    0
                   19                    4                   -1                    0
                   17                   18                   -1                    0
                   17                   19                    0                    1
                   19                    3                    0                   -1
                   16                   19                   -1                    0
                   19                    4                    0                    1
                   20                    4                    1                    0
                    1                    4                    0                    0
                    1                    5                    0                    1
                   16                   18                    0                   -1
                   20                    5                    0                    0
                   15                   18                   -1                    0
                   15                   17                    0                   -1
                    1                    5                    0                    0
                    1                    4                    0                   -1
                   20                    4                    0                    0
                   20                    3                    0                   -1
                   20                    2                    0                   -1
                   15                   16                    0                   -1
                   16                   16                    1                    0
                    1                    2                    0                    0
                    2                    2                    1                    0
                   17                   16                    1                    0
                   17                   15                    0                   -1
                   16                   15                   -1                    0
                    1                    2                   -1                    0
                    2                    2                    1                    0
                    2                    3                    0                    1
                    1                    3                   -1                    0
                   20                    3                    0                    0
                   16                   16                    0                    1
                   17                   16                    1                    0
                   20                    4                    0                    1
                   19                    4                   -1                    0
                   19                    3                    0                   -1
                   17                   17                    0                    1
                   18                   17                    1                    0
                   18                   18                    0                    1
                   19                    2                    0                   -1
                   19                   18                    1                    0
                   20                    2                    1                    0
                   20                    1                    0                   -1
                   20                   20                    0                    0
                    1                   20                    0                    0
                    1                    1                    0                    0
                   19                   17                    0                   -1
                   20                   17                    1                    0
                   20                   18                    0                    1
                    1                   18                    0                    0
                    1                   17                    0                   -1
                   20                    1                    0                    0
                    2                   17                    1                    0
                    3                   17                    1                    0
                    1                    1                    0                    0
                    4                   17                    1                    0
                    2                    1                    1                    0
                    3                    1                    1                    0
                    5                   17                    1                    0
                    3                    2                    0                    1
                    4                    2                    1                    0
                    4                   17                   -1                    0
                    4                    3                    0                    1
                    4                   16                    0                   -1
                    4                   17                    0                    1
                    3                    3                   -1                    0
                    3                    2                    0                   -1
                    3                    3                    0                    1
                    3                   17                   -1                    0
                    4                   17                    1                    0
                    4                    3                    1                    0
                    3                   17                   -1                    0
                    3                   18                    0                    1
                    5                    3                    1                    0
                    3                   19                    0                    1
                    5                    4                    0                    1
                    5                    5                    0                    1
                    5                    6                    0                    1
                    3                   18                    0                   -1
                    3                   17                    0                   -1
                    2                   17                   -1                    0
                    3                   17                    1                    0
                    4                    6                   -1                    0
                    5                    6                    1                    0
                    5                    7                    0                    1
                    2                   17                   -1                    0
                    3                   17                    1                    0
                    4                    7                   -1                    0
                    4                    8                    0                    1
                    4                    9                    0                    1
                    2                   17                   -1                    0
                    2                   16                    0                   -1
                    2                   15                    0                   -1
                    2                   16                    0                    1
                    1                   16                   -1                    0
                    1                   15                    0                   -1
                   20                   15                    0                    0
                    1                   15                    0                    0
                    3                    9                   -1                    0
                   20                   15                    0                    0
                   20                   16                    0                    1
                   19                   16                   -1                    0
                    3                    8                    0                   -1
                    3                    7                    0                   -1
                    3                    8                    0                    1
                    3                    7                    0                   -1
                   19                   15                    0                   -1
                   18                   15                   -1                    0
                   17                   15                   -1                    0
                    4                    7                    1                    0
                   17                   16                    0                    1
                   17                   17                    0                    1
                    4                    8                    0                    1
                   18                   17                    1                    0
                   18                   18                    0                    1
                    4                    9                    0                    1
                   18                   17                    0                   -1
                    4                   10                    0                    1
                   17                   17                   -1                    0
                    4                   11                    0                    1
                   17                   16                    0                   -1
                    4                   12                    0                    1
