                    4                   20                    0                    1
                    4                   19                    0                   -1
                    1                   19                    0                    0
                    2                   19                    1                    0
                    1                   19                   -1                    0
                    1                   18                    0                   -1
                    1                   19                    0                    1
                   20                   19                    0                    0
                    1                   19                    0                    0
                   20                   19                    0                    0
                    4                   18                    0                   -1
                   19                   19                   -1                    0
                    3                   18                   -1                    0
                    4                   18                    1                    0
                   20                   19                    1                    0
                    3                   18                   -1                    0
                    4                   18                    1                    0
                    4                   19                    0                    1
                   20                   18                    0                   -1
                   20                   17                    0                   -1
                   20                   18                    0                    1
                   20                   19                    0                    1
                    3                   19                   -1                    0
                    4                   19                    1                    0
                   20                   18                    0                   -1
                    5                   19                    1                    0
                    4                   19                   -1                    0
                   20                   19                    0                    1
                   19                   19                   -1                    0
                   20                   19                    1                    0
                    4                   20                    0                    1
                   20                   20                    0                    1
                   20                   19                    0                   -1
                    4                   19                    0                   -1
                   20                   20                    0                    1
                   20                    1                    0                    0
                   20                    2                    0                    1
                    3                   19                   -1                    0
                   20                    1                    0                   -1
                    4                   19                    1                    0
                   20                   20                    0                    0
                   19                   20                   -1                    0
                    4                   20                    0                    1
                   20                   20                    1                    0
                   20                   19                    0                   -1
                    3                   20                   -1                    0
                   20                   18                    0                   -1
                    3                    1                    0                    0
                   20                   19                    0                    1
                   19                   19                   -1                    0
                    3                   20                    0                    0
                   18                   19                   -1                    0
                    3                    1                    0                    0
                   19                   19                    1                    0
                    2                    1                   -1                    0
                    3                    1                    1                    0
                   20                   19                    1                    0
                   20                   18                    0                   -1
                   20                   19                    0                    1
                    3                   20                    0                    0
                   19                   19                   -1                    0
                   19                   18                    0                   -1
                   19                   19                    0                    1
                    4                   20                    1                    0
                   20                   19                    1                    0
