                    5                   15                    0                    1
                    6                   16                    0                    1
                    6                   17                    1                    0
                    7                   17                    0                    1
                    7                   18                    1                    0
                    8                   18                    0                    1
                    8                   19                    1                    0
                    9                   19                    0                    1
                    5                   16
                    5                   15
