                    1                   11                   -1                    0
                   20                   11                    0                    0
                    5                    5                   -1                    0
                    6                    5                    1                    0
                    5                    5                   -1                    0
                    5                    6                    0                    1
                    4                    6                   -1                    0
                   19                   11                   -1                    0
                    5                    6                    1                    0
                   20                   11                    1                    0
                   20                   10                    0                   -1
                    5                    5                    0                   -1
                   20                    9                    0                   -1
                    4                    5                   -1                    0
                    1                    9                    0                    0
                    1                    8                    0                   -1
                    4                    6                    0                    1
                    4                    7                    0                    1
                   20                    8                    0                    0
                    1                    8                    0                    0
                    1                    9                    0                    1
                    3                    7                   -1                    0
                   20                    9                    0                    0
                    3                    8                    0                    1
                    3                    7                    0                   -1
                   20                   10                    0                    1
                   20                   11                    0                    1
                   20                   12                    0                    1
                   20                   11                    0                   -1
                    4                    7                    1                    0
                   19                   11                   -1                    0
                   18                   11                   -1                    0
                   17                   11                   -1                    0
                   16                   11                   -1                    0
                   16                   12                    0                    1
                    4                    6                    0                   -1
                   17                   12                    1                    0
                    4                    7                    0                    1
                    5                    7                    1                    0
                   17                   13                    0                    1
                    4                    7                   -1                    0
                   17                   14                    0                    1
                    4                    6                    0                   -1
                    4                    5                    0                   -1
                    4                    6                    0                    1
                    4                    5                    0                   -1
                   17                   13                    0                   -1
                    5                    5                    1                    0
                   16                   13                   -1                    0
                    6                    5                    1                    0
                    6                    4                    0                   -1
                   16                   12                    0                   -1
                    6                    5                    0                    1
                   16                   11                    0                   -1
                   15                   11                   -1                    0
                   16                   11                    1                    0
                   17                   11                    1                    0
                   18                   11                    1                    0
                   18                   10                    0                   -1
                    6                    6                    0                    1
                   18                    9                    0                   -1
                   18                   10                    0                    1
                   18                   11                    0                    1
                    7                    6                    1                    0
                   19                   11                    1                    0
                   19                   10                    0                   -1
                    6                    6                   -1                    0
                   19                   11                    0                    1
                   19                   10                    0                   -1
                   18                   10                   -1                    0
                   18                   11                    0                    1
                    6                    5                    0                   -1
                    7                    5                    1                    0
                    6                    5                   -1                    0
                   18                   10                    0                   -1
                    7                    5                    1                    0
                    7                    6                    0                    1
                    7                    5                    0                   -1
                   19                   10                    1                    0
                    7                    4                    0                   -1
                    7                    3                    0                   -1
                    7                    4                    0                    1
                    7                    5                    0                    1
                    7                    6                    0                    1
                    7                    5                    0                   -1
                   19                    9                    0                   -1
                    6                    5                   -1                    0
                   19                    8                    0                   -1
                    6                    6                    0                    1
                    5                    6                   -1                    0
                   19                    9                    0                    1
                    6                    6                    1                    0
                    6                    7                    0                    1
                   19                    8                    0                   -1
                    6                    6                    0                   -1
                   19                    9                    0                    1
