                   10                   10                    0                    1
                    9                   10                   -1                    0
                    8                   10                   -1                    0
                   10                    5                    0                    1
                   11                    5                    1                    0
                    9                   10                    1                    0
                   11                    4                    0                   -1
                   10                    4                   -1                    0
                   10                    5                    0                    1
                    9                   11                    0                    1
                    9                    5                   -1                    0
                   10                   11                    1                    0
                    8                    5                   -1                    0
                    9                   11                   -1                    0
                    7                    5                   -1                    0
                    7                    6                    0                    1
                    8                   11                   -1                    0
                    8                   12                    0                    1
                    7                   12                   -1                    0
                    7                   13                    0                    1
                    7                    7                    0                    1
                    6                    7                   -1                    0
                    6                    6                    0                   -1
                    7                    6                    1                    0
                    7                   12                    0                   -1
                    7                    5                    0                   -1
                    6                   12                   -1                    0
                    6                   11                    0                   -1
                    7                    6                    0                    1
                    7                    7                    0                    1
                    6                    7                   -1                    0
                    6                   10                    0                   -1
                    7                   10                    1                    0
                    8                   10                    1                    0
                    6                    6                    0                   -1
                    6                    7                    0                    1
                    9                   10                    1                    0
                    9                   11                    0                    1
                   10                   11                    1                    0
                    5                    7                   -1                    0
                    4                    7                   -1                    0
                   10                   10                    0                   -1
                    9                   10                   -1                    0
                    8                   10                   -1                    0
                    4                    6                    0                   -1
                    8                    9                    0                   -1
                    7                    9                   -1                    0
                    5                    6                    1                    0
                    6                    6                    1                    0
                    7                    6                    1                    0
                    6                    9                   -1                    0
                    8                    6                    1                    0
                    6                    8                    0                   -1
                    6                    9                    0                    1
                    7                    6                   -1                    0
                    7                    9                    1                    0
                    6                    6                   -1                    0
                    7                    8                    0                   -1
                    7                    7                    0                   -1
                    6                    7                    0                    1
                    6                    6                    0                   -1
                    7                    8                    0                    1
                    7                    6                    1                    0
                    6                    8                   -1                    0
                    6                    9                    0                    1
                    6                   10                    0                    1
                    7                    7                    0                    1
                    6                    7                   -1                    0
                    6                    8                    0                    1
                    6                    9                    0                    1
                    6                   11                    0                    1
                    6                   10                    0                   -1
                    5                   10                   -1                    0
                    6                   10                    1                    0
                    7                   10                    1                    0
                    7                   11                    0                    1
                    8                   11                    1                    0
                    5                    9                   -1                    0
                    9                   11                    1                    0
                    6                    9                    1                    0
                    8                   11                   -1                    0
                    8                   12                    0                    1
                    6                   10                    0                    1
                    9                   12                    1                    0
                    6                   11                    0                    1
                    7                   11                    1                    0
                    8                   11                    1                    0
                    9                   11                    0                   -1
                    9                   11                    1                    0
                    9                   12                    0                    1
                   10                   11                    1                    0
                   10                   10                    0                   -1
                    9                   13                    0                    1
                   10                   13                    1                    0
                   10                   12                    0                   -1
                   11                   12                    1                    0
                   10                    9                    0                   -1
                   11                    9                    1                    0
                   11                   11                    0                   -1
                   11                   10                    0                   -1
                   12                    9                    1                    0
                   13                    9                    1                    0
                   14                    9                    1                    0
                   12                   10                    1                    0
                   12                   11                    0                    1
                   14                    8                    0                   -1
                   11                   11                   -1                    0
                   11                   12                    0                    1
                   15                    8                    1                    0
                   15                    9                    0                    1
                   10                   12                   -1                    0
                   10                   13                    0                    1
                    9                   13                   -1                    0
                   15                   10                    0                    1
                    8                   13                   -1                    0
                    9                   13                    1                    0
                   16                   10                    1                    0
                    9                   14                    0                    1
                   17                   10                    1                    0
                    9                   15                    0                    1
                   10                   15                    1                    0
                   16                   10                   -1                    0
                    9                   15                   -1                    0
                   10                   15                    1                    0
                   16                   11                    0                    1
                    9                   15                   -1                    0
                    8                   15                   -1                    0
                    9                   15                    1                    0
                   17                   11                    1                    0
                    9                   14                    0                   -1
                   10                   14                    1                    0
                   10                   13                    0                   -1
                   18                   11                    1                    0
                   19                   11                    1                    0
                   10                   14                    0                    1
                   19                   10                    0                   -1
                    9                   14                   -1                    0
                    9                   15                    0                    1
                    9                   14                    0                   -1
                   10                   14                    1                    0
                   10                   15                    0                    1
                   18                   10                   -1                    0
                   10                   16                    0                    1
                   17                   10                   -1                    0
                   18                   10                    1                    0
                    9                   16                   -1                    0
                    9                   15                    0                   -1
                   19                   10                    1                    0
                    9                   14                    0                   -1
                    9                   13                    0                   -1
                    9                   12                    0                   -1
                   10                   12                    1                    0
                   19                   11                    0                    1
                   19                   12                    0                    1
                    9                   12                   -1                    0
                    9                   13                    0                    1
                    9                   14                    0                    1
                    9                   15                    0                    1
                   19                   11                    0                   -1
                   19                   10                    0                   -1
                   20                   10                    1                    0
                    9                   16                    0                    1
                   10                   16                    1                    0
                   10                   15                    0                   -1
                   20                   11                    0                    1
                   10                   16                    0                    1
                   20                   10                    0                   -1
                   11                   16                    1                    0
                   20                   11                    0                    1
                    1                   11                    0                    0
                   10                   16                   -1                    0
                   11                   16                    1                    0
                   12                   16                    1                    0
                   11                   16                   -1                    0
                   20                   11                    0                    0
                   19                   11                   -1                    0
                   12                   16                    1                    0
                   13                   16                    1                    0
                   18                   11                   -1                    0
                   13                   17                    0                    1
                   13                   16                    0                   -1
                   18                   10                    0                   -1
                   14                   16                    1                    0
                   18                    9                    0                   -1
                   18                   10                    0                    1
                   19                   10                    1                    0
                   19                    9                    0                   -1
