                   16                   12                    1                    0
                   17                   15                   -1                    0
                   17                   16                    0                    1
                   17                   12                    1                    0
                   17                   15                    0                   -1
                   18                   15                    1                    0
                   18                   14                    0                   -1
                   17                   13                    0                    1
                   19                   14                    1                    0
                   17                   14                    0                    1
                   17                   13                    0                   -1
                   19                   15                    0                    1
                   18                   15                   -1                    0
                   16                   13                   -1                    0
                   16                   12                    0                   -1
                   16                   13                    0                    1
                   16                   14                    0                    1
                   15                   14                   -1                    0
                   15                   13                    0                   -1
                   14                   13                   -1                    0
                   15                   13                    1                    0
                   16                   13                    1                    0
                   17                   13                    1                    0
                   17                   12                    0                   -1
                   18                   16                    0                    1
                   19                   16                    1                    0
                   18                   16                   -1                    0
                   17                   13                    0                    1
                   18                   17                    0                    1
                   16                   13                   -1                    0
                   18                   18                    0                    1
                   18                   19                    0                    1
                   18                   20                    0                    1
                   18                    1                    0                    0
                   17                   13                    1                    0
                   18                   13                    1                    0
                   18                   20                    0                    0
                   19                   13                    1                    0
                   20                   13                    1                    0
                   20                   12                    0                   -1
                   20                   11                    0                   -1
                    1                   11                    0                    0
                    1                   10                    0                   -1
                   19                   20                    1                    0
                   18                   20                   -1                    0
                   17                   20                   -1                    0
                    1                   11                    0                    1
                    2                   11                    1                    0
                   18                   20                    1                    0
                   18                   19                    0                   -1
                   18                   18                    0                   -1
                   18                   17                    0                   -1
                    1                   11                   -1                    0
                   20                   11                    0                    0
                   18                   18                    0                    1
                   17                   18                   -1                    0
                   17                   19                    0                    1
                   16                   19                   -1                    0
                   20                   10                    0                   -1
                   16                   18                    0                   -1
                   17                   18                    1                    0
                   18                   18                    1                    0
                   18                   19                    0                    1
                   18                   18                    0                   -1
                   20                   11                    0                    1
                   19                   18                    1                    0
                   19                   19                    0                    1
                   19                   18                    0                   -1
                   20                   10                    0                   -1
                   18                   18                   -1                    0
                    1                   10                    0                    0
                   20                   10                    0                    0
                   19                   18                    1                    0
                   19                   10                   -1                    0
                   19                   11                    0                    1
                   18                   11                   -1                    0
                   19                   19                    0                    1
                   18                   10                    0                   -1
                   19                   10                    1                    0
                   18                   19                   -1                    0
                   18                   18                    0                   -1
                   19                   18                    1                    0
                   20                   18                    1                    0
                    1                   18                    0                    0
                   19                    9                    0                   -1
                   19                    8                    0                   -1
                    2                   18                    1                    0
                    1                   18                   -1                    0
                    1                   17                    0                   -1
                   19                    7                    0                   -1
                   18                    7                   -1                    0
                   17                    7                   -1                    0
                   20                   17                    0                    0
                   17                    8                    0                    1
                   17                    9                    0                    1
                   17                    8                    0                   -1
                   17                    7                    0                   -1
                   20                   18                    0                    1
                   16                    7                   -1                    0
                    1                   18                    0                    0
                   16                    8                    0                    1
                   17                    8                    1                    0
                   17                    7                    0                   -1
                   18                    7                    1                    0
                    1                   19                    0                    1
                   19                    7                    1                    0
                    2                   19                    1                    0
                   19                    6                    0                   -1
                   18                    6                   -1                    0
                    3                   19                    1                    0
                   18                    5                    0                   -1
                   19                    5                    1                    0
                    2                   19                   -1                    0
                    3                   19                    1                    0
                   19                    6                    0                    1
                    3                   20                    0                    1
                    3                   19                    0                   -1
                    2                   19                   -1                    0
                    2                   20                    0                    1
                    2                   19                    0                   -1
                    2                   20                    0                    1
                   19                    5                    0                   -1
                    2                   19                    0                   -1
                   19                    4                    0                   -1
                   19                    3                    0                   -1
                    3                   19                    1                    0
                    3                   20                    0                    1
                    4                   20                    1                    0
                    4                    1                    0                    0
                    5                    1                    1                    0
                    6                    1                    1                    0
                    6                   20                    0                    0
                   18                    3                   -1                    0
                    6                   19                    0                   -1
                    6                   20                    0                    1
                   17                    3                   -1                    0
                    6                   19                    0                   -1
                   17                    4                    0                    1
                    6                   18                    0                   -1
                   17                    3                    0                   -1
                    6                   19                    0                    1
                    6                   18                    0                   -1
                   17                    4                    0                    1
                   16                    4                   -1                    0
                    7                   18                    1                    0
                    8                   18                    1                    0
                    9                   18                    1                    0
                   17                    4                    1                    0
                   10                   18                    1                    0
                   16                    4                   -1                    0
                   11                   18                    1                    0
                   10                   18                   -1                    0
                   10                   19                    0                    1
                    9                   19                   -1                    0
                   16                    3                    0                   -1
                   10                   19                    1                    0
                   10                   20                    0                    1
                   16                    2                    0                   -1
                    9                   20                   -1                    0
                   16                    1                    0                   -1
                   10                   20                    1                    0
                   17                    1                    1                    0
                   16                    1                   -1                    0
                   15                    1                   -1                    0
                   10                   19                    0                   -1
                   15                    2                    0                    1
                   16                    2                    1                    0
                    9                   19                   -1                    0
                    9                   18                    0                   -1
                   16                    1                    0                   -1
                    9                   17                    0                   -1
                   17                    1                    1                    0
                   16                    1                   -1                    0
                   15                    1                   -1                    0
                   16                    1                    1                    0
                    9                   16                    0                   -1
                   16                   20                    0                    0
                   15                   20                   -1                    0
                    9                   15                    0                   -1
                    9                   16                    0                    1
                    9                   15                    0                   -1
                    8                   15                   -1                    0
                   16                   20                    1                    0
                   15                   20                   -1                    0
                    7                   15                   -1                    0
                   15                   19                    0                   -1
                    7                   14                    0                   -1
                    7                   13                    0                   -1
                    7                   12                    0                   -1
                    7                   13                    0                    1
                    7                   14                    0                    1
                    6                   14                   -1                    0
                    7                   14                    1                    0
                   16                   19                    1                    0
                   16                   18                    0                   -1
                   16                   19                    0                    1
                    7                   15                    0                    1
                   16                   20                    0                    1
                   15                   20                   -1                    0
                    7                   14                    0                   -1
