                    3                    2                   -1                    0
                    8                   13                    1                    0
                    4                    2                    1                    0
                    4                    1                    0                   -1
                    4                   20                    0                    0
                    4                   19                    0                   -1
                    7                   13                   -1                    0
                    4                   18                    0                   -1
                    3                   18                   -1                    0
                    7                   12                    0                   -1
                    7                   13                    0                    1
                    3                   17                    0                   -1
                    7                   14                    0                    1
                    3                   18                    0                    1
                    4                   18                    1                    0
                    7                   13                    0                   -1
                    7                   12                    0                   -1
                    8                   12                    1                    0
                    9                   12                    1                    0
                    8                   12                   -1                    0
                    4                   19                    0                    1
                    9                   12                    1                    0
                    9                   13                    0                    1
                    4                   20                    0                    1
                    9                   12                    0                   -1
                    4                    1                    0                    0
                    4                    2                    0                    1
                    8                   12                   -1                    0
                    8                   13                    0                    1
                    5                    2                    1                    0
                    4                    2                   -1                    0
                    8                   14                    0                    1
                    4                    1                    0                   -1
                    5                    1                    1                    0
                    8                   13                    0                   -1
                    5                   20                    0                    0
                    4                   20                   -1                    0
                    4                   19                    0                   -1
                    5                   19                    1                    0
                    5                   18                    0                   -1
                    8                   12                    0                   -1
                    8                   13                    0                    1
                    7                   13                   -1                    0
                    5                   19                    0                    1
                    5                   18                    0                   -1
                    4                   18                   -1                    0
                    5                   18                    1                    0
                    5                   19                    0                    1
                    5                   20                    0                    1
                    5                    1                    0                    0
                    7                   12                    0                   -1
                    6                    1                    1                    0
                    5                    1                   -1                    0
                    7                   13                    0                    1
                    7                   12                    0                   -1
                    8                   12                    1                    0
                    7                   12                   -1                    0
                    5                   20                    0                    0
                    8                   12                    1                    0
                    4                   20                   -1                    0
                    7                   12                   -1                    0
                    7                   13                    0                    1
                    3                   20                   -1                    0
                    8                   13                    1                    0
                    3                    1                    0                    0
                    9                   13                    1                    0
                    9                   14                    0                    1
                    3                   20                    0                    0
                    3                    1                    0                    0
                    3                    2                    0                    1
                    3                    3                    0                    1
                    3                    4                    0                    1
                    8                   14                   -1                    0
                    2                    4                   -1                    0
                    9                   14                    1                    0
                    3                    4                    1                    0
                   10                   14                    1                    0
                    3                    3                    0                   -1
                   10                   13                    0                   -1
                   11                   13                    1                    0
                    3                    2                    0                   -1
                    3                    1                    0                   -1
                   10                   13                   -1                    0
                    4                    1                    1                    0
                    4                    2                    0                    1
                    4                    3                    0                    1
                    4                    2                    0                   -1
                    3                    2                   -1                    0
                    3                    3                    0                    1
                   10                   14                    0                    1
                    9                   14                   -1                    0
                    3                    2                    0                   -1
                   10                   14                    1                    0
                   11                   14                    1                    0
                   10                   14                   -1                    0
                    4                    2                    1                    0
                   10                   15                    0                    1
                    5                    2                    1                    0
                    5                    1                    0                   -1
                    6                    1                    1                    0
                    5                    1                   -1                    0
                   10                   16                    0                    1
                    9                   16                   -1                    0
                    5                   20                    0                    0
                    8                   16                   -1                    0
                    7                   16                   -1                    0
                    8                   16                    1                    0
                    8                   17                    0                    1
                    5                   19                    0                   -1
                    5                   18                    0                   -1
                    8                   16                    0                   -1
                    9                   16                    1                    0
                    6                   18                    1                    0
                    6                   17                    0                   -1
                    9                   15                    0                   -1
                    8                   15                   -1                    0
                    6                   16                    0                   -1
                    8                   16                    0                    1
                    6                   17                    0                    1
                    8                   17                    0                    1
                    6                   18                    0                    1
                    5                   18                   -1                    0
                    7                   17                   -1                    0
                    5                   19                    0                    1
                    5                   18                    0                   -1
                    6                   17                   -1                    0
                    5                   17                    0                   -1
                    5                   18                    0                    1
                    5                   17                    0                   -1
                    5                   16                    0                   -1
                    5                   17                    0                    1
                    5                   17                   -1                    0
                   10                    8                   -1                    0
                   10                    9                    0                    1
                   10                   10                    0                    1
                   10                    8                   -1                    0
                   10                    9                    0                   -1
                   11                    9                    1                    0
                   10                    9                    0                    1
                   10                    8                    0                   -1
                   11                   10                    0                    1
                   11                    8                    1                    0
                   11                    7                    0                   -1
                   11                    8                    0                    1
                   11                   11                    0                    1
                   11                   12                    0                    1
                   12                   12                    1                    0
                   13                   12                    1                    0
                   12                    8                    1                    0
                   12                    9                    0                    1
                   12                    8                    0                   -1
                   12                    9                    0                    1
                   12                   12                   -1                    0
