                    1                    6                    0                    0
                   20                    6                    0                    0
                   20                    7                    0                    1
                   20                    6                    0                   -1
                   20                    5                    0                   -1
                   20                    4                    0                   -1
                    1                    4                    0                    0
                    1                    5                    0                    1
                    1                    4                    0                   -1
                   18                   20                   -1                    0
                    1                    3                    0                   -1
                    1                    4                    0                    1
                   19                   20                    1                    0
                   20                   20                    1                    0
                   20                   19                    0                   -1
                    2                    4                    1                    0
                   20                   20                    0                    1
                   19                   20                   -1                    0
                    1                    4                   -1                    0
                   20                    4                    0                    0
                   20                   20                    1                    0
                   20                    1                    0                    0
                   20                   20                    0                    0
                   19                   20                   -1                    0
                   18                   20                   -1                    0
                    1                    4                    0                    0
                   17                   20                   -1                    0
                   20                    4                    0                    0
                   19                    4                   -1                    0
                   18                   20                    1                    0
                   18                    4                   -1                    0
                   19                   20                    1                    0
                   19                    1                    0                    0
                   19                   20                    0                    0
                   19                    4                    1                    0
                   18                   20                   -1                    0
                   20                    4                    1                    0
                   20                    3                    0                   -1
                   20                    2                    0                   -1
                    1                    2                    0                    0
                   20                    2                    0                    0
                   20                    3                    0                    1
                   20                    2                    0                   -1
                   18                    1                    0                    0
                   17                    1                   -1                    0
                   17                   20                    0                    0
                   20                    1                    0                   -1
                   17                    1                    0                    0
                   18                    1                    1                    0
                   17                    1                   -1                    0
                   20                    2                    0                    1
                   17                    2                    0                    1
                   20                    3                    0                    1
                   16                    2                   -1                    0
                   17                    2                    1                    0
                   20                    4                    0                    1
                   20                    5                    0                    1
                   17                    1                    0                   -1
                   16                    1                   -1                    0
                   15                    1                   -1                    0
                   19                    5                   -1                    0
                   19                    4                    0                   -1
                   16                    1                    1                    0
                   19                    3                    0                   -1
                   17                    1                    1                    0
                   18                    3                   -1                    0
