                    5                    2                    0                    1
                    5                    3                    0                    1
                    5                    4                    1                    0
                    9                    8                    1                    0
                    9                    8                    0                    1
                    9                    9                    1                    0
                   10                    8                    0                    1
                   10                   17                    0                    1
                   10                   18                    0                    1
                   10                   19                    1                    0
                   11                   19                    0                    1
                   17                   19                    1                    0
                   17                   19                    0                    1
                   17                   20                    1                    0
                   18                   19                    0                    1
                    6                    4
                   11                   20
