                    1                    1                    0                    1
                    1                    2                    0                    1
                    1                    4                    0                    1
                    1                    5                    1                    0
                    1                    8                    0                    1
                    1                   10                    1                    0
                    1                   10                    0                    1
                    1                   11                    0                    1
                    1                   12                    0                    1
                    1                   13                    0                    1
                    1                   14                    0                    1
                    1                   15                    0                    1
                    1                   16                    1                    0
                    1                   17                    0                    1
                    1                   19                    0                    1
                    1                   20                    0                    1
                    2                    1                    1                    0
                    2                    1                    0                    1
                    2                    2                    0                    1
                    2                    3                    1                    0
                    2                    5                    0                    1
                    2                    6                    0                    1
                    2                    7                    0                    1
                    2                    8                    0                    1
                    2                    9                    1                    0
                    2                   10                    1                    0
                    2                   11                    1                    0
                    2                   11                    0                    1
                    2                   12                    0                    1
                    2                   13                    0                    1
                    2                   14                    0                    1
                    2                   15                    0                    1
                    2                   16                    1                    0
                    2                   16                    0                    1
                    2                   17                    1                    0
                    3                    2                    1                    0
                    3                    2                    0                    1
                    3                    5                    1                    0
                    3                    5                    0                    1
                    3                    6                    1                    0
                    3                    7                    1                    0
                    3                    7                    0                    1
                    3                    8                    1                    0
                    3                    9                    1                    0
                    3                   10                    0                    1
                    3                   11                    1                    0
                    3                   11                    0                    1
                    3                   12                    1                    0
                    3                   13                    1                    0
                    3                   13                    0                    1
                    3                   14                    0                    1
                    3                   15                    1                    0
                    3                   16                    0                    1
                    3                   20                    1                    0
                    3                   20                    0                    1
                    4                    1                    1                    0
                    4                    1                    0                    1
                    4                    2                    1                    0
                    4                    2                    0                    1
                    4                    3                    1                    0
                    4                    4                    1                    0
                    4                    4                    0                    1
                    4                    5                    1                    0
                    4                    5                    0                    1
                    4                    7                    1                    0
                    4                    8                    1                    0
                    4                    9                    1                    0
                    4                    9                    0                    1
                    4                   10                    1                    0
                    4                   11                    0                    1
                    4                   13                    0                    1
                    4                   14                    1                    0
                    4                   15                    0                    1
                    4                   16                    1                    0
                    4                   18                    1                    0
                    4                   18                    0                    1
                    4                   19                    1                    0
                    4                   20                    1                    0
                    5                    2                    0                    1
                    5                    4                    1                    0
                    5                    5                    1                    0
                    5                    7                    0                    1
                    5                    9                    1                    0
                    5                   10                    0                    1
                    5                   11                    0                    1
                    5                   12                    1                    0
                    5                   13                    1                    0
                    5                   13                    0                    1
                    5                   15                    1                    0
                    5                   15                    0                    1
                    5                   16                    1                    0
                    5                   16                    0                    1
                    5                   17                    1                    0
                    5                   18                    0                    1
                    5                   20                    0                    1
                    6                    1                    0                    1
                    6                    2                    1                    0
                    6                    4                    0                    1
                    6                    5                    1                    0
                    6                    5                    0                    1
                    6                    6                    1                    0
                    6                    9                    1                    0
                    6                   12                    0                    1
                    6                   13                    1                    0
                    6                   13                    0                    1
                    6                   14                    0                    1
                    6                   15                    1                    0
                    6                   15                    0                    1
                    6                   17                    1                    0
                    6                   19                    1                    0
                    6                   19                    0                    1
                    6                   20                    0                    1
                    7                    2                    0                    1
                    7                    3                    1                    0
                    7                    4                    1                    0
                    7                    4                    0                    1
                    7                    6                    1                    0
                    7                    9                    1                    0
                    7                   10                    1                    0
                    7                   10                    0                    1
                    7                   11                    1                    0
                    7                   13                    1                    0
                    7                   15                    1                    0
                    7                   17                    1                    0
                    7                   18                    1                    0
                    7                   18                    0                    1
                    7                   19                    1                    0
                    7                   19                    0                    1
                    7                   20                    1                    0
                    8                    3                    1                    0
                    8                    4                    1                    0
                    8                    5                    1                    0
                    8                    5                    0                    1
                    8                    8                    1                    0
                    8                    8                    0                    1
                    8                    9                    1                    0
                    8                   10                    0                    1
                    8                   12                    1                    0
                    8                   12                    0                    1
                    8                   14                    1                    0
                    8                   14                    0                    1
                    8                   15                    1                    0
                    8                   15                    0                    1
                    8                   16                    1                    0
                    8                   17                    0                    1
                    8                   19                    1                    0
                    8                   20                    1                    0
                    9                    1                    0                    1
                    9                    2                    0                    1
                    9                    4                    1                    0
                    9                    5                    0                    1
                    9                    6                    0                    1
                    9                    7                    0                    1
                    9                    8                    1                    0
                    9                    8                    0                    1
                    9                    9                    1                    0
                    9                    9                    0                    1
                    9                   10                    1                    0
                    9                   12                    1                    0
                    9                   14                    1                    0
                    9                   15                    1                    0
                    9                   16                    1                    0
                    9                   17                    1                    0
                    9                   17                    0                    1
                    9                   18                    1                    0
                    9                   19                    1                    0
                    9                   20                    0                    1
                   10                    1                    1                    0
                   10                    1                    0                    1
                   10                    2                    1                    0
                   10                    3                    1                    0
                   10                    3                    0                    1
                   10                    4                    1                    0
                   10                    4                    0                    1
                   10                    5                    0                    1
                   10                    6                    0                    1
                   10                    7                    0                    1
                   10                    8                    1                    0
                   10                    8                    0                    1
                   10                    9                    1                    0
                   10                    9                    0                    1
                   10                   12                    1                    0
                   10                   14                    1                    0
                   10                   15                    1                    0
                   10                   16                    0                    1
                   10                   18                    1                    0
                   10                   19                    1                    0
                   11                    1                    1                    0
                   11                    1                    0                    1
                   11                    3                    0                    1
                   11                    8                    1                    0
                   11                    9                    0                    1
                   11                   10                    0                    1
                   11                   11                    1                    0
                   11                   12                    1                    0
                   11                   14                    0                    1
                   11                   17                    1                    0
                   11                   17                    0                    1
                   11                   18                    1                    0
                   11                   18                    0                    1
                   11                   19                    1                    0
                   11                   19                    0                    1
                   11                   20                    0                    1
                   12                    1                    0                    1
                   12                    2                    1                    0
                   12                    5                    1                    0
                   12                    5                    0                    1
                   12                    6                    0                    1
                   12                    7                    0                    1
                   12                    8                    1                    0
                   12                    8                    0                    1
                   12                    9                    1                    0
                   12                   10                    1                    0
                   12                   10                    0                    1
                   12                   11                    1                    0
                   12                   11                    0                    1
                   12                   12                    1                    0
                   12                   12                    0                    1
                   12                   13                    0                    1
                   12                   14                    0                    1
                   12                   15                    0                    1
                   12                   16                    1                    0
                   12                   17                    0                    1
                   12                   19                    1                    0
                   13                    1                    1                    0
                   13                    2                    1                    0
                   13                    3                    1                    0
                   13                    3                    0                    1
                   13                    4                    1                    0
                   13                    5                    1                    0
                   13                    7                    1                    0
                   13                    7                    0                    1
                   13                    9                    1                    0
                   13                   10                    0                    1
                   13                   12                    0                    1
                   13                   13                    0                    1
                   13                   14                    0                    1
                   13                   15                    0                    1
                   13                   18                    1                    0
                   13                   18                    0                    1
                   13                   19                    1                    0
                   13                   19                    0                    1
                   13                   20                    0                    1
                   14                    1                    1                    0
                   14                    2                    0                    1
                   14                    4                    1                    0
                   14                    5                    0                    1
                   14                    6                    1                    0
                   14                    7                    1                    0
                   14                    7                    0                    1
                   14                    8                    0                    1
                   14                   10                    1                    0
                   14                   10                    0                    1
                   14                   11                    0                    1
                   14                   12                    1                    0
                   14                   17                    1                    0
                   14                   17                    0                    1
                   14                   18                    1                    0
                   14                   18                    0                    1
                   14                   20                    1                    0
                   14                   20                    0                    1
                   15                    2                    1                    0
                   15                    2                    0                    1
                   15                    3                    0                    1
                   15                    5                    1                    0
                   15                    5                    0                    1
                   15                    7                    0                    1
                   15                    8                    0                    1
                   15                    9                    1                    0
                   15                   10                    0                    1
                   15                   11                    1                    0
                   15                   12                    0                    1
                   15                   13                    0                    1
                   15                   14                    1                    0
                   15                   16                    1                    0
                   15                   16                    0                    1
                   15                   17                    1                    0
                   15                   17                    0                    1
                   15                   20                    0                    1
                   16                    2                    0                    1
                   16                    3                    0                    1
                   16                    4                    0                    1
                   16                    5                    1                    0
                   16                    5                    0                    1
                   16                    6                    1                    0
                   16                    9                    1                    0
                   16                   10                    1                    0
                   16                   10                    0                    1
                   16                   12                    1                    0
                   16                   12                    0                    1
                   16                   13                    0                    1
                   16                   14                    1                    0
                   16                   14                    0                    1
                   16                   15                    1                    0
                   16                   16                    0                    1
                   17                    1                    1                    0
                   17                    3                    1                    0
                   17                    3                    0                    1
                   17                    4                    0                    1
                   17                    6                    1                    0
                   17                    8                    1                    0
                   17                    8                    0                    1
                   17                   10                    1                    0
                   17                   11                    1                    0
                   17                   11                    0                    1
                   17                   14                    0                    1
                   17                   17                    1                    0
                   17                   17                    0                    1
                   17                   18                    1                    0
                   17                   20                    1                    0
                   17                   20                    0                    1
                   18                    2                    1                    0
                   18                    2                    0                    1
                   18                    3                    1                    0
                   18                    3                    0                    1
                   18                    4                    1                    0
                   18                    5                    1                    0
                   18                    5                    0                    1
                   18                    6                    1                    0
                   18                    6                    0                    1
                   18                    7                    0                    1
                   18                    8                    1                    0
                   18                    8                    0                    1
                   18                    9                    1                    0
                   18                   10                    0                    1
                   18                   12                    1                    0
                   18                   12                    0                    1
                   18                   13                    0                    1
                   18                   14                    0                    1
                   18                   15                    1                    0
                   18                   17                    0                    1
                   18                   19                    1                    0
                   18                   19                    0                    1
                   18                   20                    1                    0
                   18                   20                    0                    1
                   19                    2                    1                    0
                   19                    3                    0                    1
                   19                    5                    0                    1
                   19                    6                    1                    0
                   19                    6                    0                    1
                   19                    7                    0                    1
                   19                    9                    0                    1
                   19                   10                    1                    0
                   19                   11                    1                    0
                   19                   11                    0                    1
                   19                   13                    1                    0
                   19                   13                    0                    1
                   19                   14                    0                    1
                   19                   15                    1                    0
                   19                   15                    0                    1
                   19                   16                    1                    0
                   19                   19                    0                    1
                   20                    1                    0                    1
                   20                    3                    1                    0
                   20                    3                    0                    1
                   20                    4                    1                    0
                   20                    6                    0                    1
                   20                    7                    0                    1
                   20                    8                    1                    0
                   20                    9                    1                    0
                   20                    9                    0                    1
                   20                   11                    0                    1
                   20                   12                    0                    1
                   20                   15                    0                    1
                   20                   17                    1                    0
                   20                   17                    0                    1
                   20                   18                    1                    0
                   20                   19                    1                    0
                   20                   19                    0                    1
                   20                   20                    0                    1
                    8                    9
                   14                    1
