                   15                   16                    0                    1
                   16                   16                    1                    0
                   16                   15                    0                   -1
                   16                   14                    0                   -1
                    5                    4                    0                   -1
                    5                    5                    0                    1
                    4                    5                   -1                    0
                    5                    5                    1                    0
                   16                   15                    0                    1
                    5                    4                    0                   -1
                   16                   14                    0                   -1
                   17                   14                    1                    0
                    5                    3                    0                   -1
                   17                   15                    0                    1
                    5                    2                    0                   -1
                   17                   14                    0                   -1
                   18                   14                    1                    0
                    6                    2                    1                    0
                    6                    3                    0                    1
                    6                    4                    0                    1
                    6                    5                    0                    1
                   18                   13                    0                   -1
                   18                   14                    0                    1
                    6                    4                    0                   -1
                   17                   14                   -1                    0
                   16                   14                   -1                    0
                   15                   14                   -1                    0
                   16                   14                    1                    0
                    6                    3                    0                   -1
                   16                   15                    0                    1
                   16                   16                    0                    1
                    6                    2                    0                   -1
                   16                   15                    0                   -1
                    5                    2                   -1                    0
                    5                    1                    0                   -1
                   16                   16                    0                    1
                   15                   16                   -1                    0
                   15                   17                    0                    1
                   15                   16                    0                   -1
                   14                   16                   -1                    0
                   15                   16                    1                    0
                    5                    2                    0                    1
                    6                    2                    1                    0
                   15                   15                    0                   -1
                   16                   15                    1                    0
                    5                    2                   -1                    0
                   17                   15                    1                    0
                   16                   15                   -1                    0
                   16                   16                    0                    1
                   16                   17                    0                    1
                    5                    1                    0                   -1
                   16                   16                    0                   -1
                    5                    2                    0                    1
                   15                   16                   -1                    0
                   15                   17                    0                    1
                   15                   16                    0                   -1
                    5                    3                    0                    1
                    6                    3                    1                    0
                    5                    3                   -1                    0
                    5                    2                    0                   -1
                   16                   16                    1                    0
                    5                    1                    0                   -1
                   16                   15                    0                   -1
                    5                    2                    0                    1
                    6                    2                    1                    0
                   17                   15                    1                    0
                   17                   14                    0                   -1
                   17                   15                    0                    1
                    5                    2                   -1                    0
                   16                   15                   -1                    0
                   15                   15                   -1                    0
                    5                    3                    0                    1
                   15                   16                    0                    1
                   15                   17                    0                    1
                    5                    2                    0                   -1
                   15                   16                    0                   -1
                   15                   15                    0                   -1
                   16                   15                    1                    0
                   17                   15                    1                    0
                    5                    3                    0                    1
                    4                    3                   -1                    0
                    5                    3                    1                    0
                   16                   15                   -1                    0
                    5                    4                    0                    1
                   15                   15                   -1                    0
                   16                   15                    1                    0
                    5                    5                    0                    1
                   16                   14                    0                   -1
                   15                   14                   -1                    0
                    5                    4                    0                   -1
                   16                   14                    1                    0
                    4                    4                   -1                    0
                   15                   14                   -1                    0
                    4                    5                    0                    1
                   14                   14                   -1                    0
                   15                   14                    1                    0
                    5                    5                    1                    0
                    4                    5                   -1                    0
                   16                   14                    1                    0
                    4                    4                    0                   -1
                   16                   15                    0                    1
                   15                   15                   -1                    0
                   15                   14                    0                   -1
                   14                   14                   -1                    0
                    5                    4                    1                    0
                   15                   14                    1                    0
                   15                   15                    0                    1
                    5                    5                    0                    1
