                    1                    1                    1                    0
                    1                    3                    1                    0
                    1                    3                    0                    1
                    1                    4                    1                    0
                    1                    6                    0                    1
                    1                   16                    0                    1
                    1                   17                    0                    1
                    1                   20                    0                    1
                    2                    1                    1                    0
                    2                    3                    1                    0
                    2                    4                    0                    1
                    2                    5                    0                    1
                    2                    6                    1                    0
                    3                    1                    1                    0
                    3                    3                    1                    0
                    3                    5                    1                    0
                    3                    5                    0                    1
                    4                    1                    0                    1
                    4                    2                    1                    0
                    4                    3                    0                    1
                    4                    4                    0                    1
                    5                    1                    1                    0
                    5                    2                    0                    1
                    5                    3                    1                    0
                    5                    4                    1                    0
                    5                    4                    0                    1
                    5                    5                    0                    1
                    5                    6                    1                    0
                    5                   14                    1                    0
                    5                   14                    0                    1
                    5                   15                    1                    0
                    5                   18                    1                    0
                    5                   18                    0                    1
                    5                   19                    0                    1
                    5                   20                    0                    1
                    6                    1                    0                    1
                    6                    2                    0                    1
                    6                    4                    1                    0
                    6                    5                    1                    0
                    6                    5                    0                    1
                    6                    7                    1                    0
                    6                    7                    0                    1
                    6                    8                    1                    0
                    6                   14                    0                    1
                    6                   18                    1                    0
                    7                    3                    1                    0
                    7                    3                    0                    1
                    7                    5                    0                    1
                    7                    6                    0                    1
                    7                    8                    0                    1
                    7                    9                    0                    1
                    7                   10                    0                    1
                    7                   11                    1                    0
                    7                   18                    1                    0
                    8                    3                    1                    0
                    8                   11                    0                    1
                    8                   12                    0                    1
                    8                   13                    0                    1
                    8                   14                    1                    0
                    8                   17                    1                    0
                    8                   17                    0                    1
                    9                    1                    0                    1
                    9                    2                    0                    1
                    9                   14                    1                    0
                    9                   17                    0                    1
                    9                   18                    1                    0
                    9                   19                    1                    0
                    9                   19                    0                    1
                    9                   20                    0                    1
                   10                   14                    1                    0
                   10                   18                    0                    1
                   11                    2                    1                    0
                   11                    2                    0                    1
                   11                    3                    1                    0
                   11                    6                    1                    0
                   11                    6                    0                    1
                   11                    7                    1                    0
                   11                   14                    0                    1
                   11                   19                    1                    0
                   11                   19                    0                    1
                   11                   20                    1                    0
                   12                    2                    0                    1
                   12                    6                    1                    0
                   12                    7                    1                    0
                   12                   19                    0                    1
                   13                    6                    0                    1
                   14                   16                    1                    0
                   14                   16                    0                    1
                   14                   17                    1                    0
                   15                    8                    1                    0
                   15                    8                    0                    1
                   15                    9                    1                    0
                   15                   10                    1                    0
                   15                   10                    0                    1
                   15                   11                    0                    1
                   15                   12                    1                    0
                   15                   16                    0                    1
                   16                    8                    0                    1
                   16                   12                    0                    1
                   16                   13                    1                    0
                   17                   13                    1                    0
                   17                   20                    1                    0
                   18                   13                    1                    0
                   18                   20                    1                    0
                   19                   13                    0                    1
                   19                   20                    1                    0
                   20                    6                    1                    0
                   20                    6                    0                    1
                   20                    7                    1                    0
                   20                   16                    1                    0
                   20                   16                    0                    1
                   20                   17                    0                    1
                   20                   18                    1                    0
                   20                   20                    1                    0
                   19                   14
                   17                   20
