                   15                   12                    0                    1
                   15                   13                    0                    1
                   10                   11                    0                   -1
                   15                   12                    0                   -1
                   15                   13                    0                    1
                   10                   12                    0                    1
                   16                   13                    1                    0
                   15                   13                   -1                    0
                    9                   12                   -1                    0
                   15                   14                    0                    1
                   10                   12                    1                    0
                   14                   14                   -1                    0
                   15                   14                    1                    0
                   10                   11                    0                   -1
                   10                   12                    0                    1
                   15                   13                    0                   -1
                   15                   14                    0                    1
                   15                   13                    0                   -1
                   10                   11                    0                   -1
                   14                   13                   -1                    0
                   14                   12                    0                   -1
                   10                   10                    0                   -1
                   10                    9                    0                   -1
                   10                    8                    0                   -1
                   14                   11                    0                   -1
                   10                    9                    0                    1
                   10                    8                    0                   -1
                   10                    9                    0                    1
                   13                   11                   -1                    0
                   10                   10                    0                    1
                   13                   12                    0                    1
                    9                   10                   -1                    0
                   13                   11                    0                   -1
                   14                   11                    1                    0
                   10                   10                    1                    0
                   14                   12                    0                    1
                   10                   11                    0                    1
                   11                   11                    1                    0
                   14                   11                    0                   -1
                   15                   11                    1                    0
                   14                   11                   -1                    0
                   14                   10                    0                   -1
                   12                   11                    1                    0
                   13                   10                   -1                    0
                   12                   10                   -1                    0
                   11                   11                   -1                    0
                   12                    9                    0                   -1
                   12                    8                    0                   -1
                   12                    9                    0                    1
                   12                   10                    0                    1
                   13                   10                    1                    0
                   11                   10                    0                   -1
                   10                   10                   -1                    0
                   14                   10                    1                    0
                   10                    9                    0                   -1
                   14                   11                    0                    1
                   11                    9                    1                    0
                   12                    9                    1                    0
                   12                   10                    0                    1
                   14                   10                    0                   -1
                   11                   10                   -1                    0
                   14                   11                    0                    1
                   10                   10                   -1                    0
                   10                    9                    0                   -1
                   14                   12                    0                    1
                   14                   13                    0                    1
                   14                   12                    0                   -1
                   11                    9                    1                    0
                   12                    9                    1                    0
                   12                   10                    0                    1
                   12                    9                    0                   -1
                   12                   10                    0                    1
                   14                   13                    0                    1
                   14                   14                    0                    1
                   12                   11                    0                    1
                   11                   11                   -1                    0
                   14                   13                    0                   -1
                   11                   12                    0                    1
                   10                   12                   -1                    0
                   11                   12                    1                    0
                   10                   12                   -1                    0
                   10                   11                    0                   -1
                   10                   10                    0                   -1
                   10                    9                    0                   -1
                   10                   10                    0                    1
                   10                   11                    0                    1
                   13                   13                   -1                    0
                   13                   14                    0                    1
                   13                   13                    0                   -1
                   11                   11                    1                    0
                   14                   13                    1                    0
                   12                   11                    1                    0
                   11                   11                   -1                    0
                   12                   11                    1                    0
                   15                   13                    1                    0
                   11                   11                   -1                    0
                   15                   12                    0                   -1
                   12                   11                    1                    0
                   15                   11                    0                   -1
                   16                   11                    1                    0
                   16                   12                    0                    1
                   12                   10                    0                   -1
                   15                   12                   -1                    0
