                   17                    2                    0                   -1
                    9                   14                    1                    0
                    9                   15                    0                    1
                    9                   14                    0                   -1
                   16                    2                   -1                    0
                    8                   14                   -1                    0
                    8                   13                    0                   -1
                   15                    2                   -1                    0
                   16                    2                    1                    0
                    9                   13                    1                    0
                   16                    1                    0                   -1
                   15                    1                   -1                    0
                    8                   13                   -1                    0
                   14                    1                   -1                    0
                    7                   13                   -1                    0
                   14                   20                    0                    0
                    6                   13                   -1                    0
                    7                   13                    1                    0
                    7                   12                    0                   -1
                   14                    1                    0                    0
                   13                    1                   -1                    0
                    6                   12                   -1                    0
                    6                   13                    0                    1
                    6                   12                    0                   -1
                   14                    1                    1                    0
                    6                   13                    0                    1
                   15                    1                    1                    0
                   15                    2                    0                    1
                    7                   13                    1                    0
                   15                    1                    0                   -1
                    8                   13                    1                    0
                    7                   13                   -1                    0
                   15                    2                    0                    1
                   15                    1                    0                   -1
                    7                   14                    0                    1
                   15                   20                    0                    0
                   16                   20                    1                    0
                    8                   14                    1                    0
                   17                   20                    1                    0
                   18                   20                    1                    0
                   17                   20                   -1                    0
                    7                   14                   -1                    0
                    6                   14                   -1                    0
                   16                   20                   -1                    0
                   17                   20                    1                    0
                    5                   14                   -1                    0
                    5                   13                    0                   -1
                    5                   12                    0                   -1
                   17                    1                    0                    0
                    6                   12                    1                    0
                    7                   12                    1                    0
                    8                   12                    1                    0
                    9                   12                    1                    0
                   18                    1                    1                    0
                   10                   12                    1                    0
                   18                   20                    0                    0
                   18                   19                    0                   -1
                    9                   12                   -1                    0
                    9                   13                    0                    1
                   18                   18                    0                   -1
                   18                   19                    0                    1
                   18                   18                    0                   -1
                    9                   14                    0                    1
                   18                   19                    0                    1
                    9                   13                    0                   -1
                   18                   18                    0                   -1
                   17                   18                   -1                    0
                   18                   18                    1                    0
                   18                   17                    0                   -1
                   19                   17                    1                    0
                   18                   17                   -1                    0
                   17                   17                   -1                    0
                    9                   12                    0                   -1
                    9                   13                    0                    1
                    9                   12                    0                   -1
                    8                   12                   -1                    0
                    8                   11                    0                   -1
                   18                   17                    1                    0
                    8                   12                    0                    1
                    7                   12                   -1                    0
                    8                   12                    1                    0
                   18                   18                    0                    1
                   19                   18                    1                    0
                   19                   19                    0                    1
                   18                   19                   -1                    0
                    9                   12                    1                    0
                   10                   12                    1                    0
                   19                   19                    1                    0
                   19                   18                    0                   -1
                   11                   12                    1                    0
                   18                   18                   -1                    0
                   11                   13                    0                    1
                   18                   19                    0                    1
                   18                   20                    0                    1
                   10                   13                   -1                    0
                   10                   14                    0                    1
                   10                   13                    0                   -1
                   18                    1                    0                    0
                   17                    1                   -1                    0
                   10                   14                    0                    1
                    9                   14                   -1                    0
                   10                   14                    1                    0
                    9                   14                   -1                    0
                   17                   20                    0                    0
                    9                   15                    0                    1
                    8                   15                   -1                    0
                   17                    1                    0                    0
                   18                    1                    1                    0
                    7                   15                   -1                    0
                   18                   20                    0                    0
                    7                   16                    0                    1
                    8                   16                    1                    0
                   19                   20                    1                    0
                    8                   15                    0                   -1
                   19                    1                    0                    0
                   19                   20                    0                    0
                   18                   20                   -1                    0
                   19                   20                    1                    0
                   19                   19                    0                   -1
                   18                   19                   -1                    0
                    7                   15                   -1                    0
                   18                   20                    0                    1
                   18                    1                    0                    0
                    8                   15                    1                    0
                   18                    2                    0                    1
                   19                    2                    1                    0
                   19                    3                    0                    1
                    8                   14                    0                   -1
                    8                   15                    0                    1
                    7                   15                   -1                    0
                   20                    3                    1                    0
                    1                    3                    0                    0
                    1                    2                    0                   -1
                    2                    2                    1                    0
                    7                   14                    0                   -1
                    2                    1                    0                   -1
                    1                    1                   -1                    0
                    2                    1                    1                    0
                    3                    1                    1                    0
                    2                    1                   -1                    0
                    2                    2                    0                    1
                    3                    2                    1                    0
                    4                    2                    1                    0
                    7                   13                    0                   -1
                    7                   12                    0                   -1
                    6                   12                   -1                    0
                    5                    2                    1                    0
                    5                    3                    0                    1
                    5                   12                   -1                    0
                    6                    3                    1                    0
                    6                    4                    0                    1
                    7                    4                    1                    0
                    6                    4                   -1                    0
                    7                    4                    1                    0
                    8                    4                    1                    0
                    5                   11                    0                   -1
                    5                   12                    0                    1
                    7                    4                   -1                    0
                    5                   11                    0                   -1
                    7                    5                    0                    1
                    4                   11                   -1                    0
