                    7                   16                   -1                    0
                    7                   17                    0                    1
                    8                   20                   -1                    0
                    9                   20                    1                    0
                    6                   17                   -1                    0
                    7                   17                    1                    0
                    7                   18                    0                    1
                    6                   18                   -1                    0
                    8                   20                   -1                    0
                    7                   20                   -1                    0
                    7                   18                    1                    0
                    8                   18                    1                    0
                    8                   17                    0                   -1
                    6                   20                   -1                    0
                    8                   18                    0                    1
                    7                   18                   -1                    0
                    7                   20                    1                    0
                    8                   20                    1                    0
                    7                   17                    0                   -1
                    9                   20                    1                    0
                    7                   16                    0                   -1
                    8                   16                    1                    0
                    9                   16                    1                    0
                    9                   15                    0                   -1
                   10                   20                    1                    0
                    9                   16                    0                    1
                    8                   16                   -1                    0
                   11                   20                    1                    0
                   10                   20                   -1                    0
                    9                   20                   -1                    0
                    8                   17                    0                    1
                    8                   16                    0                   -1
                    8                   15                    0                   -1
                    9                    1                    0                    0
                    8                   16                    0                    1
                    8                    1                   -1                    0
                    7                   16                   -1                    0
                    8                   20                    0                    0
                    6                   16                   -1                    0
                    8                   19                    0                   -1
                    7                   19                   -1                    0
                    6                   17                    0                    1
                    8                   19                    1                    0
                    8                   18                    0                   -1
                    5                   17                   -1                    0
                    5                   16                    0                   -1
                    8                   17                    0                   -1
                    5                   15                    0                   -1
                    9                   17                    1                    0
                   10                   17                    1                    0
                    6                   15                    1                    0
                    6                   14                    0                   -1
                   11                   17                    1                    0
                   10                   17                   -1                    0
                    7                   14                    1                    0
                    9                   17                   -1                    0
                    8                   17                   -1                    0
                    7                   15                    0                    1
                    8                   18                    0                    1
                    8                   19                    0                    1
                    8                   20                    0                    1
                    8                   19                    0                   -1
                    8                   15                    1                    0
                    9                   19                    1                    0
                    8                   19                   -1                    0
                    7                   15                   -1                    0
                    8                   20                    0                    1
                    8                    1                    0                    0
                    7                   14                    0                   -1
                    8                   20                    0                    0
                    7                   15                    0                    1
                    8                    1                    0                    0
                    9                    1                    1                    0
                    9                   20                    0                    0
                    9                    1                    0                    0
                    8                    1                   -1                    0
                    7                   14                    0                   -1
                    9                    1                    1                    0
                    8                    1                   -1                    0
                    7                   15                    0                    1
                    9                    1                    1                    0
                    9                   20                    0                    0
                    9                    1                    0                    0
                    7                   14                    0                   -1
                    9                   20                    0                    0
                    6                   14                   -1                    0
                    7                   14                    1                    0
                    6                   14                   -1                    0
                    5                   14                   -1                    0
                    9                   19                    0                   -1
                    9                   20                    0                    1
                    6                   14                    1                    0
                    9                   19                    0                   -1
                    6                   15                    0                    1
                    5                   15                   -1                    0
                    4                   15                   -1                    0
                    4                   16                    0                    1
                    9                   18                    0                   -1
                    3                   16                   -1                    0
                    9                   17                    0                   -1
                    4                   16                    1                    0
                   10                   17                    1                    0
                   10                   18                    0                    1
                    9                   18                   -1                    0
                   10                   18                    1                    0
                    9                   18                   -1                    0
                    4                   15                    0                   -1
                    9                   17                    0                   -1
                    3                   15                   -1                    0
