                   18                   12                    0                   -1
                    5                    6                    0                   -1
                   18                   13                    0                    1
                   17                   13                   -1                    0
                   18                   13                    1                    0
                   17                   13                   -1                    0
                   18                   13                    1                    0
                   17                   13                   -1                    0
                    4                    6                   -1                    0
                   17                   12                    0                   -1
                    3                    6                   -1                    0
                   18                   12                    1                    0
                    4                    6                    1                    0
                   18                   13                    0                    1
                   18                   14                    0                    1
                    5                    6                    1                    0
                    5                    7                    0                    1
                    6                    7                    1                    0
                   18                   15                    0                    1
                    6                    8                    0                    1
                    6                    7                    0                   -1
                    6                    6                    0                   -1
                    6                    7                    0                    1
                    5                    7                   -1                    0
                    4                    7                   -1                    0
                    3                    7                   -1                    0
                    4                    7                    1                    0
                   18                   14                    0                   -1
                    3                    7                   -1                    0
                    3                    6                    0                   -1
                   18                   13                    0                   -1
                    3                    5                    0                   -1
                   17                   13                   -1                    0
                    2                    5                   -1                    0
                    2                    6                    0                    1
                   18                   13                    1                    0
                   18                   14                    0                    1
                   19                   14                    1                    0
                   20                   14                    1                    0
                   20                   13                    0                   -1
                    1                    6                   -1                    0
                   20                   12                    0                   -1
                    1                    7                    0                    1
                    1                   12                    0                    0
                    1                    8                    0                    1
                    2                   12                    1                    0
                    1                   12                   -1                    0
                    1                    7                    0                   -1
                    2                   12                    1                    0
                   20                    7                    0                    0
                    1                    7                    0                    0
                    2                   13                    0                    1
                    1                   13                   -1                    0
                    2                    7                    1                    0
                    2                    8                    0                    1
                    1                   12                    0                   -1
                    2                   12                    1                    0
                    2                   11                    0                   -1
                    2                    7                    0                   -1
                    2                   10                    0                   -1
                    1                   10                   -1                    0
                    1                    9                    0                   -1
                    3                    7                    1                    0
                    4                    7                    1                    0
                    1                    8                    0                   -1
                   20                    8                    0                    0
                    4                    6                    0                   -1
                   20                    9                    0                    1
                    1                    9                    0                    0
                    4                    7                    0                    1
                    2                    9                    1                    0
                    3                    7                   -1                    0
                    2                    7                   -1                    0
                    1                    7                   -1                    0
                    3                    9                    1                    0
                    3                   10                    0                    1
                    3                   11                    0                    1
                    3                   10                    0                   -1
                    3                    9                    0                   -1
                    1                    6                    0                   -1
                    4                    9                    1                    0
                   20                    6                    0                    0
                    5                    9                    1                    0
                   20                    7                    0                    1
                   20                    6                    0                   -1
                    4                    9                   -1                    0
                    1                    6                    0                    0
                    4                   10                    0                    1
                    2                    6                    1                    0
                    4                    9                    0                   -1
                    3                    9                   -1                    0
                    3                    8                    0                   -1
                    1                    6                   -1                    0
                    2                    6                    1                    0
                    1                    6                   -1                    0
                    4                    8                    1                    0
                    1                    5                    0                   -1
                   20                    5                    0                    0
                    3                    8                   -1                    0
                    4                    8                    1                    0
                    1                    5                    0                    0
                    1                    6                    0                    1
                    1                    5                    0                   -1
                    3                    8                   -1                    0
                    3                    9                    0                    1
                    2                    5                    1                    0
                    3                    5                    1                    0
                    2                    9                   -1                    0
                    3                    4                    0                   -1
                    2                   10                    0                    1
                    3                    5                    0                    1
                    2                    9                    0                   -1
                    3                    9                    1                    0
                    2                    9                   -1                    0
                    3                    4                    0                   -1
                    4                    4                    1                    0
                    3                    4                   -1                    0
                    2                   10                    0                    1
                    3                   10                    1                    0
                    3                    5                    0                    1
                    4                    5                    1                    0
                    3                    5                   -1                    0
                    3                    6                    0                    1
                    3                    9                    0                   -1
                    4                    6                    1                    0
                    4                    5                    0                   -1
                    4                    9                    1                    0
                    5                    9                    1                    0
                    5                   10                    0                    1
                    4                   10                   -1                    0
                    5                   10                    1                    0
                    5                    9                    0                   -1
                    4                    6                    0                    1
                    5                   10                    0                    1
                    4                   10                   -1                    0
                    3                    6                   -1                    0
                    3                    7                    0                    1
                    5                   10                    1                    0
                    3                    6                    0                   -1
                    5                    9                    0                   -1
                    3                    7                    0                    1
                    3                    6                    0                   -1
                    5                   10                    0                    1
                    3                    7                    0                    1
                    3                    8                    0                    1
                    4                    8                    1                    0
                    6                   10                    1                    0
                    7                   10                    1                    0
                    4                    9                    0                    1
                    4                    8                    0                   -1
                    5                    8                    1                    0
                    7                   11                    0                    1
                    7                   10                    0                   -1
                    7                    9                    0                   -1
                    6                    8                    1                    0
                    7                   10                    0                    1
                    6                   10                   -1                    0
                    7                    8                    1                    0
                    5                   10                   -1                    0
