                    1                    4                    1                    0
                    1                    5                    1                    0
                    1                    5                    0                    1
                    1                    6                    0                    1
                    1                    7                    1                    0
                    1                    8                    0                    1
                    1                   18                    1                    0
                    1                   18                    0                    1
                    2                    4                    1                    0
                    2                    5                    1                    0
                    2                    7                    0                    1
                    2                    8                    0                    1
                    2                    9                    1                    0
                    2                   12                    1                    0
                    2                   12                    0                    1
                    2                   13                    1                    0
                    2                   17                    1                    0
                    2                   17                    0                    1
                    3                    4                    0                    1
                    3                    9                    1                    0
                    3                   12                    0                    1
                    3                   13                    1                    0
                    3                   13                    0                    1
                    3                   14                    0                    1
                    3                   15                    0                    1
                    3                   16                    1                    0
                    3                   17                    1                    0
                    4                    9                    1                    0
                    4                   13                    0                    1
                    4                   14                    1                    0
                    4                   16                    1                    0
                    4                   17                    0                    1
                    4                   18                    0                    1
                    4                   19                    1                    0
                    5                    9                    1                    0
                    5                   14                    1                    0
                    5                   16                    0                    1
                    5                   17                    1                    0
                    5                   19                    0                    1
                    5                   20                    1                    0
                    6                    8                    1                    0
                    6                    8                    0                    1
                    6                   14                    1                    0
                    6                   17                    1                    0
                    6                   18                    1                    0
                    6                   18                    0                    1
                    6                   19                    0                    1
                    7                    3                    1                    0
                    7                    3                    0                    1
                    7                    4                    0                    1
                    7                    5                    1                    0
                    7                    7                    1                    0
                    7                    7                    0                    1
                    7                   14                    1                    0
                    7                   16                    1                    0
                    7                   16                    0                    1
                    7                   18                    0                    1
                    7                   19                    0                    1
                    7                   20                    1                    0
                    8                    1                    0                    1
                    8                    2                    1                    0
                    8                    3                    0                    1
                    8                    4                    1                    0
                    8                    5                    0                    1
                    8                    6                    0                    1
                    8                   14                    1                    0
                    8                   15                    1                    0
                    8                   15                    0                    1
                    8                   20                    0                    1
                    9                    2                    0                    1
                    9                    3                    0                    1
                    9                   14                    1                    0
                    9                   15                    1                    0
                    9                   16                    1                    0
                    9                   16                    0                    1
                    9                   17                    0                    1
                    9                   18                    0                    1
                    9                   19                    1                    0
                   10                    6                    1                    0
                   10                    6                    0                    1
                   10                    7                    1                    0
                   10                   12                    1                    0
                   10                   12                    0                    1
                   10                   13                    0                    1
                   10                   15                    0                    1
                   10                   18                    1                    0
                   10                   18                    0                    1
                   11                    4                    1                    0
                   11                    6                    0                    1
                   11                   11                    1                    0
                   11                   11                    0                    1
                   11                   18                    1                    0
                   12                    1                    0                    1
                   12                    2                    0                    1
                   12                    3                    1                    0
                   12                    4                    1                    0
                   12                   11                    0                    1
                   12                   15                    1                    0
                   12                   15                    0                    1
                   12                   16                    1                    0
                   12                   17                    1                    0
                   12                   17                    0                    1
                   12                   20                    1                    0
                   12                   20                    0                    1
                   13                    3                    0                    1
                   13                   12                    1                    0
                   13                   12                    0                    1
                   13                   13                    1                    0
                   13                   15                    0                    1
                   13                   17                    0                    1
                   13                   18                    1                    0
                   13                   20                    1                    0
                   14                   12                    0                    1
                   14                   18                    1                    0
                   14                   20                    1                    0
                   15                   18                    0                    1
                   15                   19                    1                    0
                   15                   20                    1                    0
                   16                    5                    1                    0
                   16                    5                    0                    1
                   16                    6                    1                    0
                   16                   18                    1                    0
                   16                   18                    0                    1
                   16                   20                    1                    0
                   17                    1                    1                    0
                   17                    5                    0                    1
                   17                    7                    0                    1
                   17                    8                    0                    1
                   17                    9                    0                    1
                   17                   10                    1                    0
                   17                   12                    1                    0
                   17                   12                    0                    1
                   17                   13                    1                    0
                   17                   18                    1                    0
                   17                   20                    0                    1
                   18                    1                    0                    1
                   18                    2                    1                    0
                   18                    5                    1                    0
                   18                    5                    0                    1
                   18                    6                    0                    1
                   18                    7                    1                    0
                   18                    8                    1                    0
                   18                    8                    0                    1
                   18                    9                    0                    1
                   18                   12                    0                    1
                   18                   13                    1                    0
                   18                   13                    0                    1
                   18                   14                    1                    0
                   18                   18                    1                    0
                   19                    2                    0                    1
                   19                    3                    0                    1
                   19                    4                    1                    0
                   19                    5                    1                    0
                   19                    7                    1                    0
                   19                    8                    1                    0
                   19                   11                    1                    0
                   19                   13                    0                    1
                   19                   18                    1                    0
                   20                    4                    1                    0
                   20                    5                    0                    1
                   20                    6                    0                    1
                   20                    8                    1                    0
                   20                    9                    1                    0
                   20                    9                    0                    1
                   20                   10                    0                    1
                   20                   18                    0                    1
                   20                   19                    1                    0
                   19                   11
                   17                    7
