                   13                   11                    0                   -1
                   19                    5                    0                   -1
                   12                   11                   -1                    0
                   19                    4                    0                   -1
                   12                   10                    0                   -1
                   13                   10                    1                    0
                   13                    9                    0                   -1
                   13                   10                    0                    1
                   20                    4                    1                    0
                   20                    3                    0                   -1
                   13                   11                    0                    1
                   13                   12                    0                    1
                   20                    2                    0                   -1
                   13                   13                    0                    1
                   20                    1                    0                   -1
                   13                   12                    0                   -1
                   12                   12                   -1                    0
                   19                    1                   -1                    0
                   19                    2                    0                    1
                   20                    2                    1                    0
                   11                   12                   -1                    0
                   11                   11                    0                   -1
                    1                    2                    0                    0
                   11                   12                    0                    1
                   10                   12                   -1                    0
                   20                    2                    0                    0
                   19                    2                   -1                    0
                   18                    2                   -1                    0
                   18                    1                    0                   -1
                   10                   13                    0                    1
                   11                   13                    1                    0
                   10                   13                   -1                    0
                   10                   14                    0                    1
                    9                   14                   -1                    0
                    9                   13                    0                   -1
                   18                   20                    0                    0
                    9                   12                    0                   -1
                   18                    1                    0                    0
                    9                   13                    0                    1
                    9                   14                    0                    1
                    8                   14                   -1                    0
                    9                   14                    1                    0
                   17                    1                   -1                    0
                    9                   15                    0                    1
                   18                    1                    1                    0
                   18                   20                    0                    0
                   18                   19                    0                   -1
                   17                   19                   -1                    0
                   18                   19                    1                    0
                   17                   19                   -1                    0
                   17                   20                    0                    1
                   17                   19                    0                   -1
                   17                   18                    0                   -1
                   10                   15                    1                    0
                    9                   15                   -1                    0
                   17                   17                    0                   -1
                   17                   18                    0                    1
                   17                   19                    0                    1
                   17                   18                    0                   -1
                   17                   19                    0                    1
                   18                   19                    1                    0
                    9                   14                    0                   -1
                   10                   14                    1                    0
                   17                   19                   -1                    0
                    9                   14                   -1                    0
                   16                   19                   -1                    0
                   16                   18                    0                   -1
                   15                   18                   -1                    0
                   16                   18                    1                    0
                    9                   13                    0                   -1
                   10                   13                    1                    0
                   16                   19                    0                    1
                   11                   13                    1                    0
                   11                   14                    0                    1
                   16                   20                    0                    1
                   11                   13                    0                   -1
                   11                   12                    0                   -1
                   10                   12                   -1                    0
                   10                   13                    0                    1
                   16                    1                    0                    0
                   10                   14                    0                    1
                    9                   14                   -1                    0
                    9                   15                    0                    1
                    9                   16                    0                    1
                   17                    1                    1                    0
                   10                   16                    1                    0
                   10                   15                    0                   -1
                   11                   15                    1                    0
                   18                    1                    1                    0
                   18                   20                    0                    0
                   18                   19                    0                   -1
                   18                   18                    0                   -1
                   12                   15                    1                    0
                   18                   17                    0                   -1
                   18                   16                    0                   -1
                   18                   17                    0                    1
                   19                   17                    1                    0
                   12                   14                    0                   -1
                   19                   18                    0                    1
                   13                   14                    1                    0
                   18                   18                   -1                    0
                   14                   14                    1                    0
                   13                   14                   -1                    0
                   19                   18                    1                    0
                   19                   19                    0                    1
                   13                   13                    0                   -1
                   18                   19                   -1                    0
                   18                   18                    0                   -1
                   14                   13                    1                    0
                   19                   18                    1                    0
                   15                   13                    1                    0
                   19                   19                    0                    1
                   19                   20                    0                    1
                   18                   20                   -1                    0
                   18                    1                    0                    0
                   18                   20                    0                    0
                   15                   14                    0                    1
                   14                   14                   -1                    0
                   14                   15                    0                    1
                   19                   20                    1                    0
                   19                   19                    0                   -1
                   19                   20                    0                    1
                   13                   15                   -1                    0
                   13                   16                    0                    1
                   19                    1                    0                    0
                   13                   15                    0                   -1
                   14                   15                    1                    0
                   14                   14                    0                   -1
                   13                   14                   -1                    0
                   19                   20                    0                    0
                   19                   19                    0                   -1
                   19                   18                    0                   -1
                   18                   18                   -1                    0
                   18                   19                    0                    1
                   14                   14                    1                    0
                   18                   18                    0                   -1
                   17                   18                   -1                    0
                   13                   14                   -1                    0
                   12                   14                   -1                    0
                   17                   19                    0                    1
                   17                   18                    0                   -1
                   17                   17                    0                   -1
                   18                   17                    1                    0
                   19                   17                    1                    0
                   11                   14                   -1                    0
                   10                   14                   -1                    0
                   10                   15                    0                    1
                   11                   15                    1                    0
                   11                   16                    0                    1
                   11                   17                    0                    1
                   20                   17                    1                    0
                   20                   18                    0                    1
                   20                   17                    0                   -1
                   19                   17                   -1                    0
                   11                   18                    0                    1
                   12                   18                    1                    0
                   12                   17                    0                   -1
                   11                   17                   -1                    0
                   20                   17                    1                    0
                   11                   18                    0                    1
                   12                   18                    1                    0
                    1                   17                    0                    0
                    2                   17                    1                    0
                   13                   18                    1                    0
                    1                   17                   -1                    0
                   13                   17                    0                   -1
                   20                   17                    0                    0
                   20                   16                    0                   -1
                   13                   16                    0                   -1
                   13                   17                    0                    1
                   20                   17                    0                    1
                   19                   17                   -1                    0
                   20                   17                    1                    0
                   14                   17                    1                    0
                   20                   18                    0                    1
                   19                   18                   -1                    0
