                    9                   11                   -1                    0
                   13                    9                    1                    0
                   10                   11                    1                    0
                   11                   11                    1                    0
                   14                    9                    1                    0
                   11                   10                    0                   -1
                   11                    9                    0                   -1
                   13                    9                   -1                    0
                   11                   10                    0                    1
                   10                   10                   -1                    0
                   13                   10                    0                    1
                   11                   10                    1                    0
                   14                   10                    1                    0
                   12                   10                    1                    0
                   12                   11                    0                    1
                   15                   10                    1                    0
                   14                   10                   -1                    0
                   11                   11                   -1                    0
                   15                   10                    1                    0
                   12                   11                    1                    0
                   11                   11                   -1                    0
                   10                   11                   -1                    0
                   14                   10                   -1                    0
                   13                   10                   -1                    0
                    9                   11                   -1                    0
                   13                   11                    0                    1
                   10                   11                    1                    0
                    9                   11                   -1                    0
                    9                   10                    0                   -1
                   14                   11                    1                    0
                   13                   11                   -1                    0
                   12                   11                   -1                    0
                   12                   10                    0                   -1
                    8                   10                   -1                    0
                    9                   10                    1                    0
                    9                    9                    0                   -1
                    9                   10                    0                    1
                   12                    9                    0                   -1
                   12                    8                    0                   -1
                   11                    8                   -1                    0
                   10                    8                   -1                    0
                    8                   10                   -1                    0
                    8                    9                    0                   -1
                    7                    9                   -1                    0
                   11                    8                    1                    0
                    7                   10                    0                    1
                   12                    8                    1                    0
                    7                   11                    0                    1
                    6                   11                   -1                    0
                   13                    8                    1                    0
                    5                   11                   -1                    0
                   13                    9                    0                    1
                   14                    9                    1                    0
                    5                   12                    0                    1
                   14                   10                    0                    1
                   14                   11                    0                    1
                    5                   13                    0                    1
                    5                   14                    0                    1
                    5                   15                    0                    1
                   14                   12                    0                    1
                   15                   12                    1                    0
                   15                   13                    0                    1
                   15                   12                    0                   -1
                   14                   12                   -1                    0
                    5                   14                    0                   -1
                    5                   13                    0                   -1
                    5                   14                    0                    1
                    5                   13                    0                   -1
                    4                   13                   -1                    0
                   13                   12                   -1                    0
                   14                   12                    1                    0
                    4                   14                    0                    1
                    4                   13                    0                   -1
                   13                   12                   -1                    0
                   14                   12                    1                    0
                   14                   13                    0                    1
                    5                   13                    1                    0
                   14                   12                    0                   -1
                    5                   14                    0                    1
                   14                   13                    0                    1
                   15                   13                    1                    0
                   14                   13                   -1                    0
                    5                   15                    0                    1
                   13                   13                   -1                    0
                   12                   13                   -1                    0
                   13                   13                    1                    0
                    5                   16                    0                    1
                   14                   13                    1                    0
                    5                   15                    0                   -1
                   14                   12                    0                   -1
                    6                   15                    1                    0
                   14                   13                    0                    1
                    6                   14                    0                   -1
                    5                   14                   -1                    0
                   13                   13                   -1                    0
                   12                   13                   -1                    0
                    5                   15                    0                    1
                    6                   15                    1                    0
                    5                   15                   -1                    0
                   12                   12                    0                   -1
                    4                   15                   -1                    0
                    4                   16                    0                    1
                   12                   11                    0                   -1
                    3                   16                   -1                    0
                    4                   16                    1                    0
                   11                   11                   -1                    0
                   10                   11                   -1                    0
                    4                   17                    0                    1
                    9                   11                   -1                    0
                    9                   12                    0                    1
                    8                   12                   -1                    0
                    4                   16                    0                   -1
                    4                   17                    0                    1
                    9                   12                    1                    0
                    9                   11                    0                   -1
                    4                   16                    0                   -1
                    8                   11                   -1                    0
                    8                   12                    0                    1
                    8                   11                    0                   -1
                    8                   10                    0                   -1
                    8                   11                    0                    1
                    4                   17                    0                    1
                    4                   16                    0                   -1
                    4                   15                    0                   -1
                    3                   15                   -1                    0
                    8                   12                    0                    1
                    2                   15                   -1                    0
                    3                   15                    1                    0
                    7                   12                   -1                    0
                    3                   14                    0                   -1
                    3                   15                    0                    1
                    3                   16                    0                    1
                    3                   15                    0                   -1
                    7                   11                    0                   -1
                    4                   15                    1                    0
                    4                   14                    0                   -1
                    8                   11                    1                    0
                    5                   14                    1                    0
                    9                   11                    1                    0
                    5                   15                    0                    1
                    9                   12                    0                    1
                    4                   15                   -1                    0
                    8                   12                   -1                    0
                    8                   13                    0                    1
                    5                   15                    1                    0
                    7                   13                   -1                    0
                    7                   12                    0                   -1
                    4                   15                   -1                    0
                    4                   14                    0                   -1
                    3                   14                   -1                    0
                    4                   14                    1                    0
                    4                   15                    0                    1
                    4                   16                    0                    1
                    4                   15                    0                   -1
                    7                   13                    0                    1
                    7                   12                    0                   -1
                    7                   11                    0                   -1
