                    3                    1                    1                    0
                    3                    1                    0                    1
                    3                    2                    1                    0
                    4                    1                    0                    1
                   13                   15                    1                    0
                   13                   15                    0                    1
                   13                   16                    0                    1
                   18                    9                    1                    0
                   18                    9                    0                    1
                   18                   10                    1                    0
                   19                    9                    0                    1
                    9                   10
                   14                   15
