                    5                   18                   -1                    0
                    6                   18                    1                    0
                    7                   18                    1                    0
                    7                    1                    0                   -1
                    7                    2                    0                    1
                    6                    2                   -1                    0
                    6                   18                   -1                    0
                    6                    1                    0                   -1
                    6                    2                    0                    1
                    5                   18                   -1                    0
                    6                   18                    1                    0
                    6                   19                    0                    1
                    6                    3                    0                    1
                    6                    2                    0                   -1
                    6                    1                    0                   -1
                    6                   18                    0                   -1
                    7                   18                    1                    0
                    5                    1                   -1                    0
                    4                    1                   -1                    0
                    8                   18                    1                    0
                    5                    1                    1                    0
                    6                    1                    1                    0
                    7                   18                   -1                    0
                    6                   18                   -1                    0
                    6                    2                    0                    1
                    7                    2                    1                    0
                    6                   19                    0                    1
                    6                   20                    0                    1
                    6                   19                    0                   -1
                    7                    3                    0                    1
                    7                    2                    0                   -1
                    7                   19                    1                    0
                    6                   19                   -1                    0
                    8                    2                    1                    0
                    7                    2                   -1                    0
                    6                   18                    0                   -1
                    7                    1                    0                   -1
                    5                   18                   -1                    0
                    4                   18                   -1                    0
                    6                    1                   -1                    0
                    6                    2                    0                    1
                    4                   19                    0                    1
                    4                   18                    0                   -1
                    6                    1                    0                   -1
                    7                    1                    1                    0
                    4                   17                    0                   -1
                    7                    2                    0                    1
                    4                   18                    0                    1
                    5                   18                    1                    0
                    6                   18                    1                    0
                    5                   18                   -1                    0
                    6                   18                    1                    0
                    7                    3                    0                    1
                    6                   19                    0                    1
                    7                    4                    0                    1
                    6                   18                    0                   -1
                    7                    5                    0                    1
                    7                    4                    0                   -1
                    6                   19                    0                    1
                    5                   19                   -1                    0
                    5                   18                    0                   -1
                    4                   18                   -1                    0
                    4                   19                    0                    1
                    4                   18                    0                   -1
                    6                    4                   -1                    0
                    6                    3                    0                   -1
                    4                   17                    0                   -1
                    4                   18                    0                    1
                    6                    4                    0                    1
                    5                   18                    1                    0
                    5                   19                    0                    1
                    7                    4                    1                    0
                    6                   19                    1                    0
                    7                    3                    0                   -1
                    7                   19                    1                    0
                    6                   19                   -1                    0
                    5                   19                   -1                    0
                    7                    2                    0                   -1
