                   18                   15                    0                   -1
                   18                   16                    0                    1
                   18                   17                    0                    1
                   18                   16                    0                   -1
                   13                    4                    0                   -1
                   13                    5                    0                    1
                   18                   15                    0                   -1
                   18                   16                    0                    1
                   14                    5                    1                    0
                   18                   17                    0                    1
                   17                   17                   -1                    0
                   18                   17                    1                    0
                   19                   17                    1                    0
                   20                   17                    1                    0
                   19                   17                   -1                    0
                   13                    5                   -1                    0
                   18                   17                   -1                    0
                   14                    5                    1                    0
                   18                   16                    0                   -1
                   13                    5                   -1                    0
                   18                   17                    0                    1
                   13                    4                    0                   -1
                   13                    5                    0                    1
                   18                   16                    0                   -1
                   13                    6                    0                    1
                   13                    5                    0                   -1
                   18                   17                    0                    1
                   18                   16                    0                   -1
                   18                   17                    0                    1
                   19                   17                    1                    0
                   18                   17                   -1                    0
                   19                   17                    1                    0
                   18                   17                   -1                    0
                   17                   17                   -1                    0
                   18                   17                    1                    0
                   13                    4                    0                   -1
                   18                   16                    0                   -1
                   13                    5                    0                    1
                   13                    4                    0                   -1
                   18                   17                    0                    1
                   18                   16                    0                   -1
                   18                   17                    0                    1
                   13                    5                    0                    1
                   18                   16                    0                   -1
                   19                   16                    1                    0
                   18                   16                   -1                    0
                   18                   15                    0                   -1
                   17                   15                   -1                    0
                   13                    6                    0                    1
                   18                   15                    1                    0
                   19                   15                    1                    0
                   19                   16                    0                    1
                   13                    5                    0                   -1
                   19                   15                    0                   -1
                   13                    6                    0                    1
                   19                   14                    0                   -1
                   19                   15                    0                    1
                   19                   14                    0                   -1
                   19                   15                    0                    1
                   19                   16                    0                    1
                   19                   15                    0                   -1
                   20                   15                    1                    0
                   13                    5                    0                   -1
                   19                   15                   -1                    0
                   18                   15                   -1                    0
                   18                   16                    0                    1
                   13                    6                    0                    1
                   18                   17                    0                    1
                   12                    6                   -1                    0
                   13                    6                    1                    0
                   18                   16                    0                   -1
                   13                    7                    0                    1
                   13                    6                    0                   -1
