                    1                   19                    0                    0
                   20                   19                    0                    0
                   20                   20                    0                    1
                   20                   19                    0                   -1
                   20                   18                    0                   -1
                   20                   17                    0                   -1
                   11                   12                    1                    0
                   20                   18                    0                    1
                   20                   19                    0                    1
                   10                   12                   -1                    0
                   19                   19                   -1                    0
                   18                   19                   -1                    0
                   18                   18                    0                   -1
                   18                   19                    0                    1
                   10                   13                    0                    1
                   19                   19                    1                    0
                   20                   19                    1                    0
                   10                   12                    0                   -1
                    1                   19                    0                    0
                    9                   12                   -1                    0
                    1                   20                    0                    1
                    2                   20                    1                    0
                    3                   20                    1                    0
                   10                   12                    1                    0
                    2                   20                   -1                    0
                   10                   13                    0                    1
                    3                   20                    1                    0
                    3                    1                    0                    0
                   10                   14                    0                    1
                    9                   14                   -1                    0
                    8                   14                   -1                    0
                    8                   13                    0                   -1
                    3                   20                    0                    0
                    9                   13                    1                    0
                    3                    1                    0                    0
                    3                   20                    0                    0
                    2                   20                   -1                    0
                    1                   20                   -1                    0
                   20                   20                    0                    0
                   20                   19                    0                   -1
                   20                   20                    0                    1
                    1                   20                    0                    0
                    9                   14                    0                    1
                   20                   20                    0                    0
                    9                   13                    0                   -1
                   20                    1                    0                    0
                    9                   12                    0                   -1
                    1                    1                    0                    0
                    9                   11                    0                   -1
                    9                   12                    0                    1
                    9                   13                    0                    1
                   20                    1                    0                    0
                    1                    1                    0                    0
                    1                   20                    0                    0
                    1                   19                    0                   -1
                   20                   19                    0                    0
                   20                   20                    0                    1
                    9                   14                    0                    1
                    1                   20                    0                    0
                    8                   14                   -1                    0
                    7                   14                   -1                    0
                   20                   20                    0                    0
                   20                   19                    0                   -1
                    7                   13                    0                   -1
                    1                   19                    0                    0
                    2                   19                    1                    0
