                    1                    1                    1                    0
                    1                    2                    0                    1
                    1                    3                    0                    1
                    1                    4                    0                    1
                    1                    5                    1                    0
                    1                    6                    1                    0
                    1                    6                    0                    1
                    1                    7                    0                    1
                    1                    8                    0                    1
                    1                   10                    0                    1
                    1                   11                    0                    1
                    1                   13                    0                    1
                    1                   14                    0                    1
                    1                   16                    1                    0
                    1                   16                    0                    1
                    1                   17                    0                    1
                    1                   18                    1                    0
                    1                   18                    0                    1
                    1                   20                    1                    0
                    1                   20                    0                    1
                    2                    5                    0                    1
                    2                    9                    1                    0
                    2                    9                    0                    1
                    2                   10                    1                    0
                    2                   16                    0                    1
                    2                   17                    1                    0
                    2                   18                    1                    0
                    2                   20                    0                    1
                    3                    1                    0                    1
                    3                    2                    1                    0
                    3                    3                    1                    0
                    3                    3                    0                    1
                    3                    4                    1                    0
                    3                    5                    1                    0
                    3                    5                    0                    1
                    3                    6                    1                    0
                    3                    7                    1                    0
                    3                    7                    0                    1
                    3                    8                    1                    0
                    3                    9                    1                    0
                    3                   10                    0                    1
                    3                   11                    0                    1
                    3                   12                    1                    0
                    3                   16                    1                    0
                    3                   16                    0                    1
                    3                   18                    0                    1
                    3                   19                    1                    0
                    3                   20                    1                    0
                    3                   20                    0                    1
                    4                    2                    1                    0
                    4                    3                    0                    1
                    4                    5                    0                    1
                    4                    6                    1                    0
                    4                    6                    0                    1
                    4                    8                    1                    0
                    4                    9                    0                    1
                    4                   10                    0                    1
                    4                   11                    1                    0
                    4                   12                    0                    1
                    4                   13                    1                    0
                    4                   16                    1                    0
                    4                   18                    1                    0
                    4                   18                    0                    1
                    4                   19                    1                    0
                    4                   19                    0                    1
                    5                    1                    1                    0
                    5                    1                    0                    1
                    5                    2                    1                    0
                    5                    2                    0                    1
                    5                    3                    0                    1
                    5                    4                    1                    0
                    5                    5                    1                    0
                    5                    5                    0                    1
                    5                    6                    1                    0
                    5                    6                    0                    1
                    5                    7                    1                    0
                    5                    8                    0                    1
                    5                    9                    0                    1
                    5                   10                    0                    1
                    5                   12                    1                    0
                    5                   12                    0                    1
                    5                   13                    1                    0
                    5                   13                    0                    1
                    5                   14                    0                    1
                    5                   15                    0                    1
                    5                   16                    1                    0
                    5                   16                    0                    1
                    5                   17                    1                    0
                    5                   18                    1                    0
                    5                   19                    0                    1
                    5                   20                    1                    0
                    6                    1                    0                    1
                    6                    4                    0                    1
                    6                    5                    1                    0
                    6                    5                    0                    1
                    6                    7                    0                    1
                    6                    8                    0                    1
                    6                    9                    0                    1
                    6                   10                    1                    0
                    6                   11                    1                    0
                    6                   11                    0                    1
                    6                   13                    0                    1
                    6                   14                    0                    1
                    6                   15                    0                    1
                    6                   16                    1                    0
                    6                   16                    0                    1
                    6                   17                    1                    0
                    6                   17                    0                    1
                    6                   19                    1                    0
                    6                   19                    0                    1
                    7                    1                    1                    0
                    7                    2                    1                    0
                    7                    2                    0                    1
                    7                    3                    1                    0
                    7                    5                    1                    0
                    7                    8                    1                    0
                    7                    8                    0                    1
                    7                    9                    1                    0
                    7                   10                    1                    0
                    7                   11                    0                    1
                    7                   12                    0                    1
                    7                   13                    0                    1
                    7                   14                    1                    0
                    7                   15                    1                    0
                    7                   15                    0                    1
                    7                   17                    1                    0
                    7                   19                    1                    0
                    7                   20                    1                    0
                    7                   20                    0                    1
                    8                    2                    0                    1
                    8                    5                    1                    0
                    8                    6                    1                    0
                    8                    6                    0                    1
                    8                    7                    1                    0
                    8                    8                    0                    1
                    8                   10                    0                    1
                    8                   11                    0                    1
                    8                   12                    0                    1
                    8                   13                    0                    1
                    8                   15                    0                    1
                    8                   16                    1                    0
                    8                   17                    1                    0
                    8                   19                    0                    1
                    8                   20                    1                    0
                    8                   20                    0                    1
                    9                    2                    1                    0
                    9                    2                    0                    1
                    9                    3                    1                    0
                    9                    5                    0                    1
                    9                    6                    1                    0
                    9                    6                    0                    1
                    9                   13                    1                    0
                    9                   13                    0                    1
                    9                   14                    1                    0
                    9                   16                    1                    0
                    9                   17                    1                    0
                    9                   20                    1                    0
                   10                    1                    1                    0
                   10                    1                    0                    1
                   10                    2                    1                    0
                   10                    2                    0                    1
                   10                    6                    1                    0
                   10                    8                    1                    0
                   10                    8                    0                    1
                   10                    9                    0                    1
                   10                   10                    1                    0
                   10                   13                    1                    0
                   10                   14                    1                    0
                   10                   15                    1                    0
                   10                   15                    0                    1
                   10                   17                    1                    0
                   10                   19                    1                    0
                   10                   19                    0                    1
                   11                    2                    0                    1
                   11                    3                    1                    0
                   11                    4                    1                    0
                   11                    4                    0                    1
                   11                    5                    1                    0
                   11                    6                    1                    0
                   11                    6                    0                    1
                   11                    7                    0                    1
                   11                    8                    1                    0
                   11                    8                    0                    1
                   11                    9                    1                    0
                   11                   10                    1                    0
                   11                   12                    1                    0
                   11                   12                    0                    1
                   11                   14                    1                    0
                   11                   15                    1                    0
                   11                   17                    0                    1
                   11                   18                    0                    1
                   11                   19                    1                    0
                   11                   19                    0                    1
                   11                   20                    0                    1
                   12                    3                    1                    0
                   12                    4                    1                    0
                   12                    5                    0                    1
                   12                    6                    1                    0
                   12                    6                    0                    1
                   12                    7                    0                    1
                   12                    9                    1                    0
                   12                   10                    1                    0
                   12                   11                    1                    0
                   12                   11                    0                    1
                   12                   13                    1                    0
                   12                   13                    0                    1
                   12                   15                    1                    0
                   12                   19                    1                    0
                   13                    1                    0                    1
                   13                    2                    1                    0
                   13                    3                    1                    0
                   13                    4                    0                    1
                   13                    5                    1                    0
                   13                    6                    0                    1
                   13                    7                    1                    0
                   13                    9                    0                    1
                   13                   11                    0                    1
                   13                   12                    1                    0
                   13                   13                    1                    0
                   13                   15                    1                    0
                   13                   17                    1                    0
                   13                   17                    0                    1
                   13                   18                    0                    1
                   13                   19                    1                    0
                   13                   19                    0                    1
                   13                   20                    0                    1
                   14                    1                    0                    1
                   14                    2                    1                    0
                   14                    2                    0                    1
                   14                    5                    0                    1
                   14                    6                    0                    1
                   14                   10                    1                    0
                   14                   10                    0                    1
                   14                   11                    1                    0
                   14                   12                    1                    0
                   14                   13                    0                    1
                   14                   14                    0                    1
                   14                   16                    1                    0
                   14                   17                    0                    1
                   14                   18                    1                    0
                   14                   20                    1                    0
                   14                   20                    0                    1
                   15                    1                    1                    0
                   15                    2                    0                    1
                   15                    3                    0                    1
                   15                    4                    1                    0
                   15                    5                    1                    0
                   15                    5                    0                    1
                   15                    6                    0                    1
                   15                    7                    0                    1
                   15                    8                    0                    1
                   15                    9                    1                    0
                   15                   10                    1                    0
                   15                   11                    0                    1
                   15                   16                    1                    0
                   15                   18                    0                    1
                   15                   19                    0                    1
                   15                   20                    1                    0
                   15                   20                    0                    1
                   16                    1                    0                    1
                   16                    2                    0                    1
                   16                    3                    0                    1
                   16                    5                    0                    1
                   16                    6                    0                    1
                   16                    7                    0                    1
                   16                    8                    1                    0
                   16                    9                    1                    0
                   16                   10                    1                    0
                   16                   11                    1                    0
                   16                   11                    0                    1
                   16                   12                    0                    1
                   16                   13                    1                    0
                   16                   14                    1                    0
                   16                   16                    0                    1
                   16                   17                    0                    1
                   16                   18                    0                    1
                   16                   19                    1                    0
                   16                   20                    1                    0
                   17                    3                    1                    0
                   17                    3                    0                    1
                   17                    4                    1                    0
                   17                    6                    1                    0
                   17                    6                    0                    1
                   17                    7                    0                    1
                   17                    8                    1                    0
                   17                    8                    0                    1
                   17                    9                    1                    0
                   17                    9                    0                    1
                   17                   11                    0                    1
                   17                   12                    0                    1
                   17                   13                    1                    0
                   17                   13                    0                    1
                   17                   16                    1                    0
                   17                   16                    0                    1
                   17                   17                    0                    1
                   17                   18                    1                    0
                   17                   19                    0                    1
                   18                    1                    1                    0
                   18                    1                    0                    1
                   18                    2                    1                    0
                   18                    3                    1                    0
                   18                    4                    0                    1
                   18                    5                    1                    0
                   18                    6                    1                    0
                   18                    7                    1                    0
                   18                    7                    0                    1
                   18                    9                    0                    1
                   18                   10                    0                    1
                   18                   11                    1                    0
                   18                   13                    1                    0
                   18                   15                    1                    0
                   18                   15                    0                    1
                   18                   18                    0                    1
                   18                   19                    0                    1
                   18                   20                    1                    0
                   19                    1                    1                    0
                   19                    2                    0                    1
                   19                    5                    0                    1
                   19                    7                    1                    0
                   19                    8                    1                    0
                   19                    8                    0                    1
                   19                    9                    1                    0
                   19                   11                    1                    0
                   19                   13                    0                    1
                   19                   14                    0                    1
                   19                   18                    1                    0
                   19                   18                    0                    1
                   19                   19                    0                    1
                   20                    2                    1                    0
                   20                    2                    0                    1
                   20                    3                    0                    1
                   20                    4                    0                    1
                   20                    5                    0                    1
                   20                    6                    0                    1
                   20                    8                    0                    1
                   20                    9                    1                    0
                   20                    9                    0                    1
                   20                   10                    1                    0
                   20                   11                    0                    1
                   20                   12                    1                    0
                   20                   13                    1                    0
                   20                   13                    0                    1
                   20                   14                    0                    1
                   20                   15                    1                    0
                   20                   18                    1                    0
                   20                   19                    1                    0
                   20                   19                    0                    1
                   20                   20                    0                    1
                   11                    6
                   14                   19
