                    2                   14                    1                    0
                    2                   14                    0                    1
                    2                   15                    1                    0
                    3                   14                    0                    1
                   10                    1                    1                    0
                   10                   17                    1                    0
                   10                   17                    0                    1
                   10                   18                    1                    0
                   10                   20                    1                    0
                   10                   20                    0                    1
                   11                   17                    0                    1
                   11                   20                    0                    1
                   10                   17
                    9                   11
