                    6                    7                   -1                    0
                    1                   12                   -1                    0
                    7                    7                    1                    0
                    7                    6                    0                   -1
                    7                    7                    0                    1
                    6                    7                   -1                    0
                    6                    6                    0                   -1
                    1                   11                    0                   -1
                   20                   11                    0                    0
                    1                   11                    0                    0
                   20                   11                    0                    0
                    7                    6                    1                    0
                   20                   10                    0                   -1
                   19                   10                   -1                    0
                    8                    6                    1                    0
                    8                    7                    0                    1
                    8                    6                    0                   -1
                    7                    6                   -1                    0
                   19                    9                    0                   -1
                    7                    5                    0                   -1
                    7                    4                    0                   -1
                    7                    3                    0                   -1
                    6                    3                   -1                    0
                   19                   10                    0                    1
                   19                    9                    0                   -1
                    7                    3                    1                    0
                    6                    3                   -1                    0
                   19                    8                    0                   -1
                   19                    9                    0                    1
                    6                    2                    0                   -1
                   18                    9                   -1                    0
                   18                   10                    0                    1
                   18                    9                    0                   -1
                    6                    1                    0                   -1
                   18                   10                    0                    1
                   19                   10                    1                    0
                    7                    1                    1                    0
                   20                   10                    1                    0
                    7                   20                    0                    0
                    7                   19                    0                   -1
                   19                   10                   -1                    0
                   19                   11                    0                    1
                   19                   12                    0                    1
                    6                   19                   -1                    0
                    6                   20                    0                    1
                    5                   20                   -1                    0
                   19                   11                    0                   -1
                    6                   20                    1                    0
                    6                   19                    0                   -1
                   18                   11                   -1                    0
                    5                   19                   -1                    0
                    6                   19                    1                    0
                   17                   11                   -1                    0
                   16                   11                   -1                    0
                   16                   10                    0                   -1
                    7                   19                    1                    0
                   16                    9                    0                   -1
                    7                   18                    0                   -1
                   15                    9                   -1                    0
                    7                   19                    0                    1
                   16                    9                    1                    0
                    8                   19                    1                    0
                   16                    8                    0                   -1
                   16                    7                    0                   -1
                    7                   19                   -1                    0
                   16                    8                    0                    1
                    7                   18                    0                   -1
                   15                    8                   -1                    0
                    8                   18                    1                    0
                   14                    8                   -1                    0
                    8                   19                    0                    1
                    8                   18                    0                   -1
                    9                   18                    1                    0
                   10                   18                    1                    0
                   13                    8                   -1                    0
                   13                    9                    0                    1
                   14                    9                    1                    0
                    9                   18                   -1                    0
                    9                   17                    0                   -1
                   13                    9                   -1                    0
                   14                    9                    1                    0
                   10                   17                    1                    0
                   14                    8                    0                   -1
                   15                    8                    1                    0
                   10                   16                    0                   -1
                   15                    9                    0                    1
                   15                    8                    0                   -1
                   10                   17                    0                    1
                   15                    9                    0                    1
                   15                   10                    0                    1
                   11                   17                    1                    0
                   14                   10                   -1                    0
                   15                   10                    1                    0
                   16                   10                    1                    0
                   16                   11                    0                    1
                   17                   11                    1                    0
                   11                   16                    0                   -1
                   17                   10                    0                   -1
                   17                    9                    0                   -1
                   12                   16                    1                    0
                   12                   17                    0                    1
                   17                    8                    0                   -1
                   13                   17                    1                    0
                   16                    8                   -1                    0
                   17                    8                    1                    0
                   13                   16                    0                   -1
                   18                    8                    1                    0
                   13                   17                    0                    1
                   18                    9                    0                    1
                   14                   17                    1                    0
                   18                   10                    0                    1
                   14                   16                    0                   -1
                   18                   11                    0                    1
                   15                   16                    1                    0
                   15                   17                    0                    1
                   15                   18                    0                    1
                   15                   17                    0                   -1
                   17                   11                   -1                    0
                   17                   10                    0                   -1
                   15                   16                    0                   -1
                   17                   11                    0                    1
                   17                   10                    0                   -1
                   17                    9                    0                   -1
                   16                   16                    1                    0
                   17                   16                    1                    0
                   17                    8                    0                   -1
                   18                   16                    1                    0
                   17                    7                    0                   -1
                   16                    7                   -1                    0
                   16                    8                    0                    1
                   18                   17                    0                    1
                   15                    8                   -1                    0
                   15                    9                    0                    1
                   17                   17                   -1                    0
                   18                   17                    1                    0
                   18                   18                    0                    1
                   16                    9                    1                    0
                   15                    9                   -1                    0
                   18                   17                    0                   -1
                   18                   16                    0                   -1
                   15                    8                    0                   -1
                   15                    9                    0                    1
                   19                   16                    1                    0
                   19                   17                    0                    1
                   15                    8                    0                   -1
                   16                    8                    1                    0
                   19                   16                    0                   -1
                   17                    8                    1                    0
                   16                    8                   -1                    0
                   19                   15                    0                   -1
                   20                   15                    1                    0
                   16                    9                    0                    1
                   20                   14                    0                   -1
                   19                   14                   -1                    0
                   15                    9                   -1                    0
                   15                    8                    0                   -1
                   19                   13                    0                   -1
                   16                    8                    1                    0
                   20                   13                    1                    0
                   16                    7                    0                   -1
                   19                   13                   -1                    0
                   20                   13                    1                    0
                   20                   14                    0                    1
                   16                    8                    0                    1
                   19                   14                   -1                    0
                   19                   13                    0                   -1
                   18                   13                   -1                    0
                   18                   12                    0                   -1
                   16                    9                    0                    1
                   17                    9                    1                    0
                   18                   13                    0                    1
                   18                   12                    0                   -1
                   17                   12                   -1                    0
                   16                   12                   -1                    0
                   16                   13                    0                    1
                   16                   14                    0                    1
                   18                    9                    1                    0
                   19                    9                    1                    0
                   18                    9                   -1                    0
                   18                    8                    0                   -1
                   18                    9                    0                    1
                   15                   14                   -1                    0
                   19                    9                    1                    0
                   19                    8                    0                   -1
                   15                   13                    0                   -1
                   14                   13                   -1                    0
                   19                    7                    0                   -1
                   18                    7                   -1                    0
                   18                    6                    0                   -1
                   19                    6                    1                    0
                   19                    5                    0                   -1
                   19                    6                    0                    1
                   18                    6                   -1                    0
                   14                   12                    0                   -1
                   14                   13                    0                    1
                   13                   13                   -1                    0
                   13                   14                    0                    1
                   12                   14                   -1                    0
                   12                   15                    0                    1
                   17                    6                   -1                    0
