                   11                    4                    1                    0
                   11                    3                    0                   -1
                   11                    4                    0                    1
                   11                    3                    0                   -1
                   12                    3                    1                    0
                   13                    3                    1                    0
                   12                    3                   -1                    0
                   12                    2                    0                   -1
                   18                    3                    0                    1
                   18                    2                    0                   -1
                   13                    2                    1                    0
                   19                    2                    1                    0
                   12                    2                   -1                    0
                   20                    2                    1                    0
                   19                    2                   -1                    0
                   18                    2                   -1                    0
                   12                    3                    0                    1
                   11                    3                   -1                    0
                   11                    4                    0                    1
                   10                    4                   -1                    0
                   10                    5                    0                    1
                   18                    3                    0                    1
                   10                    4                    0                   -1
                    9                    4                   -1                    0
                   10                    4                    1                    0
                   11                    4                    1                    0
                   11                    5                    0                    1
                   18                    2                    0                   -1
                   11                    4                    0                   -1
                   18                    3                    0                    1
                   19                    3                    1                    0
                   18                    3                   -1                    0
                   17                    3                   -1                    0
                   18                    3                    1                    0
                   19                    3                    1                    0
                   18                    3                   -1                    0
                   19                    3                    1                    0
                   20                    3                    1                    0
                   10                    4                   -1                    0
                   19                    3                   -1                    0
                    9                    4                   -1                    0
                   10                    4                    1                    0
                   20                    3                    1                    0
                   20                    2                    0                   -1
                   10                    5                    0                    1
                   20                    1                    0                   -1
                   10                    4                    0                   -1
                   20                    2                    0                    1
                   20                    3                    0                    1
                   19                    3                   -1                    0
                   10                    5                    0                    1
                   18                    3                   -1                    0
                   11                    5                    1                    0
                   18                    2                    0                   -1
                   10                    5                   -1                    0
                   19                    2                    1                    0
                   19                    1                    0                   -1
                   18                    1                   -1                    0
                   19                    1                    1                    0
                    9                    5                   -1                    0
                   19                    2                    0                    1
                   10                    5                    1                    0
                   19                    1                    0                   -1
                   10                    6                    0                    1
                   19                    2                    0                    1
                   10                    5                    0                   -1
                    9                    5                   -1                    0
                    9                    4                    0                   -1
                   10                    4                    1                    0
                   18                    2                   -1                    0
                    9                    4                   -1                    0
                    8                    4                   -1                    0
                    7                    4                   -1                    0
                    8                    4                    1                    0
                    8                    5                    0                    1
                    9                    5                    1                    0
                    8                    5                   -1                    0
                    8                    4                    0                   -1
                   18                    3                    0                    1
                   17                    3                   -1                    0
                    9                    4                    1                    0
                   10                    4                    1                    0
                   18                    3                    1                    0
                   10                    3                    0                   -1
                   18                    2                    0                   -1
                   10                    2                    0                   -1
