                    1                   11                    0                    1
                    2                    6                    1                    0
                    2                    6                    0                    1
                    2                    7                    1                    0
                    2                   12                    1                    0
                    2                   12                    0                    1
                    2                   13                    1                    0
                    2                   14                    1                    0
                    2                   14                    0                    1
                    2                   15                    0                    1
                    2                   16                    1                    0
                    3                    6                    0                    1
                    3                   12                    0                    1
                    3                   14                    1                    0
                    3                   16                    1                    0
                    4                   14                    1                    0
                    4                   16                    1                    0
                    5                   14                    0                    1
                    5                   15                    0                    1
                    7                   10                    1                    0
                    8                   10                    0                    1
                    9                   14                    1                    0
                   10                   14                    1                    0
                   11                   14                    0                    1
                   11                   15                    0                    1
                   11                   16                    1                    0
                   12                   16                    1                    0
                   13                   15                    1                    0
                   13                   15                    0                    1
                   14                   12                    0                    1
                   14                   13                    0                    1
                   14                   14                    0                    1
                   15                   13                    1                    0
                   15                   13                    0                    1
                   15                   14                    0                    1
                   15                   15                    1                    0
                   16                    1                    1                    0
                   16                    1                    0                    1
                   16                    2                    1                    0
                   16                   13                    0                    1
                   16                   14                    0                    1
                   17                    1                    0                    1
                   19                   13                    1                    0
                   19                   13                    0                    1
                   19                   14                    1                    0
                   20                   11                    1                    0
                   20                   11                    0                    1
                   20                   12                    1                    0
                   20                   13                    0                    1
                    8                   11
                    7                   10
