                    1                    3                    1                    0
                    1                    3                    0                    1
                    1                    4                    1                    0
                    1                    7                    1                    0
                    1                   10                    0                    1
                    1                   11                    1                    0
                    1                   12                    0                    1
                    1                   13                    1                    0
                    1                   13                    0                    1
                    1                   14                    1                    0
                    1                   15                    1                    0
                    1                   16                    1                    0
                    1                   18                    1                    0
                    1                   19                    1                    0
                    1                   20                    1                    0
                    1                   20                    0                    1
                    2                    1                    1                    0
                    2                    1                    0                    1
                    2                    2                    1                    0
                    2                    3                    0                    1
                    2                    7                    0                    1
                    2                    8                    0                    1
                    2                    9                    1                    0
                    2                   11                    0                    1
                    2                   12                    0                    1
                    2                   13                    0                    1
                    2                   15                    0                    1
                    2                   18                    1                    0
                    2                   19                    0                    1
                    3                    1                    0                    1
                    3                    3                    1                    0
                    3                    3                    0                    1
                    3                    4                    1                    0
                    3                    9                    0                    1
                    3                   10                    0                    1
                    3                   11                    1                    0
                    3                   18                    0                    1
                    3                   19                    0                    1
                    3                   20                    1                    0
                    4                    1                    0                    1
                    4                    2                    0                    1
                    4                    3                    1                    0
                    4                    3                    0                    1
                    4                   11                    1                    0
                    4                   19                    1                    0
                    4                   19                    0                    1
                    4                   20                    1                    0
                    4                   20                    0                    1
                    5                    1                    1                    0
                    5                    1                    0                    1
                    5                    2                    1                    0
                    5                    3                    0                    1
                    5                    4                    0                    1
                    5                    5                    0                    1
                    5                    6                    1                    0
                    5                   11                    0                    1
                    5                   12                    1                    0
                    5                   14                    1                    0
                    5                   14                    0                    1
                    5                   15                    1                    0
                    5                   19                    0                    1
                    6                    1                    0                    1
                    6                    3                    1                    0
                    6                    3                    0                    1
                    6                    4                    0                    1
                    6                    5                    0                    1
                    6                    6                    1                    0
                    6                    6                    0                    1
                    6                    7                    1                    0
                    6                   11                    1                    0
                    6                   11                    0                    1
                    6                   14                    1                    0
                    6                   15                    1                    0
                    6                   17                    1                    0
                    6                   17                    0                    1
                    6                   18                    0                    1
                    6                   19                    1                    0
                    7                    3                    0                    1
                    7                    4                    1                    0
                    7                    6                    1                    0
                    7                    7                    1                    0
                    7                   11                    0                    1
                    7                   12                    1                    0
                    7                   14                    0                    1
                    7                   17                    1                    0
                    7                   18                    1                    0
                    7                   18                    0                    1
                    8                    3                    1                    0
                    8                    3                    0                    1
                    8                    6                    0                    1
                    8                    8                    1                    0
                    8                    8                    0                    1
                    8                    9                    1                    0
                    8                   10                    1                    0
                    8                   10                    0                    1
                    8                   11                    0                    1
                    8                   16                    1                    0
                    8                   16                    0                    1
                    8                   18                    0                    1
                    8                   19                    1                    0
                    9                    3                    1                    0
                    9                    5                    1                    0
                    9                    5                    0                    1
                    9                    6                    1                    0
                    9                    8                    1                    0
                    9                    9                    1                    0
                    9                   10                    0                    1
                    9                   11                    1                    0
                    9                   13                    1                    0
                    9                   13                    0                    1
                    9                   14                    1                    0
                    9                   16                    1                    0
                    9                   19                    1                    0
                   10                    1                    1                    0
                   10                    3                    1                    0
                   10                    5                    1                    0
                   10                    6                    0                    1
                   10                    7                    0                    1
                   10                    9                    1                    0
                   10                   11                    0                    1
                   10                   12                    0                    1
                   10                   14                    0                    1
                   10                   15                    1                    0
                   10                   16                    1                    0
                   10                   19                    0                    1
                   10                   20                    0                    1
                   11                    3                    1                    0
                   11                    5                    0                    1
                   11                    6                    1                    0
                   11                    9                    0                    1
                   11                   10                    1                    0
                   11                   15                    0                    1
                   11                   20                    1                    0
                   11                   20                    0                    1
                   12                    1                    0                    1
                   12                    2                    0                    1
                   12                    6                    1                    0
                   12                    7                    1                    0
                   12                    7                    0                    1
                   12                    8                    0                    1
                   12                    9                    1                    0
                   12                   10                    1                    0
                   12                   14                    1                    0
                   12                   14                    0                    1
                   12                   15                    1                    0
                   12                   20                    0                    1
                   13                    6                    1                    0
                   13                    7                    0                    1
                   13                    8                    0                    1
                   13                   10                    1                    0
                   13                   14                    0                    1
                   13                   16                    1                    0
                   13                   16                    0                    1
                   13                   17                    1                    0
                   13                   19                    1                    0
                   13                   19                    0                    1
                   13                   20                    1                    0
                   14                    6                    1                    0
                   14                   10                    1                    0
                   14                   16                    0                    1
                   14                   19                    0                    1
                   15                    2                    1                    0
                   15                    2                    0                    1
                   15                    3                    0                    1
                   15                    5                    1                    0
                   15                    5                    0                    1
                   15                   10                    1                    0
                   15                   12                    1                    0
                   15                   12                    0                    1
                   15                   13                    0                    1
                   15                   14                    1                    0
                   15                   19                    1                    0
                   15                   19                    0                    1
                   15                   20                    1                    0
                   16                    2                    1                    0
                   16                    3                    1                    0
                   16                    3                    0                    1
                   16                    4                    0                    1
                   16                    5                    1                    0
                   16                    5                    0                    1
                   16                    6                    1                    0
                   16                   10                    1                    0
                   16                   11                    1                    0
                   16                   11                    0                    1
                   16                   14                    0                    1
                   16                   15                    0                    1
                   16                   16                    1                    0
                   16                   18                    1                    0
                   16                   18                    0                    1
                   16                   20                    1                    0
                   17                    2                    0                    1
                   17                    4                    1                    0
                   17                    4                    0                    1
                   17                    5                    1                    0
                   17                    5                    0                    1
                   17                   10                    1                    0
                   17                   11                    0                    1
                   17                   12                    0                    1
                   17                   13                    0                    1
                   17                   14                    1                    0
                   17                   16                    0                    1
                   17                   17                    1                    0
                   17                   18                    0                    1
                   17                   19                    0                    1
                   18                    4                    1                    0
                   18                    5                    0                    1
                   18                    6                    1                    0
                   18                    8                    1                    0
                   18                    8                    0                    1
                   18                    9                    1                    0
                   18                   10                    1                    0
                   18                   14                    1                    0
                   18                   17                    1                    0
                   19                    1                    0                    1
                   19                    2                    1                    0
                   19                    3                    1                    0
                   19                    3                    0                    1
                   19                    4                    1                    0
                   19                    6                    1                    0
                   19                    8                    0                    1
                   19                   10                    1                    0
                   19                   12                    1                    0
                   19                   12                    0                    1
                   19                   13                    1                    0
                   19                   14                    0                    1
                   19                   15                    1                    0
                   19                   17                    0                    1
                   19                   18                    0                    1
                   19                   19                    0                    1
                   19                   20                    0                    1
                   20                    1                    1                    0
                   20                    1                    0                    1
                   20                    3                    0                    1
                   20                    6                    0                    1
                   20                    7                    1                    0
                   20                   10                    1                    0
                   20                   12                    1                    0
                   20                   13                    1                    0
                   20                   15                    1                    0
                   20                   16                    1                    0
                   20                   16                    0                    1
                   20                   17                    0                    1
                   20                   18                    0                    1
                   20                   19                    1                    0
                   19                    4
                    1                   18
