                   15                   14                    0                   -1
                   15                   15                    0                    1
                   12                   11                    0                   -1
                   12                   12                    0                    1
                   13                   12                    1                    0
                   15                   16                    0                    1
                   12                   12                   -1                    0
                   15                   15                    0                   -1
                   12                   13                    0                    1
                   15                   16                    0                    1
                   11                   13                   -1                    0
                   11                   14                    0                    1
                   15                   15                    0                   -1
                   15                   14                    0                   -1
                   15                   15                    0                    1
                   11                   13                    0                   -1
                   15                   16                    0                    1
                   12                   13                    1                    0
                   12                   12                    0                   -1
                   12                   13                    0                    1
                   15                   15                    0                   -1
                   12                   12                    0                   -1
                   14                   15                   -1                    0
                   13                   12                    1                    0
                   12                   12                   -1                    0
                   14                   14                    0                   -1
                   13                   14                   -1                    0
                   14                   14                    1                    0
                   14                   13                    0                   -1
                   13                   13                   -1                    0
                   12                   11                    0                   -1
                   12                   13                   -1                    0
                   12                   10                    0                   -1
                   13                   13                    1                    0
                   12                   11                    0                    1
                   12                   13                   -1                    0
                   11                   13                   -1                    0
                   10                   13                   -1                    0
                   11                   13                    1                    0
                   12                   12                    0                    1
                   11                   12                   -1                    0
                   11                   13                    0                    1
                   18                   13                    1                    0
                   16                   13                   -1                    0
                   15                   13                   -1                    0
                   17                   13                   -1                    0
                   17                   14                    0                    1
                   15                   14                    0                    1
                   15                   13                    0                   -1
                   17                   13                    0                   -1
                   16                   13                   -1                    0
                   16                   12                    0                   -1
                   16                   13                    1                    0
                   16                   14                    0                    1
                   16                   13                    0                    1
                   16                   15                    0                    1
                   15                   15                   -1                    0
                   16                   14                    0                    1
                   15                   14                    0                   -1
                   16                   15                    0                    1
                   15                   15                   -1                    0
                   14                   15                   -1                    0
                   14                   14                    0                   -1
                   15                   15                    0                    1
                   14                   13                    0                   -1
                   14                   15                   -1                    0
                   14                   12                    0                   -1
                   15                   15                    1                    0
                   14                   13                    0                    1
                   14                   15                   -1                    0
                   15                   15                    1                    0
                   13                   13                   -1                    0
                   12                   13                   -1                    0
                   16                   15                    1                    0
                   12                   14                    0                    1
                   12                   13                    0                   -1
                   11                   13                   -1                    0
                   15                   15                   -1                    0
                   12                   13                    1                    0
                   11                   13                   -1                    0
                   14                   15                   -1                    0
                   14                   16                    0                    1
