                    1                    2                    1                    0
                    1                   12                    1                    0
                    1                   20                    1                    0
                    2                    1                    0                    1
                    2                    7                    1                    0
                    2                    7                    0                    1
                    2                    8                    1                    0
                    2                   11                    1                    0
                    2                   11                    0                    1
                    2                   20                    0                    1
                    3                    6                    1                    0
                    3                    6                    0                    1
                    3                    8                    1                    0
                    3                   11                    1                    0
                    4                    6                    1                    0
                    4                    7                    1                    0
                    4                    7                    0                    1
                    5                    6                    0                    1
                    6                   14                    1                    0
                    6                   14                    0                    1
                    6                   15                    1                    0
                    7                   14                    0                    1
                    9                    6                    1                    0
                    9                    6                    0                    1
                    9                    7                    1                    0
                    9                   12                    1                    0
                    9                   12                    0                    1
                    9                   13                    1                    0
                   10                    6                    0                    1
                   10                   12                    1                    0
                   10                   13                    1                    0
                   11                   11                    1                    0
                   11                   11                    0                    1
                   11                   13                    0                    1
                   11                   14                    0                    1
                   11                   15                    0                    1
                   11                   16                    0                    1
                   11                   17                    0                    1
                   11                   18                    1                    0
                   11                   19                    1                    0
                   11                   19                    0                    1
                   11                   20                    1                    0
                   12                    1                    1                    0
                   12                   11                    0                    1
                   12                   12                    0                    1
                   12                   17                    1                    0
                   12                   17                    0                    1
                   12                   19                    1                    0
                   12                   20                    0                    1
                   13                    1                    0                    1
                   13                    2                    1                    0
                   13                   17                    1                    0
                   13                   19                    0                    1
                   13                   20                    1                    0
                   14                    1                    1                    0
                   14                    1                    0                    1
                   14                   16                    1                    0
                   14                   16                    0                    1
                   14                   20                    1                    0
                   15                    3                    1                    0
                   15                    3                    0                    1
                   15                    4                    1                    0
                   15                   16                    1                    0
                   15                   20                    0                    1
                   16                    3                    0                    1
                   16                   16                    0                    1
                   16                   17                    0                    1
                   16                   18                    1                    0
                   16                   19                    1                    0
                   16                   19                    0                    1
                   16                   20                    1                    0
                   17                   18                    1                    0
                   17                   19                    1                    0
                   17                   20                    1                    0
                   18                    1                    1                    0
                   18                   17                    0                    1
                   18                   19                    1                    0
                   18                   20                    0                    1
                   19                    1                    1                    0
                   19                   19                    0                    1
                   19                   20                    1                    0
                   20                    1                    0                    1
                   20                    2                    1                    0
                   20                   12                    1                    0
                   20                   20                    1                    0
                    4                   11
                   20                   12
