                    1                    3                    0                    1
                    1                    4                    1                    0
                    1                   10                    1                    0
                    1                   10                    0                    1
                    1                   11                    1                    0
                    1                   12                    1                    0
                    1                   12                    0                    1
                    1                   13                    1                    0
                    1                   14                    1                    0
                    1                   14                    0                    1
                    1                   17                    0                    1
                    1                   18                    0                    1
                    1                   19                    0                    1
                    1                   20                    0                    1
                    2                    1                    1                    0
                    2                    3                    1                    0
                    2                    3                    0                    1
                    2                    7                    1                    0
                    2                    7                    0                    1
                    2                    8                    0                    1
                    2                    9                    1                    0
                    2                   10                    1                    0
                    2                   11                    0                    1
                    2                   13                    1                    0
                    2                   14                    1                    0
                    2                   15                    1                    0
                    2                   15                    0                    1
                    2                   16                    1                    0
                    2                   19                    1                    0
                    2                   19                    0                    1
                    2                   20                    0                    1
                    3                    1                    1                    0
                    3                    2                    1                    0
                    3                    2                    0                    1
                    3                    7                    1                    0
                    3                    9                    0                    1
                    3                   13                    0                    1
                    3                   15                    0                    1
                    3                   19                    1                    0
                    4                    2                    0                    1
                    4                    3                    1                    0
                    4                    7                    1                    0
                    4                   18                    1                    0
                    4                   18                    0                    1
                    4                   20                    1                    0
                    4                   20                    0                    1
                    5                    2                    1                    0
                    5                    2                    0                    1
                    5                    7                    1                    0
                    5                    8                    1                    0
                    5                    8                    0                    1
                    5                    9                    0                    1
                    5                   10                    1                    0
                    5                   18                    0                    1
                    5                   19                    0                    1
                    6                    1                    1                    0
                    6                    1                    0                    1
                    6                    7                    1                    0
                    6                    8                    1                    0
                    6                    9                    1                    0
                    6                    9                    0                    1
                    6                   13                    1                    0
                    6                   13                    0                    1
                    6                   14                    0                    1
                    6                   15                    1                    0
                    7                    1                    1                    0
                    7                    7                    1                    0
                    7                    8                    0                    1
                    7                   13                    0                    1
                    7                   14                    0                    1
                    7                   15                    1                    0
                    7                   15                    0                    1
                    7                   18                    1                    0
                    7                   18                    0                    1
                    7                   19                    1                    0
                    8                    7                    1                    0
                    8                   15                    0                    1
                    8                   16                    1                    0
                    8                   18                    0                    1
                    8                   20                    1                    0
                    8                   20                    0                    1
                    9                    7                    1                    0
                    9                    9                    1                    0
                    9                    9                    0                    1
                    9                   10                    1                    0
                    9                   13                    1                    0
                    9                   13                    0                    1
                    9                   14                    1                    0
                    9                   14                    0                    1
                    9                   15                    0                    1
                    9                   19                    1                    0
                    9                   19                    0                    1
                   10                    1                    1                    0
                   10                    4                    1                    0
                   10                    4                    0                    1
                   10                    5                    1                    0
                   10                    7                    0                    1
                   10                    8                    0                    1
                   10                   10                    1                    0
                   10                   13                    0                    1
                   10                   19                    1                    0
                   10                   20                    1                    0
                   10                   20                    0                    1
                   11                    4                    0                    1
                   11                    6                    1                    0
                   11                    6                    0                    1
                   11                    7                    1                    0
                   11                    9                    1                    0
                   11                    9                    0                    1
                   11                   17                    1                    0
                   11                   17                    0                    1
                   11                   18                    1                    0
                   11                   19                    1                    0
                   11                   20                    0                    1
                   12                    6                    1                    0
                   12                    7                    1                    0
                   12                    8                    1                    0
                   12                    8                    0                    1
                   12                   16                    1                    0
                   12                   16                    0                    1
                   12                   17                    1                    0
                   12                   17                    0                    1
                   12                   19                    0                    1
                   12                   20                    1                    0
                   13                    2                    1                    0
                   13                    2                    0                    1
                   13                    3                    0                    1
                   13                    4                    1                    0
                   13                    6                    0                    1
                   13                    8                    1                    0
                   13                   16                    0                    1
                   13                   20                    1                    0
                   14                    1                    1                    0
                   14                    2                    1                    0
                   14                    3                    1                    0
                   14                    3                    0                    1
                   14                    8                    0                    1
                   14                    9                    1                    0
                   14                   12                    1                    0
                   14                   12                    0                    1
                   14                   13                    0                    1
                   14                   14                    0                    1
                   14                   15                    0                    1
                   14                   16                    0                    1
                   14                   17                    0                    1
                   14                   18                    1                    0
                   14                   20                    0                    1
                   15                    2                    0                    1
                   15                    9                    1                    0
                   15                   12                    1                    0
                   15                   18                    0                    1
                   15                   19                    0                    1
                   15                   20                    0                    1
                   16                    6                    1                    0
                   16                    6                    0                    1
                   16                    7                    1                    0
                   16                    8                    1                    0
                   16                    8                    0                    1
                   16                    9                    1                    0
                   16                   11                    1                    0
                   16                   11                    0                    1
                   17                    1                    1                    0
                   17                    1                    0                    1
                   17                    2                    1                    0
                   17                    6                    0                    1
                   17                    8                    1                    0
                   17                    9                    1                    0
                   17                   11                    1                    0
                   18                    1                    0                    1
                   18                    3                    1                    0
                   18                    3                    0                    1
                   18                    4                    0                    1
                   18                    5                    0                    1
                   18                    6                    0                    1
                   18                    7                    0                    1
                   18                    9                    1                    0
                   18                   11                    0                    1
                   18                   12                    1                    0
                   18                   14                    1                    0
                   18                   14                    0                    1
                   18                   15                    1                    0
                   19                    3                    1                    0
                   19                    8                    1                    0
                   19                    8                    0                    1
                   19                   11                    1                    0
                   19                   11                    0                    1
                   19                   14                    0                    1
                   20                    1                    1                    0
                   20                    3                    1                    0
                   20                    8                    0                    1
                   20                    9                    0                    1
                   20                   10                    0                    1
                   20                   15                    1                    0
                   20                   15                    0                    1
                   20                   16                    0                    1
                   20                   17                    1                    0
                    9                   14
                    7                   16
