                    4                    8                    1                    0
                    6                   18                    1                    0
                    6                   18                    0                    1
                    6                   19                    1                    0
                    7                    9                    1                    0
                    7                    9                    0                    1
                    7                   18                    0                    1
                    8                    8                    0                    1
                    8                    8
                    4                    8
