                    9                    2                    0                    1
                    9                    3                    0                    1
                   19                   10                    0                   -1
                   19                    9                    0                   -1
                   19                   10                    0                    1
                   19                    9                    0                   -1
                   19                   10                    0                    1
                   19                   11                    0                    1
                   19                   10                    0                   -1
                   20                   10                    1                    0
                    8                    3                   -1                    0
                    8                    4                    0                    1
                    8                    3                    0                   -1
                   20                    9                    0                   -1
                    8                    2                    0                   -1
                    7                    2                   -1                    0
                   20                   10                    0                    1
                    7                    3                    0                    1
                    7                    2                    0                   -1
                    6                    2                   -1                    0
                    6                    3                    0                    1
                   20                   11                    0                    1
                   20                   10                    0                   -1
                    1                   10                    0                    0
                    5                    3                   -1                    0
                    5                    4                    0                    1
                    1                   11                    0                    1
                   20                   11                    0                    0
                   20                   12                    0                    1
                    5                    3                    0                   -1
                   19                   12                   -1                    0
                    5                    4                    0                    1
                    4                    4                   -1                    0
                   19                   13                    0                    1
                   18                   13                   -1                    0
                   19                   13                    1                    0
                    5                    4                    1                    0
                    6                    4                    1                    0
                   18                   13                   -1                    0
                    6                    5                    0                    1
                   17                   13                   -1                    0
                    7                    5                    1                    0
                    8                    5                    1                    0
                    8                    4                    0                   -1
                   17                   12                    0                   -1
                   17                   11                    0                   -1
                   17                   10                    0                   -1
                   18                   10                    1                    0
                   18                    9                    0                   -1
                    8                    5                    0                    1
                    8                    6                    0                    1
                   18                    8                    0                   -1
                    8                    7                    0                    1
                    8                    6                    0                   -1
                    8                    5                    0                   -1
                    8                    4                    0                   -1
                   19                    8                    1                    0
                    7                    4                   -1                    0
                   18                    8                   -1                    0
                   19                    8                    1                    0
                    6                    4                   -1                    0
                    7                    4                    1                    0
                    6                    4                   -1                    0
                   19                    9                    0                    1
                    5                    4                   -1                    0
                    5                    3                    0                   -1
                    5                    2                    0                   -1
                    5                    1                    0                   -1
                   18                    9                   -1                    0
                   19                    9                    1                    0
                    6                    1                    1                    0
                    6                   20                    0                    0
                    7                   20                    1                    0
                   18                    9                   -1                    0
                   19                    9                    1                    0
                   19                    8                    0                   -1
                    8                   20                    1                    0
                    8                   19                    0                   -1
                   20                    8                    1                    0
                    1                    8                    0                    0
                    1                    9                    0                    1
                    8                   18                    0                   -1
                    9                   18                    1                    0
                    9                   19                    0                    1
                    2                    9                    1                    0
                    3                    9                    1                    0
                    8                   19                   -1                    0
                    7                   19                   -1                    0
                    7                   20                    0                    1
                    4                    9                    1                    0
                    4                   10                    0                    1
                    4                   11                    0                    1
                    7                   19                    0                   -1
                    3                   11                   -1                    0
                    4                   11                    1                    0
                    3                   11                   -1                    0
                    7                   20                    0                    1
                    7                    1                    0                    0
                    8                    1                    1                    0
                    7                    1                   -1                    0
                    8                    1                    1                    0
                    4                   11                    1                    0
                    8                   20                    0                    0
                    5                   11                    1                    0
                    5                   12                    0                    1
                    4                   12                   -1                    0
                    4                   11                    0                   -1
                    9                   20                    1                    0
                    9                   19                    0                   -1
                    5                   11                    1                    0
                    5                   12                    0                    1
                    5                   11                    0                   -1
                    8                   19                   -1                    0
                    8                   20                    0                    1
                    9                   20                    1                    0
                    5                   10                    0                   -1
                    6                   10                    1                    0
                    5                   10                   -1                    0
                    4                   10                   -1                    0
                   10                   20                    1                    0
                   11                   20                    1                    0
                   10                   20                   -1                    0
                    5                   10                    1                    0
                    5                   11                    0                    1
                   10                    1                    0                    0
                    9                    1                   -1                    0
                    5                   10                    0                   -1
                    6                   10                    1                    0
                    9                    2                    0                    1
                    6                   11                    0                    1
                   10                    2                    1                    0
                    6                   10                    0                   -1
                    5                   10                   -1                    0
                    4                   10                   -1                    0
                    9                    2                   -1                    0
                   10                    2                    1                    0
                    9                    2                   -1                    0
                    8                    2                   -1                    0
                    3                   10                   -1                    0
                    4                   10                    1                    0
                    5                   10                    1                    0
                    5                    9                    0                   -1
                    9                    2                    1                    0
                    9                    3                    0                    1
                    5                   10                    0                    1
                    6                   10                    1                    0
                    6                    9                    0                   -1
                   10                    3                    1                    0
                    7                    9                    1                    0
                    7                   10                    0                    1
                    7                   11                    0                    1
                    6                   11                   -1                    0
                    6                   10                    0                   -1
                   11                    3                    1                    0
                    7                   10                    1                    0
                   11                    2                    0                   -1
                   12                    2                    1                    0
                   13                    2                    1                    0
                   12                    2                   -1                    0
                    8                   10                    1                    0
                   13                    2                    1                    0
                   13                    1                    0                   -1
                    8                    9                    0                   -1
                   14                    1                    1                    0
                   13                    1                   -1                    0
                   14                    1                    1                    0
                    8                   10                    0                    1
                    9                   10                    1                    0
                   14                   20                    0                    0
                   10                   10                    1                    0
                   13                   20                   -1                    0
                   10                    9                    0                   -1
                   10                   10                    0                    1
                   13                    1                    0                    0
                   14                    1                    1                    0
                   10                   11                    0                    1
                   14                    2                    0                    1
                   15                    2                    1                    0
                   15                    3                    0                    1
                   14                    3                   -1                    0
                   13                    3                   -1                    0
                   13                    2                    0                   -1
                   13                    3                    0                    1
                   12                    3                   -1                    0
                   11                    3                   -1                    0
                   11                    4                    0                    1
                   10                   10                    0                   -1
                   10                    9                    0                   -1
                   10                    4                   -1                    0
