                    2                   18                    1                    0
                    2                   18                    0                    1
                    2                   19                    1                    0
                    3                   17                    0                    1
                    3                   19                    1                    0
                    4                   19                    1                    0
                    5                   19                    1                    0
                    6                   19                    0                    1
                   14                   13                    1                    0
                   14                   13                    0                    1
                   14                   14                    1                    0
                   15                   13                    0                    1
                   18                   10                    1                    0
                   19                   10
                   18                   10
