                    2                    3                   -1                    0
                    5                    3                   -1                    0
                    6                    3                    1                    0
                    6                    2                    0                   -1
                    6                    3                    0                    1
                    6                    2                    0                   -1
                    6                    3                    0                    1
                    1                    3                   -1                    0
                    2                    3                    1                    0
                    6                    2                    0                   -1
                    7                    2                    1                    0
                    7                    1                    0                   -1
                    3                    3                    1                    0
                    7                   20                    0                    0
                    7                   19                    0                   -1
                    7                   18                    0                   -1
                    4                    3                    1                    0
                    6                   18                   -1                    0
                    7                   18                    1                    0
                    7                   19                    0                    1
                    3                    3                   -1                    0
                    7                   20                    0                    1
                    6                   20                   -1                    0
                    3                    2                    0                   -1
                    6                    1                    0                    0
                    5                    1                   -1                    0
                    5                   20                    0                    0
                    5                    1                    0                    0
                    6                    1                    1                    0
                    6                   20                    0                    0
                    6                    1                    0                    0
                    4                    2                    1                    0
                    3                    2                   -1                    0
                    3                    3                    0                    1
                    7                    1                    1                    0
                    7                   20                    0                    0
                    3                    4                    0                    1
                    3                    3                    0                   -1
                    3                    4                    0                    1
                    7                   19                    0                   -1
                    3                    3                    0                   -1
                    3                    4                    0                    1
                    3                    3                    0                   -1
                    4                    3                    1                    0
                    5                    3                    1                    0
                    8                   19                    1                    0
                    4                    3                   -1                    0
                    7                   19                   -1                    0
                    7                   18                    0                   -1
                    3                    3                   -1                    0
                    4                    3                    1                    0
                    7                   17                    0                   -1
                    6                   17                   -1                    0
                    4                    4                    0                    1
                    3                    4                   -1                    0
                    7                   17                    1                    0
                    4                    4                    1                    0
                    3                    4                   -1                    0
                    4                    4                    1                    0
                    7                   18                    0                    1
                    4                    5                    0                    1
                    6                   18                   -1                    0
                    7                   18                    1                    0
                    7                   19                    0                    1
                    7                   18                    0                   -1
                    5                    5                    1                    0
                    6                    5                    1                    0
                    5                    5                   -1                    0
                    6                    5                    1                    0
                    6                    4                    0                   -1
                    6                    5                    0                    1
                    6                   18                   -1                    0
                    6                    4                    0                   -1
                    6                   19                    0                    1
                    6                   20                    0                    1
                    6                    5                    0                    1
                    7                   20                    1                    0
                    5                    5                   -1                    0
                    4                    5                   -1                    0
                    7                   19                    0                   -1
                    7                   18                    0                   -1
                    4                    4                    0                   -1
                    4                    3                    0                   -1
                    8                   18                    1                    0
                    9                   18                    1                    0
                    3                    3                   -1                    0
                   10                   18                    1                    0
                    3                    2                    0                   -1
                    3                    1                    0                   -1
                    3                    2                    0                    1
                    9                   18                   -1                    0
                    3                    1                    0                   -1
                    8                   18                   -1                    0
                    7                   18                   -1                    0
                    3                    2                    0                    1
                    2                    2                   -1                    0
                    3                    2                    1                    0
                    7                   19                    0                    1
                    3                    3                    0                    1
