                    1                    1                    0                    1
                    1                    3                    1                    0
                    1                    3                    0                    1
                    1                    5                    1                    0
                    1                    7                    1                    0
                    1                    7                    0                    1
                    1                    8                    1                    0
                    1                    9                    0                    1
                    1                   10                    1                    0
                    1                   10                    0                    1
                    1                   11                    1                    0
                    1                   12                    1                    0
                    1                   14                    1                    0
                    1                   15                    1                    0
                    1                   15                    0                    1
                    1                   17                    1                    0
                    1                   17                    0                    1
                    1                   18                    1                    0
                    1                   18                    0                    1
                    1                   19                    1                    0
                    1                   19                    0                    1
                    1                   20                    0                    1
                    2                    3                    1                    0
                    2                    4                    1                    0
                    2                    4                    0                    1
                    2                    7                    0                    1
                    2                   10                    1                    0
                    2                   11                    0                    1
                    2                   14                    1                    0
                    2                   15                    1                    0
                    2                   17                    1                    0
                    2                   18                    1                    0
                    2                   19                    1                    0
                    3                    3                    0                    1
                    3                    6                    1                    0
                    3                    6                    0                    1
                    3                    7                    0                    1
                    3                    8                    1                    0
                    3                   10                    1                    0
                    3                   14                    1                    0
                    3                   15                    1                    0
                    3                   16                    1                    0
                    3                   16                    0                    1
                    3                   17                    1                    0
                    3                   17                    0                    1
                    3                   18                    1                    0
                    3                   18                    0                    1
                    4                    1                    0                    1
                    4                    2                    1                    0
                    4                    3                    1                    0
                    4                    3                    0                    1
                    4                    4                    0                    1
                    4                    5                    0                    1
                    4                    8                    1                    0
                    4                   10                    0                    1
                    4                   11                    0                    1
                    4                   12                    1                    0
                    4                   13                    1                    0
                    4                   13                    0                    1
                    4                   14                    1                    0
                    4                   14                    0                    1
                    4                   16                    0                    1
                    4                   18                    0                    1
                    4                   19                    0                    1
                    4                   20                    0                    1
                    5                    1                    1                    0
                    5                    1                    0                    1
                    5                    2                    1                    0
                    5                    2                    0                    1
                    5                    6                    1                    0
                    5                    6                    0                    1
                    5                    7                    0                    1
                    5                   10                    1                    0
                    5                   10                    0                    1
                    5                   11                    1                    0
                    5                   12                    0                    1
                    5                   14                    0                    1
                    5                   15                    0                    1
                    5                   16                    0                    1
                    5                   17                    0                    1
                    5                   18                    0                    1
                    5                   19                    1                    0
                    6                    1                    0                    1
                    6                    4                    1                    0
                    6                    4                    0                    1
                    6                    5                    0                    1
                    6                    6                    1                    0
                    6                    6                    0                    1
                    6                    7                    1                    0
                    6                    9                    1                    0
                    6                    9                    0                    1
                    6                   10                    1                    0
                    6                   10                    0                    1
                    6                   15                    1                    0
                    6                   15                    0                    1
                    6                   16                    1                    0
                    6                   18                    1                    0
                    6                   18                    0                    1
                    7                    1                    1                    0
                    7                    2                    1                    0
                    7                    2                    0                    1
                    7                    3                    1                    0
                    7                    4                    1                    0
                    7                    6                    1                    0
                    7                    7                    0                    1
                    7                    9                    1                    0
                    7                   10                    0                    1
                    7                   11                    1                    0
                    7                   13                    1                    0
                    7                   13                    0                    1
                    7                   14                    1                    0
                    7                   15                    0                    1
                    7                   18                    1                    0
                    7                   19                    1                    0
                    7                   19                    0                    1
                    7                   20                    0                    1
                    8                    1                    1                    0
                    8                    1                    0                    1
                    8                    2                    1                    0
                    8                    2                    0                    1
                    8                    4                    0                    1
                    8                    5                    0                    1
                    8                    9                    0                    1
                    8                   10                    0                    1
                    8                   13                    1                    0
                    8                   14                    0                    1
                    8                   15                    0                    1
                    8                   16                    0                    1
                    8                   17                    1                    0
                    8                   18                    1                    0
                    8                   18                    0                    1
                    8                   20                    1                    0
                    8                   20                    0                    1
                    9                    1                    0                    1
                    9                    3                    1                    0
                    9                    3                    0                    1
                    9                    4                    1                    0
                    9                    5                    1                    0
                    9                    5                    0                    1
                    9                    6                    1                    0
                    9                   13                    1                    0
                    9                   16                    1                    0
                    9                   16                    0                    1
                    9                   18                    1                    0
                    9                   19                    1                    0
                    9                   19                    0                    1
                   10                    1                    0                    1
                   10                    2                    1                    0
                   10                    3                    1                    0
                   10                    4                    1                    0
                   10                    5                    0                    1
                   10                    8                    1                    0
                   10                    8                    0                    1
                   10                    9                    1                    0
                   10                   11                    1                    0
                   10                   11                    0                    1
                   10                   12                    0                    1
                   10                   16                    0                    1
                   10                   17                    1                    0
                   10                   18                    1                    0
                   10                   19                    1                    0
                   10                   20                    1                    0
                   10                   20                    0                    1
                   11                    1                    0                    1
                   11                    2                    1                    0
                   11                    2                    0                    1
                   11                    4                    0                    1
                   11                    5                    0                    1
                   11                    6                    0                    1
                   11                    7                    0                    1
                   11                    9                    0                    1
                   11                   10                    0                    1
                   11                   16                    1                    0
                   11                   16                    0                    1
                   11                   17                    1                    0
                   11                   17                    0                    1
                   11                   19                    1                    0
                   11                   20                    0                    1
                   12                    1                    1                    0
                   12                    2                    0                    1
                   12                    3                    1                    0
                   12                   10                    1                    0
                   12                   10                    0                    1
                   12                   11                    0                    1
                   12                   12                    1                    0
                   12                   15                    1                    0
                   12                   15                    0                    1
                   12                   17                    0                    1
                   12                   18                    1                    0
                   12                   19                    1                    0
                   12                   20                    1                    0
                   12                   20                    0                    1
                   13                    1                    1                    0
                   13                    1                    0                    1
                   13                    2                    1                    0
                   13                    3                    1                    0
                   13                    5                    1                    0
                   13                    5                    0                    1
                   13                    6                    0                    1
                   13                    7                    1                    0
                   13                   10                    0                    1
                   13                   11                    0                    1
                   13                   13                    1                    0
                   13                   13                    0                    1
                   13                   14                    1                    0
                   13                   15                    0                    1
                   13                   16                    0                    1
                   13                   17                    0                    1
                   13                   19                    0                    1
                   13                   20                    1                    0
                   13                   20                    0                    1
                   14                    2                    1                    0
                   14                    3                    1                    0
                   14                    4                    1                    0
                   14                    4                    0                    1
                   14                    7                    1                    0
                   14                    8                    1                    0
                   14                    8                    0                    1
                   14                    9                    1                    0
                   14                   13                    0                    1
                   14                   17                    1                    0
                   14                   17                    0                    1
                   14                   18                    0                    1
                   14                   19                    0                    1
                   14                   20                    1                    0
                   14                   20                    0                    1
                   15                    2                    1                    0
                   15                    3                    1                    0
                   15                    4                    0                    1
                   15                    5                    1                    0
                   15                    6                    1                    0
                   15                    6                    0                    1
                   15                    8                    1                    0
                   15                    9                    1                    0
                   15                   10                    1                    0
                   15                   10                    0                    1
                   15                   11                    1                    0
                   15                   12                    1                    0
                   15                   12                    0                    1
                   15                   13                    1                    0
                   15                   17                    1                    0
                   15                   19                    1                    0
                   15                   19                    0                    1
                   16                    1                    0                    1
                   16                    2                    1                    0
                   16                    2                    0                    1
                   16                    3                    1                    0
                   16                    3                    0                    1
                   16                    4                    0                    1
                   16                    5                    0                    1
                   16                    8                    0                    1
                   16                    9                    1                    0
                   16                    9                    0                    1
                   16                   10                    1                    0
                   16                   10                    0                    1
                   16                   12                    1                    0
                   16                   13                    1                    0
                   16                   15                    1                    0
                   16                   15                    0                    1
                   16                   16                    0                    1
                   16                   19                    0                    1
                   16                   20                    0                    1
                   17                    1                    1                    0
                   17                    1                    0                    1
                   17                    3                    1                    0
                   17                    9                    1                    0
                   17                   10                    0                    1
                   17                   11                    1                    0
                   17                   12                    1                    0
                   17                   13                    0                    1
                   17                   14                    0                    1
                   17                   16                    1                    0
                   17                   16                    0                    1
                   17                   17                    1                    0
                   17                   19                    1                    0
                   17                   19                    0                    1
                   17                   20                    1                    0
                   18                    2                    1                    0
                   18                    2                    0                    1
                   18                    8                    1                    0
                   18                    8                    0                    1
                   18                   10                    1                    0
                   18                   10                    0                    1
                   18                   12                    1                    0
                   18                   13                    1                    0
                   18                   13                    0                    1
                   18                   14                    0                    1
                   18                   15                    1                    0
                   18                   16                    0                    1
                   18                   19                    1                    0
                   18                   20                    0                    1
                   19                    2                    1                    0
                   19                    3                    1                    0
                   19                    3                    0                    1
                   19                    4                    1                    0
                   19                    6                    1                    0
                   19                    6                    0                    1
                   19                    7                    0                    1
                   19                   10                    0                    1
                   19                   11                    1                    0
                   19                   12                    0                    1
                   19                   15                    0                    1
                   19                   16                    1                    0
                   19                   17                    1                    0
                   19                   17                    0                    1
                   19                   18                    0                    1
                   19                   19                    1                    0
                   19                   19                    0                    1
                   19                   20                    1                    0
                   20                    1                    0                    1
                   20                    2                    1                    0
                   20                    2                    0                    1
                   20                    4                    1                    0
                   20                    5                    1                    0
                   20                    5                    0                    1
                   20                    7                    0                    1
                   20                    8                    0                    1
                   20                    9                    1                    0
                   20                   10                    1                    0
                   20                   10                    0                    1
                   20                   12                    1                    0
                   20                   12                    0                    1
                   20                   13                    0                    1
                   20                   14                    1                    0
                   20                   16                    1                    0
                   20                   17                    0                    1
                   20                   18                    1                    0
                   20                   19                    1                    0
                   20                   20                    0                    1
                   20                    7
                   16                    5
