                   15                    2                   -1                    0
                   13                   19                    1                    0
                   14                   19                    1                    0
                   15                    1                    0                   -1
                   16                    1                    1                    0
                   13                   19                   -1                    0
                   12                   19                   -1                    0
                   17                    1                    1                    0
                   12                   18                    0                   -1
                   11                   18                   -1                    0
                   12                   18                    1                    0
                   12                   19                    0                    1
                   16                    1                   -1                    0
                   16                   20                    0                    0
                   16                    1                    0                    0
                   15                    1                   -1                    0
                   15                    2                    0                    1
                   12                   20                    0                    1
                   13                   20                    1                    0
                   16                    2                    1                    0
                   12                   20                   -1                    0
                   17                    2                    1                    0
                   12                   19                    0                   -1
                   11                   19                   -1                    0
                   17                    3                    0                    1
                   12                   19                    1                    0
                   17                    4                    0                    1
                   11                   19                   -1                    0
                   18                    4                    1                    0
                   19                    4                    1                    0
                   18                    4                   -1                    0
                   19                    4                    1                    0
                   10                   19                   -1                    0
                   10                   20                    0                    1
                   19                    3                    0                   -1
                    9                   20                   -1                    0
                   10                   20                    1                    0
                   19                    4                    0                    1
                   18                    4                   -1                    0
                   17                    4                   -1                    0
                   18                    4                    1                    0
                   10                    1                    0                    0
                   10                   20                    0                    0
                   17                    4                   -1                    0
                   10                   19                    0                   -1
                   16                    4                   -1                    0
                   11                   19                    1                    0
                   16                    5                    0                    1
                   11                   20                    0                    1
                   15                    5                   -1                    0
                   16                    5                    1                    0
                   11                    1                    0                    0
                   15                    5                   -1                    0
                   16                    5                    1                    0
                   11                   20                    0                    0
                   16                    4                    0                   -1
                   11                   19                    0                   -1
                   16                    5                    0                    1
                   12                   19                    1                    0
                   17                    5                    1                    0
                   16                    5                   -1                    0
                   16                    4                    0                   -1
                   12                   20                    0                    1
                   11                   20                   -1                    0
                   16                    3                    0                   -1
                   15                    3                   -1                    0
                   10                   20                   -1                    0
                   11                   20                    1                    0
                   12                   20                    1                    0
                   14                    3                   -1                    0
                   13                   20                    1                    0
                   15                    3                    1                    0
                   16                    3                    1                    0
                   16                    4                    0                    1
                   13                    1                    0                    0
                   17                    4                    1                    0
                   16                    4                   -1                    0
                   17                    4                    1                    0
                   18                    4                    1                    0
                   17                    4                   -1                    0
                   13                   20                    0                    0
                   12                   20                   -1                    0
                   12                   19                    0                   -1
                   17                    3                    0                   -1
                   16                    3                   -1                    0
                   12                   20                    0                    1
                   12                   19                    0                   -1
                   12                   20                    0                    1
                   12                    1                    0                    0
                   16                    2                    0                   -1
                   17                    2                    1                    0
                   17                    3                    0                    1
                   11                    1                   -1                    0
                   11                    2                    0                    1
                   16                    3                   -1                    0
                   16                    2                    0                   -1
                   16                    1                    0                   -1
                   15                    1                   -1                    0
