                    1                   14                   -1                    0
                    1                   13                    0                   -1
                   20                   19                    0                   -1
                    1                   12                    0                   -1
                   20                   20                    0                    1
                    1                   13                    0                    1
                    1                   20                    0                    0
                   20                   20                    0                    0
                    2                   13                    1                    0
                    2                   14                    0                    1
                   20                    1                    0                    0
                    3                   14                    1                    0
                    2                   14                   -1                    0
                    1                   14                   -1                    0
                    1                    1                    0                    0
                   20                    1                    0                    0
                    2                   14                    1                    0
                    1                   14                   -1                    0
                   20                   14                    0                    0
                    1                   14                    0                    0
                    1                   13                    0                   -1
                   20                   20                    0                    0
                    2                   13                    1                    0
                   20                    1                    0                    0
                    1                    1                    0                    0
                    2                   12                    0                   -1
                   20                    1                    0                    0
                   20                    2                    0                    1
                    1                    2                    0                    0
                    1                   12                   -1                    0
                    1                   13                    0                    1
                    1                   12                    0                   -1
                   20                   12                    0                    0
                   20                    2                    0                    0
                    1                   12                    0                    0
                   20                    3                    0                    1
                    1                    3                    0                    0
                    1                   11                    0                   -1
                    2                    3                    1                    0
                    2                    4                    0                    1
                    2                    5                    0                    1
                    3                    5                    1                    0
                    1                   10                    0                   -1
                    4                    5                    1                    0
                    1                   11                    0                    1
                    4                    4                    0                   -1
                    5                    4                    1                    0
                    1                   10                    0                   -1
                    1                   11                    0                    1
                    4                    4                   -1                    0
                    5                    4                    1                    0
                    2                   11                    1                    0
                    3                   11                    1                    0
                    2                   11                   -1                    0
                    6                    4                    1                    0
                    3                   11                    1                    0
                    5                    4                   -1                    0
                    3                   10                    0                   -1
                    3                    9                    0                   -1
                    2                    9                   -1                    0
                    5                    5                    0                    1
                    5                    4                    0                   -1
                    2                    8                    0                   -1
                    2                    9                    0                    1
                    6                    4                    1                    0
                    2                    8                    0                   -1
                    2                    9                    0                    1
                    7                    4                    1                    0
                    7                    5                    0                    1
                    2                    8                    0                   -1
                    2                    9                    0                    1
                    2                   10                    0                    1
                    7                    4                    0                   -1
                    2                   11                    0                    1
                    2                   10                    0                   -1
                    2                    9                    0                   -1
                    6                    4                   -1                    0
                    5                    4                   -1                    0
                    1                    9                   -1                    0
                    5                    5                    0                    1
                    5                    4                    0                   -1
                    6                    4                    1                    0
                    1                    8                    0                   -1
                   20                    8                    0                    0
                    7                    4                    1                    0
                    1                    8                    0                    0
                    7                    3                    0                   -1
                    7                    2                    0                   -1
                    7                    3                    0                    1
                    1                    7                    0                   -1
                    2                    7                    1                    0
                    6                    3                   -1                    0
                    6                    4                    0                    1
                    2                    8                    0                    1
                    6                    3                    0                   -1
                    2                    7                    0                   -1
                    6                    2                    0                   -1
                    1                    7                   -1                    0
                    6                    1                    0                   -1
                    1                    6                    0                   -1
                    5                    1                   -1                    0
                    1                    5                    0                   -1
                    6                    1                    1                    0
                    7                    1                    1                    0
                    7                    2                    0                    1
                    7                    1                    0                   -1
                    7                   20                    0                    0
                    8                   20                    1                    0
                    1                    6                    0                    1
                    8                   19                    0                   -1
                    1                    7                    0                    1
                    1                    8                    0                    1
                    9                   19                    1                    0
                   20                    8                    0                    0
                    8                   19                   -1                    0
                    1                    8                    0                    0
                    9                   19                    1                    0
                    9                   20                    0                    1
                    9                   19                    0                   -1
                    2                    8                    1                    0
                    9                   18                    0                   -1
                    9                   19                    0                    1
                    9                   18                    0                   -1
                    8                   18                   -1                    0
                    9                   18                    1                    0
                    9                   19                    0                    1
                    9                   18                    0                   -1
                    2                    9                    0                    1
                    9                   17                    0                   -1
                    3                    9                    1                    0
                    8                   17                   -1                    0
                    9                   17                    1                    0
                   10                   17                    1                    0
                    2                    9                   -1                    0
                    9                   17                   -1                    0
                    9                   16                    0                   -1
                   10                   16                    1                    0
                   11                   16                    1                    0
                   11                   17                    0                    1
                    2                    8                    0                   -1
                   10                   17                   -1                    0
                   11                   17                    1                    0
                    1                    8                   -1                    0
                    1                    7                    0                   -1
                   11                   16                    0                   -1
                   12                   16                    1                    0
                   11                   16                   -1                    0
                   11                   15                    0                   -1
                   12                   15                    1                    0
                    1                    6                    0                   -1
                    2                    6                    1                    0
