                    1                    4                    1                    0
                    1                    4                    0                    1
                    1                    5                    0                    1
                    1                    6                    1                    0
                    1                   12                    1                    0
                    1                   12                    0                    1
                    1                   13                    0                    1
                    1                   14                    1                    0
                    1                   17                    1                    0
                    2                    1                    0                    1
                    2                    2                    1                    0
                    2                    4                    1                    0
                    2                    6                    1                    0
                    2                    8                    1                    0
                    2                    8                    0                    1
                    2                    9                    1                    0
                    2                   12                    1                    0
                    2                   14                    0                    1
                    2                   15                    1                    0
                    2                   17                    1                    0
                    2                   18                    1                    0
                    2                   18                    0                    1
                    2                   19                    1                    0
                    2                   20                    1                    0
                    2                   20                    0                    1
                    3                    1                    0                    1
                    3                    2                    1                    0
                    3                    2                    0                    1
                    3                    3                    1                    0
                    3                    4                    0                    1
                    3                    5                    1                    0
                    3                    6                    1                    0
                    3                    8                    0                    1
                    3                   12                    0                    1
                    3                   13                    0                    1
                    3                   14                    1                    0
                    3                   15                    1                    0
                    3                   16                    1                    0
                    3                   16                    0                    1
                    3                   18                    1                    0
                    3                   19                    1                    0
                    3                   20                    0                    1
                    4                    2                    0                    1
                    4                    5                    1                    0
                    4                    5                    0                    1
                    4                   12                    1                    0
                    4                   12                    0                    1
                    4                   13                    1                    0
                    4                   14                    1                    0
                    4                   15                    0                    1
                    4                   16                    1                    0
                    4                   16                    0                    1
                    4                   17                    0                    1
                    4                   19                    1                    0
                    5                    1                    1                    0
                    5                    4                    1                    0
                    5                    4                    0                    1
                    5                    7                    1                    0
                    5                    7                    0                    1
                    5                    9                    1                    0
                    5                    9                    0                    1
                    5                   10                    1                    0
                    5                   11                    1                    0
                    5                   11                    0                    1
                    5                   12                    1                    0
                    5                   12                    0                    1
                    5                   14                    0                    1
                    5                   15                    1                    0
                    5                   16                    0                    1
                    5                   17                    1                    0
                    5                   19                    0                    1
                    5                   20                    1                    0
                    6                    1                    1                    0
                    6                    2                    1                    0
                    6                    2                    0                    1
                    6                    3                    0                    1
                    6                    5                    1                    0
                    6                    5                    0                    1
                    6                    6                    0                    1
                    6                    9                    0                    1
                    6                   11                    1                    0
                    6                   12                    1                    0
                    6                   15                    0                    1
                    6                   16                    1                    0
                    6                   17                    1                    0
                    6                   18                    1                    0
                    6                   18                    0                    1
                    6                   19                    1                    0
                    7                    1                    1                    0
                    7                    2                    0                    1
                    7                    3                    0                    1
                    7                    4                    1                    0
                    7                    5                    1                    0
                    7                    8                    1                    0
                    7                    8                    0                    1
                    7                    9                    0                    1
                    7                   10                    1                    0
                    7                   11                    0                    1
                    7                   13                    1                    0
                    7                   13                    0                    1
                    7                   14                    0                    1
                    7                   15                    1                    0
                    7                   16                    1                    0
                    7                   17                    0                    1
                    7                   19                    0                    1
                    7                   20                    1                    0
                    8                    4                    1                    0
                    8                    5                    1                    0
                    8                    7                    1                    0
                    8                    7                    0                    1
                    8                    9                    1                    0
                    8                    9                    0                    1
                    8                   13                    0                    1
                    8                   14                    0                    1
                    8                   15                    1                    0
                    8                   15                    0                    1
                    8                   17                    1                    0
                    8                   17                    0                    1
                    8                   18                    1                    0
                    8                   20                    0                    1
                    9                    4                    1                    0
                    9                    5                    0                    1
                    9                    6                    1                    0
                    9                    7                    1                    0
                    9                    9                    0                    1
                    9                   10                    0                    1
                    9                   11                    1                    0
                    9                   15                    0                    1
                    9                   16                    0                    1
                    9                   18                    0                    1
                    9                   19                    1                    0
                   10                    3                    1                    0
                   10                    3                    0                    1
                   10                    6                    1                    0
                   10                    7                    1                    0
                   10                    8                    1                    0
                   10                    8                    0                    1
                   10                    9                    1                    0
                   10                   11                    0                    1
                   10                   12                    0                    1
                   10                   13                    1                    0
                   10                   17                    1                    0
                   10                   17                    0                    1
                   10                   18                    0                    1
                   11                    2                    1                    0
                   11                    2                    0                    1
                   11                    6                    0                    1
                   11                    7                    1                    0
                   11                    7                    0                    1
                   11                    9                    1                    0
                   11                   13                    1                    0
                   11                   14                    1                    0
                   11                   14                    0                    1
                   11                   15                    1                    0
                   11                   17                    1                    0
                   12                    1                    1                    0
                   12                    1                    0                    1
                   12                    7                    0                    1
                   12                    8                    0                    1
                   12                    9                    1                    0
                   12                    9                    0                    1
                   12                   10                    1                    0
                   12                   13                    0                    1
                   12                   15                    1                    0
                   12                   17                    1                    0
                   13                    1                    1                    0
                   13                    2                    1                    0
                   13                    2                    0                    1
                   13                    3                    1                    0
                   13                    9                    0                    1
                   13                   12                    1                    0
                   13                   12                    0                    1
                   13                   13                    0                    1
                   13                   14                    0                    1
                   13                   17                    0                    1
                   13                   18                    1                    0
                   14                    1                    1                    0
                   14                    2                    0                    1
                   14                    3                    1                    0
                   14                    3                    0                    1
                   14                    4                    1                    0
                   14                    5                    1                    0
                   14                    5                    0                    1
                   14                    6                    1                    0
                   14                   10                    1                    0
                   14                   10                    0                    1
                   14                   11                    0                    1
                   14                   12                    1                    0
                   14                   12                    0                    1
                   14                   13                    0                    1
                   14                   14                    1                    0
                   14                   18                    0                    1
                   14                   19                    0                    1
                   14                   20                    1                    0
                   15                    2                    1                    0
                   15                    2                    0                    1
                   15                    3                    1                    0
                   15                    3                    0                    1
                   15                    5                    1                    0
                   15                    6                    1                    0
                   15                   10                    0                    1
                   15                   11                    1                    0
                   15                   12                    1                    0
                   15                   13                    1                    0
                   15                   13                    0                    1
                   15                   16                    1                    0
                   15                   16                    0                    1
                   15                   17                    1                    0
                   15                   20                    0                    1
                   16                    2                    0                    1
                   16                    5                    1                    0
                   16                    6                    1                    0
                   16                    7                    1                    0
                   16                    7                    0                    1
                   16                    8                    1                    0
                   16                   10                    1                    0
                   16                   10                    0                    1
                   16                   12                    0                    1
                   16                   16                    0                    1
                   16                   19                    1                    0
                   16                   19                    0                    1
                   16                   20                    1                    0
                   17                    5                    0                    1
                   17                    7                    0                    1
                   17                   10                    0                    1
                   17                   11                    0                    1
                   17                   12                    0                    1
                   17                   13                    0                    1
                   17                   14                    1                    0
                   17                   19                    0                    1
                   18                    9                    1                    0
                   18                    9                    0                    1
                   18                   10                    0                    1
                   18                   11                    0                    1
                   18                   12                    0                    1
                   18                   13                    1                    0
                   18                   14                    1                    0
                   18                   17                    1                    0
                   18                   17                    0                    1
                   18                   18                    1                    0
                   19                    9                    0                    1
                   19                   10                    1                    0
                   19                   11                    1                    0
                   19                   11                    0                    1
                   19                   12                    0                    1
                   19                   14                    0                    1
                   19                   15                    0                    1
                   19                   16                    1                    0
                   19                   17                    0                    1
                   20                   10                    0                    1
                   20                   16                    0                    1
                   20                   17                    1                    0
                    5                    8
                    5                    1
