                    1                   12                    1                    0
                    2                   12                    1                    0
                    2                   14                    1                    0
                    3                    2                    0                    1
                    3                    3                    1                    0
                    3                   12                    0                    1
                    3                   13                    0                    1
                    4                    3                    0                    1
                   11                   11                    1                    0
                   11                   11                    0                    1
                   11                   12                    1                    0
                   12                   11                    0                    1
                    2                   14
                    3                    2
