                   15                    2                    1                    0
                   13                    3                    0                    1
                   14                    2                   -1                    0
                   12                    3                   -1                    0
                   13                    3                    1                    0
                   14                    1                    0                   -1
                   14                    3                    1                    0
                   14                    2                    0                    1
                   15                    3                    1                    0
                   14                    3                   -1                    0
                   15                    3                    1                    0
                   14                    3                   -1                    0
                   14                    2                    0                   -1
                   14                    3                    0                    1
                   13                    3                   -1                    0
                   13                    2                    0                   -1
                   13                    1                    0                   -1
                   13                   20                    0                    0
                   14                    3                    0                    1
                   14                    4                    0                    1
                   13                    4                   -1                    0
                   13                    3                    0                   -1
                   13                    4                    0                    1
                   14                   20                    1                    0
                   13                   20                   -1                    0
                   14                    4                    1                    0
                   14                    3                    0                   -1
                   13                   19                    0                   -1
                   13                    3                   -1                    0
                   12                    3                   -1                    0
                   14                   19                    1                    0
                   15                   19                    1                    0
                   15                   20                    0                    1
                   16                   20                    1                    0
                   16                    1                    0                    0
                   13                    3                    1                    0
                   16                    2                    0                    1
                   12                    3                   -1                    0
                   17                    2                    1                    0
                   17                    1                    0                   -1
                   12                    2                    0                   -1
                   18                    1                    1                    0
                   12                    1                    0                   -1
                   19                    1                    1                    0
                   12                    2                    0                    1
                   13                    2                    1                    0
                   19                    2                    0                    1
                   19                    3                    0                    1
                   13                    1                    0                   -1
                   13                    2                    0                    1
                   18                    3                   -1                    0
                   13                    1                    0                   -1
                   18                    4                    0                    1
                   18                    5                    0                    1
                   18                    4                    0                   -1
                   18                    3                    0                   -1
                   18                    2                    0                   -1
                   18                    1                    0                   -1
                   18                    2                    0                    1
                   12                    1                   -1                    0
                   12                   20                    0                    0
                   18                    3                    0                    1
                   12                    1                    0                    0
                   13                    1                    1                    0
                   19                    3                    1                    0
                   19                    2                    0                   -1
                   12                    1                   -1                    0
                   13                    1                    1                    0
                   19                    1                    0                   -1
                   13                    2                    0                    1
                   12                    2                   -1                    0
                   19                   20                    0                    0
                   20                   20                    1                    0
                   13                    2                    1                    0
                   12                    2                   -1                    0
                   13                    2                    1                    0
                   12                    2                   -1                    0
                   20                    1                    0                    0
                   20                   20                    0                    0
                   19                   20                   -1                    0
                   12                    1                    0                   -1
                   19                    1                    0                    0
                   12                   20                    0                    0
                   20                    1                    1                    0
                   20                    2                    0                    1
                   12                    1                    0                    0
                   20                    1                    0                   -1
                   19                    1                   -1                    0
                   18                    1                   -1                    0
                   17                    1                   -1                    0
                   18                    1                    1                    0
                   12                    2                    0                    1
                   12                    3                    0                    1
                   18                    2                    0                    1
                   19                    2                    1                    0
                   12                    2                    0                   -1
                   11                    2                   -1                    0
                   10                    2                   -1                    0
                   11                    2                    1                    0
                   10                    2                   -1                    0
                   20                    2                    1                    0
                   11                    2                    1                    0
                   12                    2                    1                    0
                   12                    3                    0                    1
                   12                    4                    0                    1
                   20                    1                    0                   -1
                   13                    4                    1                    0
                   13                    5                    0                    1
                    1                    1                    0                    0
                   13                    6                    0                    1
                   13                    5                    0                   -1
                   13                    4                    0                   -1
                    2                    1                    1                    0
                   12                    4                   -1                    0
                    1                    1                   -1                    0
                    2                    1                    1                    0
                   12                    3                    0                   -1
                   13                    3                    1                    0
                    1                    1                   -1                    0
                   20                    1                    0                    0
                   14                    3                    1                    0
                    1                    1                    0                    0
                   15                    3                    1                    0
                   15                    2                    0                   -1
                   14                    2                   -1                    0
