                    4                   14                    1                    0
                    4                   14                    0                    1
                    4                   15                    1                    0
                    5                   12                    1                    0
                    5                   12                    0                    1
                    5                   13                    0                    1
                    5                   15                    1                    0
                    6                    5                    1                    0
                    6                    5                    0                    1
                    6                    6                    1                    0
                    6                   12                    0                    1
                    6                   13                    0                    1
                    6                   14                    1                    0
                    6                   15                    0                    1
                    6                   16                    1                    0
                    7                    5                    0                    1
                    7                   14                    0                    1
                    7                   15                    0                    1
                    9                    9                    1                    0
                    9                    9                    0                    1
                    9                   10                    1                    0
                   10                    4                    1                    0
                   10                    4                    0                    1
                   10                    5                    1                    0
                   10                    9                    0                    1
                   11                    3                    1                    0
                   11                    3                    0                    1
                   11                   19                    1                    0
                   12                    8                    1                    0
                   12                    8                    0                    1
                   12                    9                    1                    0
                   12                   19                    1                    0
                   13                    8                    0                    1
                   15                   14                    1                    0
                   15                   14                    0                    1
                   15                   15                    1                    0
                   16                    5                    1                    0
                   16                    5                    0                    1
                   16                    6                    1                    0
                   16                   14                    0                    1
                   17                    5                    0                    1
                   18                   15                    1                    0
                   18                   15                    0                    1
                   18                   16                    1                    0
                   19                   15                    0                    1
                   12                    3
                   11                    5
