                    1                    1                    0                    1
                    1                    2                    1                    0
                    1                    2                    0                    1
                    1                    4                    0                    1
                    1                   15                    1                    0
                    1                   15                    0                    1
                    1                   16                    1                    0
                    2                    1                    1                    0
                    2                    1                    0                    1
                    2                   15                    0                    1
                    2                   19                    1                    0
                    2                   19                    0                    1
                    2                   20                    1                    0
                    3                   10                    1                    0
                    3                   19                    1                    0
                    3                   20                    0                    1
                    4                    1                    1                    0
                    4                    1                    0                    1
                    4                    2                    1                    0
                    4                   19                    1                    0
                    5                    1                    1                    0
                    5                    1                    0                    1
                    5                   19                    0                    1
                    5                   20                    0                    1
                    6                    1                    1                    0
                    7                    1                    0                    1
                    7                    2                    1                    0
                    8                    2                    1                    0
                    9                    2                    1                    0
                   10                    2                    1                    0
                   11                    1                    1                    0
                   11                    1                    0                    1
                   12                    1                    1                    0
                   13                   11                    1                    0
                   13                   11                    0                    1
                   13                   12                    1                    0
                   13                   20                    1                    0
                   13                   20                    0                    1
                   14                   11                    0                    1
                   14                   20                    1                    0
                   17                   19                    1                    0
                   17                   19                    0                    1
                   17                   20                    1                    0
                   18                   15                    1                    0
                   18                   15                    0                    1
                   18                   16                    1                    0
                   18                   19                    0                    1
                   19                    2                    1                    0
                   19                    2                    0                    1
                   19                    3                    0                    1
                   19                    4                    1                    0
                   19                   15                    0                    1
                   20                    1                    1                    0
                   20                    1                    0                    1
                   20                    2                    1                    0
                   20                    3                    1                    0
                   20                    3                    0                    1
                   20                    4                    1                    0
                   20                    4                    0                    1
                   20                    5                    1                    0
                   20                    2
                    4                   10
