                    8                   10                   -1                    0
                   20                    5                    0                    0
                    7                   10                   -1                    0
                    7                   11                    0                    1
                   20                    4                    0                   -1
                   20                    5                    0                    1
                    7                   12                    0                    1
                    1                    5                    0                    0
                    7                   11                    0                   -1
                    2                    5                    1                    0
                    7                   12                    0                    1
                    1                    5                   -1                    0
                    7                   11                    0                   -1
                    2                    5                    1                    0
                    3                    5                    1                    0
                    7                   10                    0                   -1
                    3                    6                    0                    1
                    8                   10                    1                    0
                    9                   10                    1                    0
                    8                   10                   -1                    0
                    2                    6                   -1                    0
                    9                   10                    1                    0
                    9                    9                    0                   -1
                    1                    6                   -1                    0
                    2                    6                    1                    0
                    3                    6                    1                    0
                    9                   10                    0                    1
                    9                    9                    0                   -1
                    2                    6                   -1                    0
                    9                   10                    0                    1
                    2                    5                    0                   -1
                    3                    5                    1                    0
                    4                    5                    1                    0
                    4                    4                    0                   -1
                    4                    5                    0                    1
                    5                    5                    1                    0
                    4                    5                   -1                    0
                    3                    5                   -1                    0
                    3                    6                    0                    1
                    2                    6                   -1                    0
                    2                    7                    0                    1
                    1                    7                   -1                    0
                    9                    9                    0                   -1
                    2                    7                    1                    0
                   10                    9                    1                    0
                    2                    8                    0                    1
                   10                    8                    0                   -1
                    2                    7                    0                   -1
                    9                    8                   -1                    0
                    9                    9                    0                    1
                    2                    6                    0                   -1
                    1                    6                   -1                    0
                    9                   10                    0                    1
                    2                    6                    1                    0
                    9                   11                    0                    1
                    9                   10                    0                   -1
                    2                    5                    0                   -1
                    1                    5                   -1                    0
                    2                    5                    1                    0
                    1                    5                   -1                    0
                    1                    6                    0                    1
                    1                    5                    0                   -1
                    1                    4                    0                   -1
                    8                   10                   -1                    0
                    1                    5                    0                    1
                    9                   10                    1                    0
                   10                   10                    1                    0
                    9                   10                   -1                    0
                   20                    5                    0                    0
                    8                   10                   -1                    0
                    8                    9                    0                   -1
                   20                    4                    0                   -1
                   19                    4                   -1                    0
                   20                    4                    1                    0
                   20                    3                    0                   -1
                    8                   10                    0                    1
                   20                    4                    0                    1
                   20                    5                    0                    1
                    8                    9                    0                   -1
                   20                    6                    0                    1
                   19                    6                   -1                    0
