                    1                    1                    0                    1
                    1                    2                    0                    1
                    1                    3                    0                    1
                    1                    4                    0                    1
                    1                    5                    1                    0
                    1                    7                    1                    0
                    1                    8                    1                    0
                    1                    8                    0                    1
                    1                    9                    0                    1
                    1                   10                    0                    1
                    1                   11                    1                    0
                    1                   12                    1                    0
                    1                   13                    0                    1
                    1                   15                    1                    0
                    1                   15                    0                    1
                    1                   17                    1                    0
                    2                    2                    1                    0
                    2                    2                    0                    1
                    2                    3                    1                    0
                    2                    5                    1                    0
                    2                    7                    0                    1
                    2                    8                    1                    0
                    2                    8                    0                    1
                    2                    9                    0                    1
                    2                   10                    0                    1
                    2                   11                    1                    0
                    2                   11                    0                    1
                    2                   15                    0                    1
                    2                   16                    1                    0
                    2                   17                    1                    0
                    2                   18                    1                    0
                    2                   18                    0                    1
                    2                   19                    1                    0
                    3                    1                    0                    1
                    3                    2                    1                    0
                    3                    2                    0                    1
                    3                    4                    1                    0
                    3                    4                    0                    1
                    3                    7                    1                    0
                    3                    7                    0                    1
                    3                    8                    1                    0
                    3                    8                    0                    1
                    3                    9                    0                    1
                    3                   10                    0                    1
                    3                   16                    0                    1
                    3                   17                    1                    0
                    3                   17                    0                    1
                    3                   19                    0                    1
                    3                   20                    0                    1
                    4                    1                    1                    0
                    4                    2                    1                    0
                    4                    4                    1                    0
                    4                    6                    1                    0
                    4                    6                    0                    1
                    4                    7                    1                    0
                    4                    7                    0                    1
                    4                   10                    1                    0
                    4                   10                    0                    1
                    4                   11                    0                    1
                    4                   12                    1                    0
                    4                   13                    1                    0
                    4                   13                    0                    1
                    4                   14                    1                    0
                    4                   16                    1                    0
                    4                   16                    0                    1
                    4                   17                    1                    0
                    4                   17                    0                    1
                    4                   18                    0                    1
                    4                   19                    0                    1
                    4                   20                    0                    1
                    5                    1                    0                    1
                    5                    4                    1                    0
                    5                    6                    1                    0
                    5                    7                    1                    0
                    5                   10                    0                    1
                    5                   11                    1                    0
                    5                   12                    1                    0
                    5                   13                    1                    0
                    5                   14                    0                    1
                    5                   15                    1                    0
                    5                   16                    1                    0
                    5                   17                    0                    1
                    5                   18                    0                    1
                    5                   19                    1                    0
                    6                    1                    1                    0
                    6                    2                    1                    0
                    6                    2                    0                    1
                    6                    3                    1                    0
                    6                    4                    1                    0
                    6                    6                    0                    1
                    6                   11                    1                    0
                    6                   12                    0                    1
                    6                   15                    1                    0
                    6                   16                    0                    1
                    6                   17                    0                    1
                    6                   18                    1                    0
                    6                   19                    1                    0
                    6                   20                    1                    0
                    6                   20                    0                    1
                    7                    1                    1                    0
                    7                    1                    0                    1
                    7                    3                    0                    1
                    7                   11                    1                    0
                    7                   15                    0                    1
                    7                   16                    0                    1
                    7                   17                    1                    0
                    7                   18                    0                    1
                    7                   20                    0                    1
                    8                    1                    1                    0
                    8                    1                    0                    1
                    8                    2                    0                    1
                    8                    3                    1                    0
                    8                    5                    1                    0
                    8                    5                    0                    1
                    8                    6                    0                    1
                    8                    7                    1                    0
                    8                    9                    1                    0
                    8                    9                    0                    1
                    8                   10                    1                    0
                    8                   11                    1                    0
                    8                   17                    1                    0
                    9                    1                    1                    0
                    9                    3                    0                    1
                    9                    4                    1                    0
                    9                    5                    0                    1
                    9                    6                    0                    1
                    9                    9                    0                    1
                    9                   11                    0                    1
                    9                   12                    0                    1
                    9                   13                    0                    1
                    9                   14                    1                    0
                    9                   16                    0                    1
                    9                   17                    1                    0
                    9                   17                    0                    1
                    9                   18                    0                    1
                    9                   19                    0                    1
                    9                   20                    1                    0
                   10                    4                    0                    1
                   10                    5                    1                    0
                   10                    7                    1                    0
                   10                    7                    0                    1
                   10                    8                    1                    0
                   10                   12                    1                    0
                   10                   12                    0                    1
                   10                   13                    0                    1
                   10                   16                    1                    0
                   10                   16                    0                    1
                   10                   17                    1                    0
                   10                   17                    0                    1
                   10                   18                    0                    1
                   10                   19                    1                    0
                   10                   20                    0                    1
                   11                    4                    1                    0
                   11                    4                    0                    1
                   11                    6                    1                    0
                   11                    6                    0                    1
                   11                    8                    0                    1
                   11                    9                    1                    0
                   11                   11                    1                    0
                   11                   11                    0                    1
                   11                   16                    1                    0
                   11                   17                    1                    0
                   11                   19                    1                    0
                   12                    4                    0                    1
                   12                    5                    1                    0
                   12                    6                    1                    0
                   12                    9                    1                    0
                   12                   10                    1                    0
                   12                   10                    0                    1
                   12                   15                    1                    0
                   12                   15                    0                    1
                   12                   17                    1                    0
                   12                   19                    1                    0
                   13                    1                    0                    1
                   13                    2                    1                    0
                   13                    5                    0                    1
                   13                    7                    1                    0
                   13                    7                    0                    1
                   13                    8                    0                    1
                   13                   10                    0                    1
                   13                   11                    1                    0
                   13                   15                    0                    1
                   13                   16                    1                    0
                   13                   17                    0                    1
                   13                   18                    0                    1
                   13                   20                    1                    0
                   13                   20                    0                    1
                   14                    1                    1                    0
                   14                    2                    0                    1
                   14                    3                    0                    1
                   14                    4                    0                    1
                   14                    5                    1                    0
                   14                    7                    0                    1
                   14                    8                    0                    1
                   14                    9                    1                    0
                   14                   15                    1                    0
                   14                   15                    0                    1
                   14                   17                    1                    0
                   14                   17                    0                    1
                   14                   18                    0                    1
                   14                   19                    1                    0
                   14                   20                    0                    1
                   15                    3                    1                    0
                   15                    3                    0                    1
                   15                    4                    1                    0
                   15                    5                    1                    0
                   15                    6                    1                    0
                   15                    6                    0                    1
                   15                    7                    1                    0
                   15                    8                    1                    0
                   15                    8                    0                    1
                   15                   10                    1                    0
                   15                   10                    0                    1
                   15                   11                    0                    1
                   15                   12                    1                    0
                   15                   15                    1                    0
                   15                   17                    0                    1
                   15                   18                    1                    0
                   15                   19                    0                    1
                   15                   20                    0                    1
                   16                    1                    0                    1
                   16                    2                    0                    1
                   16                    4                    0                    1
                   16                    6                    1                    0
                   16                    7                    1                    0
                   16                    8                    1                    0
                   16                   10                    1                    0
                   16                   12                    1                    0
                   16                   15                    0                    1
                   16                   16                    0                    1
                   16                   17                    0                    1
                   16                   18                    1                    0
                   16                   18                    0                    1
                   16                   19                    0                    1
                   16                   20                    0                    1
                   17                    1                    1                    0
                   17                    2                    1                    0
                   17                    2                    0                    1
                   17                    3                    0                    1
                   17                    4                    0                    1
                   17                    5                    1                    0
                   17                    6                    1                    0
                   17                    7                    0                    1
                   17                   10                    0                    1
                   17                   11                    0                    1
                   17                   15                    1                    0
                   17                   15                    0                    1
                   17                   16                    1                    0
                   17                   18                    1                    0
                   17                   20                    1                    0
                   17                   20                    0                    1
                   18                    1                    1                    0
                   18                    2                    0                    1
                   18                    3                    0                    1
                   18                    4                    1                    0
                   18                    5                    1                    0
                   18                    6                    1                    0
                   18                   13                    1                    0
                   18                   13                    0                    1
                   18                   14                    1                    0
                   18                   15                    1                    0
                   18                   16                    1                    0
                   18                   18                    0                    1
                   18                   20                    1                    0
                   19                    1                    1                    0
                   19                    4                    1                    0
                   19                    5                    0                    1
                   19                   10                    1                    0
                   19                   10                    0                    1
                   19                   11                    1                    0
                   19                   12                    1                    0
                   19                   12                    0                    1
                   19                   13                    1                    0
                   19                   13                    0                    1
                   19                   14                    1                    0
                   19                   14                    0                    1
                   19                   16                    0                    1
                   19                   17                    0                    1
                   19                   18                    1                    0
                   19                   19                    1                    0
                   19                   19                    0                    1
                   20                    1                    1                    0
                   20                    4                    0                    1
                   20                    5                    0                    1
                   20                    6                    0                    1
                   20                    7                    1                    0
                   20                   10                    0                    1
                   20                   12                    1                    0
                   20                   13                    1                    0
                   20                   14                    1                    0
                   20                   16                    1                    0
                   20                   16                    0                    1
                   20                   17                    1                    0
                   20                   18                    0                    1
                    9                   16
                   14                   11
