                   18                   13                    0                   -1
                   18                   14                    0                    1
                    5                   11                    1                    0
                    4                   11                   -1                    0
                    4                   10                    0                   -1
                   18                   13                    0                   -1
                    3                   10                   -1                    0
                   18                   14                    0                    1
                   18                   13                    0                   -1
                    3                    9                    0                   -1
                    3                    8                    0                   -1
                   17                   13                   -1                    0
                   18                   13                    1                    0
                    3                    9                    0                    1
                    3                   10                    0                    1
                    4                   10                    1                    0
                    4                   11                    0                    1
                   18                   14                    0                    1
                    3                   11                   -1                    0
                   19                   14                    1                    0
                    4                   11                    1                    0
                   18                   14                   -1                    0
                    3                   11                   -1                    0
                   18                   15                    0                    1
                   18                   14                    0                   -1
                    2                   11                   -1                    0
                    3                   11                    1                    0
                    3                   10                    0                   -1
                    3                   11                    0                    1
                    2                   11                   -1                    0
                   17                   14                   -1                    0
                   16                   14                   -1                    0
                   15                   14                   -1                    0
                   16                   14                    1                    0
                    1                   11                   -1                    0
                   17                   14                    1                    0
                   17                   13                    0                   -1
                   18                   13                    1                    0
                    2                   11                    1                    0
                    3                   11                    1                    0
                   19                   13                    1                    0
                   18                   13                   -1                    0
                   17                   13                   -1                    0
                   17                   14                    0                    1
                   17                   15                    0                    1
                   17                   14                    0                   -1
                    3                   10                    0                   -1
                    3                   11                    0                    1
                    4                   11                    1                    0
                   18                   14                    1                    0
                    4                   10                    0                   -1
                    4                   11                    0                    1
                   17                   14                   -1                    0
                   17                   15                    0                    1
                   17                   14                    0                   -1
                   17                   13                    0                   -1
                   18                   13                    1                    0
                    4                   12                    0                    1
                   19                   13                    1                    0
                    4                   11                    0                   -1
                   19                   14                    0                    1
                   19                   13                    0                   -1
                   18                   13                   -1                    0
                   19                   13                    1                    0
                   20                   13                    1                    0
                    4                   10                    0                   -1
                   20                   12                    0                   -1
                    1                   12                    0                    0
                   20                   12                    0                    0
                    4                    9                    0                   -1
                    3                    9                   -1                    0
                   19                   12                   -1                    0
                    4                    9                    1                    0
                    5                    9                    1                    0
                   20                   12                    1                    0
                    4                    9                   -1                    0
                   19                   12                   -1                    0
