                    1                   15                    1                    0
                    1                   16                    0                    1
                    1                   17                    1                    0
                    1                   17                    0                    1
                    2                   15                    0                    1
                    2                   16                    0                    1
                    3                   12                    0                    1
                    3                   13                    0                    1
                    3                   14                    0                    1
                    4                    6                    1                    0
                    4                    6                    0                    1
                    4                    7                    1                    0
                    4                   17                    1                    0
                    4                   17                    0                    1
                    4                   18                    0                    1
                    4                   19                    0                    1
                    4                   20                    1                    0
                    5                    1                    0                    1
                    5                    2                    1                    0
                    5                    5                    1                    0
                    5                    5                    0                    1
                    5                    7                    1                    0
                    5                   17                    1                    0
                    5                   20                    0                    1
                    6                    1                    1                    0
                    6                    2                    1                    0
                    6                    5                    0                    1
                    6                    6                    1                    0
                    6                    7                    0                    1
                    6                    8                    0                    1
                    6                    9                    0                    1
                    6                   10                    1                    0
                    6                   15                    0                    1
                    6                   16                    0                    1
                    7                    2                    1                    0
                    7                    3                    1                    0
                    7                    3                    0                    1
                    7                    4                    0                    1
                    7                    5                    1                    0
                    7                    6                    0                    1
                    7                    7                    0                    1
                    7                    8                    0                    1
                    7                    9                    0                    1
                    7                   20                    1                    0
                    7                   20                    0                    1
                    8                    2                    1                    0
                    8                    3                    0                    1
                    8                    4                    0                    1
                    8                    5                    1                    0
                    8                    5                    0                    1
                    8                    6                    1                    0
                    8                   20                    1                    0
                    9                    2                    1                    0
                    9                    5                    0                    1
                    9                   20                    1                    0
                   10                    1                    1                    0
                   10                    1                    0                    1
                   10                   14                    1                    0
                   10                   14                    0                    1
                   10                   15                    1                    0
                   10                   20                    1                    0
                   11                   14                    0                    1
                   11                   20                    0                    1
                   12                   17                    1                    0
                   12                   17                    0                    1
                   12                   18                    1                    0
                   13                   17                    0                    1
                   18                   15                    1                    0
                   18                   15                    0                    1
                   18                   16                    1                    0
                   19                    8                    1                    0
                   19                    8                    0                    1
                   19                    9                    1                    0
                   19                   15                    1                    0
                   19                   16                    1                    0
                   20                    8                    0                    1
                   20                   15                    1                    0
                   20                   16                    1                    0
                   20                   17                    1                    0
                   20                   17                    0                    1
                   20                   18                    1                    0
                    6                   15
                    3                   12
