                    2                    4                    1                    0
                    2                    4                    0                    1
                    2                    5                    1                    0
                    2                   16                    1                    0
                    2                   16                    0                    1
                    2                   17                    0                    1
                    2                   18                    0                    1
                    3                    2                    1                    0
                    3                    2                    0                    1
                    3                    3                    1                    0
                    3                    4                    0                    1
                    3                    7                    1                    0
                    3                    7                    0                    1
                    3                    8                    1                    0
                    3                   16                    0                    1
                    4                    2                    0                    1
                    4                    7                    1                    0
                    4                    8                    1                    0
                    5                    7                    1                    0
                    5                    8                    1                    0
                    6                    7                    0                    1
                    8                   12                    1                    0
                    8                   12                    0                    1
                    8                   13                    1                    0
                    9                    6                    1                    0
                    9                    6                    0                    1
                    9                    7                    1                    0
                    9                   12                    1                    0
                    9                   13                    1                    0
                   10                    1                    1                    0
                   10                    6                    0                    1
                   10                    8                    1                    0
                   10                    8                    0                    1
                   10                   12                    1                    0
                   10                   13                    0                    1
                   10                   14                    1                    0
                   10                   20                    1                    0
                   10                   20                    0                    1
                   11                    8                    0                    1
                   11                    9                    0                    1
                   11                   10                    0                    1
                   11                   12                    0                    1
                   11                   13                    1                    0
                   11                   14                    0                    1
                   11                   15                    1                    0
                   11                   20                    0                    1
                   12                    9                    1                    0
                   12                    9                    0                    1
                   12                   10                    1                    0
                   12                   13                    0                    1
                   12                   14                    0                    1
                   13                    9                    1                    0
                   13                   10                    1                    0
                   14                    9                    1                    0
                   14                   10                    1                    0
                   14                   13                    1                    0
                   14                   13                    0                    1
                   14                   14                    0                    1
                   14                   15                    1                    0
                   15                    6                    1                    0
                   15                    6                    0                    1
                   15                    7                    1                    0
                   15                    9                    0                    1
                   15                   13                    0                    1
                   15                   14                    0                    1
                   16                    6                    1                    0
                   16                    7                    1                    0
                   17                    6                    0                    1
                   11                   11
                   10                    9
