                   16                    2                    0                   -1
                   16                    3                    0                    1
                   20                   18                    0                    1
                   20                   17                    0                   -1
                   16                    4                    0                    1
                   20                   18                    0                    1
                    1                   18                    0                    0
                   16                    3                    0                   -1
                    1                   17                    0                   -1
                   15                    3                   -1                    0
                   16                    3                    1                    0
                    1                   16                    0                   -1
                   20                   16                    0                    0
                   17                    3                    1                    0
                   16                    3                   -1                    0
                    1                   16                    0                    0
                   15                    3                   -1                    0
                   15                    4                    0                    1
                    1                   15                    0                   -1
                   15                    3                    0                   -1
                   16                    3                    1                    0
                   16                    4                    0                    1
                    1                   16                    0                    1
                    1                   17                    0                    1
                   20                   17                    0                    0
                   16                    3                    0                   -1
                    1                   17                    0                    0
                   20                   17                    0                    0
                   19                   17                   -1                    0
                   19                   16                    0                   -1
                   17                    3                    1                    0
                   17                    4                    0                    1
                   17                    3                    0                   -1
                   17                    4                    0                    1
                   17                    3                    0                   -1
                   19                   17                    0                    1
                   18                   17                   -1                    0
                   18                   16                    0                   -1
                   19                   16                    1                    0
                   18                    3                    1                    0
                   17                    3                   -1                    0
                   18                   16                   -1                    0
                   19                   16                    1                    0
                   17                    2                    0                   -1
                   20                   16                    1                    0
                   17                    3                    0                    1
                   17                    4                    0                    1
                   16                    4                   -1                    0
                   17                    4                    1                    0
                   19                   16                   -1                    0
                   19                   15                    0                   -1
                   16                    4                   -1                    0
                   19                   16                    0                    1
                   18                   16                   -1                    0
                   15                    4                   -1                    0
                   18                   15                    0                   -1
                   18                   16                    0                    1
                   15                    5                    0                    1
                   19                   16                    1                    0
                   14                    5                   -1                    0
                   13                    5                   -1                    0
                   13                    6                    0                    1
                   12                    6                   -1                    0
                   13                    6                    1                    0
                   18                   16                   -1                    0
                   13                    5                    0                   -1
