                    2                    8                    1                    0
                    2                    8                    0                    1
                    2                    9                    1                    0
                    3                    8                    0                    1
                    6                    2                    1                    0
                    6                    2                    0                    1
                    6                    3                    0                    1
                    6                    4                    1                    0
                    7                    2                    0                    1
                    7                    3                    0                    1
                    9                   13                    1                    0
                    9                   13                    0                    1
                    9                   14                    1                    0
                   10                   13                    0                    1
                   11                   10                    0                    1
                   11                   11                    1                    0
                   12                   10                    0                    1
                   18                   19                    1                    0
                   18                   19                    0                    1
                   18                   20                    0                    1
                   19                   18                    1                    0
                   19                   18                    0                    1
                   20                   18                    0                    1
                   12                   10
                   18                    1
