                    1                    1                    1                    0
                    1                    9                    0                    1
                    1                   12                    1                    0
                    1                   12                    0                    1
                    1                   13                    0                    1
                    1                   18                    1                    0
                    2                    1                    0                    1
                    2                    2                    0                    1
                    2                    3                    0                    1
                    2                    4                    0                    1
                    2                    5                    0                    1
                    2                    6                    0                    1
                    2                    7                    1                    0
                    2                   12                    1                    0
                    2                   14                    1                    0
                    2                   14                    0                    1
                    2                   15                    0                    1
                    2                   16                    0                    1
                    2                   17                    1                    0
                    2                   18                    1                    0
                    3                    1                    1                    0
                    3                    2                    1                    0
                    3                    2                    0                    1
                    3                    3                    1                    0
                    3                    7                    0                    1
                    3                    8                    0                    1
                    3                    9                    0                    1
                    3                   10                    0                    1
                    3                   11                    1                    0
                    3                   12                    0                    1
                    3                   13                    1                    0
                    3                   14                    1                    0
                    3                   17                    0                    1
                    3                   20                    1                    0
                    3                   20                    0                    1
                    4                    1                    0                    1
                    4                    3                    1                    0
                    4                   10                    1                    0
                    4                   10                    0                    1
                    4                   13                    0                    1
                    4                   15                    1                    0
                    4                   15                    0                    1
                    4                   16                    1                    0
                    4                   18                    1                    0
                    4                   18                    0                    1
                    4                   19                    0                    1
                    5                    3                    1                    0
                    5                    7                    1                    0
                    5                    7                    0                    1
                    5                    8                    0                    1
                    5                    9                    1                    0
                    5                   10                    1                    0
                    5                   13                    1                    0
                    5                   13                    0                    1
                    5                   14                    1                    0
                    5                   15                    0                    1
                    5                   18                    0                    1
                    5                   19                    1                    0
                    6                    1                    1                    0
                    6                    2                    1                    0
                    6                    2                    0                    1
                    6                    3                    1                    0
                    6                    3                    0                    1
                    6                    4                    0                    1
                    6                    5                    0                    1
                    6                    6                    1                    0
                    6                    7                    0                    1
                    6                    8                    1                    0
                    6                    9                    1                    0
                    6                   10                    1                    0
                    6                   13                    1                    0
                    6                   14                    1                    0
                    6                   19                    0                    1
                    6                   20                    0                    1
                    7                    1                    1                    0
                    7                    2                    1                    0
                    7                    3                    1                    0
                    7                    6                    0                    1
                    7                    7                    1                    0
                    7                    8                    0                    1
                    7                   10                    1                    0
                    7                   12                    1                    0
                    7                   12                    0                    1
                    7                   14                    1                    0
                    7                   16                    1                    0
                    7                   16                    0                    1
                    7                   17                    1                    0
                    8                    1                    0                    1
                    8                    3                    1                    0
                    8                    5                    1                    0
                    8                    5                    0                    1
                    8                    6                    0                    1
                    8                    7                    1                    0
                    8                    7                    0                    1
                    8                    8                    0                    1
                    8                    9                    1                    0
                    8                   10                    1                    0
                    8                   12                    0                    1
                    8                   13                    1                    0
                    8                   14                    1                    0
                    8                   16                    0                    1
                    9                    3                    0                    1
                    9                    4                    1                    0
                    9                    5                    1                    0
                    9                    7                    0                    1
                    9                    8                    1                    0
                    9                    9                    0                    1
                    9                   12                    1                    0
                    9                   12                    0                    1
                    9                   14                    0                    1
                    9                   15                    0                    1
                    9                   16                    0                    1
                    9                   17                    1                    0
                   10                    1                    1                    0
                   10                    1                    0                    1
                   10                    2                    1                    0
                   10                    3                    1                    0
                   10                    3                    0                    1
                   10                    4                    1                    0
                   10                    4                    0                    1
                   10                    6                    1                    0
                   10                    6                    0                    1
                   10                    7                    1                    0
                   10                    7                    0                    1
                   10                   11                    1                    0
                   10                   11                    0                    1
                   10                   13                    1                    0
                   10                   13                    0                    1
                   10                   14                    1                    0
                   10                   16                    1                    0
                   10                   16                    0                    1
                   11                    1                    0                    1
                   11                    2                    1                    0
                   11                    2                    0                    1
                   11                    3                    1                    0
                   11                    3                    0                    1
                   11                    4                    1                    0
                   11                    4                    0                    1
                   11                    5                    0                    1
                   11                    7                    0                    1
                   11                    8                    1                    0
                   11                   11                    1                    0
                   11                   12                    1                    0
                   11                   12                    0                    1
                   11                   13                    1                    0
                   11                   13                    0                    1
                   11                   16                    1                    0
                   12                    2                    1                    0
                   12                    3                    1                    0
                   12                    4                    0                    1
                   12                    5                    1                    0
                   12                    8                    0                    1
                   12                    9                    0                    1
                   12                   10                    1                    0
                   12                   11                    0                    1
                   12                   12                    1                    0
                   12                   12                    0                    1
                   12                   15                    1                    0
                   12                   15                    0                    1
                   13                    1                    1                    0
                   13                    1                    0                    1
                   13                    3                    1                    0
                   13                    5                    0                    1
                   13                    6                    0                    1
                   13                    7                    0                    1
                   13                    8                    1                    0
                   13                   10                    1                    0
                   13                   11                    0                    1
                   13                   12                    1                    0
                   13                   12                    0                    1
                   13                   13                    0                    1
                   13                   14                    0                    1
                   14                    1                    0                    1
                   14                    2                    1                    0
                   14                    3                    1                    0
                   14                    8                    1                    0
                   14                    9                    1                    0
                   14                    9                    0                    1
                   14                   10                    1                    0
                   14                   10                    0                    1
                   14                   11                    0                    1
                   15                    1                    1                    0
                   15                    1                    0                    1
                   15                    3                    1                    0
                   15                    8                    0                    1
                   15                   10                    1                    0
                   15                   12                    1                    0
                   15                   12                    0                    1
                   15                   13                    1                    0
                   15                   16                    1                    0
                   15                   16                    0                    1
                   15                   17                    0                    1
                   15                   18                    0                    1
                   15                   19                    0                    1
                   15                   20                    1                    0
                   16                    2                    1                    0
                   16                    2                    0                    1
                   16                    9                    1                    0
                   16                    9                    0                    1
                   16                   12                    0                    1
                   16                   15                    1                    0
                   16                   15                    0                    1
                   16                   16                    1                    0
                   16                   16                    0                    1
                   16                   17                    0                    1
                   16                   20                    0                    1
                   17                    2                    0                    1
                   17                    3                    1                    0
                   17                    6                    1                    0
                   17                    6                    0                    1
                   17                    7                    0                    1
                   17                    8                    0                    1
                   17                   15                    1                    0
                   17                   16                    0                    1
                   17                   17                    1                    0
                   17                   18                    1                    0
                   17                   18                    0                    1
                   17                   19                    1                    0
                   18                    3                    0                    1
                   18                    4                    1                    0
                   18                    5                    1                    0
                   18                    5                    0                    1
                   18                    7                    1                    0
                   18                    7                    0                    1
                   18                    8                    1                    0
                   18                   15                    1                    0
                   18                   17                    0                    1
                   18                   19                    1                    0
                   19                    1                    1                    0
                   19                    3                    1                    0
                   19                    3                    0                    1
                   19                    4                    1                    0
                   19                    4                    0                    1
                   19                    7                    0                    1
                   19                   14                    1                    0
                   19                   14                    0                    1
                   19                   19                    1                    0
                   19                   20                    1                    0
                   19                   20                    0                    1
                   20                    1                    1                    0
                   20                    3                    0                    1
                   20                    9                    1                    0
                   20                    9                    0                    1
                   20                   10                    1                    0
                   20                   14                    1                    0
                   20                   18                    1                    0
                   20                   19                    0                    1
                   20                   18
                   10                    7
