                   13                    2                    0                    1
                   14                   16                    0                   -1
                   13                    3                    0                    1
                   13                    4                    0                    1
                   14                    4                    1                    0
                   14                    3                    0                   -1
                   14                   17                    0                    1
                   14                    4                    0                    1
                   14                    5                    0                    1
                   15                   17                    1                    0
                   14                    4                    0                   -1
                   15                   16                    0                   -1
                   15                    4                    1                    0
                   15                   15                    0                   -1
                   15                    5                    0                    1
                   14                    5                   -1                    0
                   16                   15                    1                    0
                   15                   15                   -1                    0
                   15                    5                    1                    0
                   16                   15                    1                    0
                   15                   15                   -1                    0
                   15                    4                    0                   -1
                   15                    3                    0                   -1
                   15                    2                    0                   -1
                   16                   15                    1                    0
                   17                   15                    1                    0
                   16                   15                   -1                    0
                   14                    2                   -1                    0
                   13                    2                   -1                    0
                   13                    3                    0                    1
                   15                   15                   -1                    0
                   13                    4                    0                    1
                   12                    4                   -1                    0
                   15                   16                    0                    1
                   13                    4                    1                    0
                   14                   16                   -1                    0
                   13                    3                    0                   -1
                   14                   15                    0                   -1
                   13                    4                    0                    1
                   15                   15                    1                    0
                   14                   15                   -1                    0
                   14                    4                    1                    0
                   14                   16                    0                    1
                   15                   16                    1                    0
                   14                    5                    0                    1
                   14                    4                    0                   -1
                   15                   17                    0                    1
                   14                   17                   -1                    0
                   14                   18                    0                    1
                   14                   17                    0                   -1
                   15                    4                    1                    0
                   14                   18                    0                    1
                   14                   19                    0                    1
                   14                   18                    0                   -1
                   14                   17                    0                   -1
                   15                    3                    0                   -1
                   15                    2                    0                   -1
                   16                    2                    1                    0
                   13                   17                   -1                    0
                   13                   16                    0                   -1
                   13                   17                    0                    1
                   13                   16                    0                   -1
                   15                    2                   -1                    0
                   14                    2                   -1                    0
                   15                    2                    1                    0
                   14                   16                    1                    0
                   14                    2                   -1                    0
                   14                   15                    0                   -1
                   15                    2                    1                    0
                   13                   15                   -1                    0
                   12                   15                   -1                    0
                   13                   15                    1                    0
                   13                   16                    0                    1
                   14                   16                    1                    0
                   14                    2                   -1                    0
                   15                    2                    1                    0
                   15                    1                    0                   -1
