                    6                   15                    0                    1
                    6                   14                    0                   -1
                    5                   17                    1                    0
                    5                   18                    0                    1
                    6                   15                    0                    1
                    5                   17                    0                   -1
                    5                   16                    0                   -1
                    5                   17                    0                    1
                    4                   17                   -1                    0
                    6                   14                    0                   -1
                    4                   16                    0                   -1
                    6                   13                    0                   -1
                    7                   13                    1                    0
                    4                   17                    0                    1
                    5                   17                    1                    0
                    7                   14                    0                    1
                    5                   16                    0                   -1
                    6                   16                    1                    0
                    7                   13                    0                   -1
                    5                   16                   -1                    0
                    5                   17                    0                    1
                    7                   14                    0                    1
                    6                   17                    1                    0
                    5                   17                   -1                    0
                    4                   17                   -1                    0
                    6                   14                   -1                    0
                    4                   18                    0                    1
                    4                   17                    0                   -1
                    7                   14                    1                    0
                    7                   13                    0                   -1
                    6                   13                   -1                    0
                    6                   14                    0                    1
                    3                   17                   -1                    0
                    4                   17                    1                    0
                    5                   17                    1                    0
                    5                   18                    0                    1
                    5                   17                    0                   -1
                    5                   16                    0                   -1
                    6                   16                    1                    0
                    5                   16                   -1                    0
                    5                   17                    0                    1
                    7                   14                    1                    0
                    7                   15                    0                    1
                    7                   14                    0                   -1
                    7                   13                    0                   -1
                    8                   13                    1                    0
                    5                   18                    0                    1
                    7                   13                   -1                    0
                    7                   12                    0                   -1
                    6                   18                    1                    0
                    7                   11                    0                   -1
                    7                   12                    0                    1
                    5                   18                   -1                    0
                    6                   18                    1                    0
                    5                   18                   -1                    0
                    5                   19                    0                    1
                    7                   13                    0                    1
                    5                   18                    0                   -1
                    8                   13                    1                    0
                    7                   13                   -1                    0
                    5                   17                    0                   -1
                    5                   18                    0                    1
                    7                   14                    0                    1
                    7                   15                    0                    1
                    7                   14                    0                   -1
                    5                   17                    0                   -1
                    4                   17                   -1                    0
                    7                   15                    0                    1
                    5                   17                    1                    0
                    4                   17                   -1                    0
                    3                   17                   -1                    0
                    2                   17                   -1                    0
                    6                   15                   -1                    0
                    2                   18                    0                    1
