                   18                   16                   -1                    0
                   19                   16                    1                    0
                   19                   15                    0                   -1
                   20                   14                    0                    0
                   20                   13                    0                   -1
                   19                   14                    0                   -1
                   20                   14                    1                    0
                    1                   14                    0                    0
                    2                   14                    1                    0
                    2                   15                    0                    1
                    2                   16                    0                    1
                    1                   13                    0                    0
                    2                   15                    0                   -1
                    2                   16                    0                    1
                    2                   15                    0                   -1
                    2                   14                    0                   -1
                    1                   14                    0                    1
                    3                   14                    1                    0
                   20                   14                    0                    0
                   20                   15                    0                    1
                    3                   13                    0                   -1
                    3                   14                    0                    1
                    3                   13                    0                   -1
                    1                   15                    0                    0
                    2                   13                   -1                    0
                    3                   13                    1                    0
                    1                   14                    0                   -1
                    1                   15                    0                    1
                   20                   15                    0                    0
                    3                   12                    0                   -1
                   20                   16                    0                    1
                   20                   15                    0                   -1
                   20                   16                    0                    1
                    2                   12                   -1                    0
                   19                   16                   -1                    0
                   19                   15                    0                   -1
                   20                   15                    1                    0
                    1                   15                    0                    0
                    1                   12                   -1                    0
                    2                   12                    1                    0
                    3                   12                    1                    0
                    2                   12                   -1                    0
                    1                   16                    0                    1
                    1                   15                    0                   -1
                    1                   16                    0                    1
                    2                   16                    1                    0
                    2                   11                    0                   -1
                    1                   11                   -1                    0
                    1                   12                    0                    1
                    2                   12                    1                    0
                    2                   15                    0                   -1
                    3                   15                    1                    0
                    2                   11                    0                   -1
                    1                   11                   -1                    0
                    1                   10                    0                   -1
                    1                   11                    0                    1
                    4                   15                    1                    0
                   20                   11                    0                    0
                    5                   15                    1                    0
                    6                   15                    1                    0
                    1                   11                    0                    0
                   20                   11                    0                    0
                    6                   14                    0                   -1
                    5                   14                   -1                    0
                    6                   14                    1                    0
                   20                   12                    0                    1
                    6                   15                    0                    1
                   19                   12                   -1                    0
                   18                   12                   -1                    0
                   18                   13                    0                    1
                   17                   13                   -1                    0
                    7                   15                    1                    0
                    7                   14                    0                   -1
                    6                   14                   -1                    0
                    6                   13                    0                   -1
                   17                   14                    0                    1
                   17                   13                    0                   -1
                   17                   12                    0                   -1
                   17                   11                    0                   -1
                    6                   14                    0                    1
                    5                   14                   -1                    0
                   16                   11                   -1                    0
                   16                   10                    0                   -1
                   15                   10                   -1                    0
                    5                   13                    0                   -1
                    5                   12                    0                   -1
                    5                   13                    0                    1
                   16                   10                    1                    0
                   15                   10                   -1                    0
                    5                   12                    0                   -1
                    4                   12                   -1                    0
                   16                   10                    1                    0
                   15                   10                   -1                    0
                   15                    9                    0                   -1
                   16                    9                    1                    0
                   17                    9                    1                    0
                   18                    9                    1                    0
                   17                    9                   -1                    0
                    3                   12                   -1                    0
                    3                   13                    0                    1
                   16                    9                   -1                    0
                   17                    9                    1                    0
                    3                   14                    0                    1
                    3                   13                    0                   -1
                   18                    9                    1                    0
                    4                   13                    1                    0
                    4                   14                    0                    1
                    3                   14                   -1                    0
                    2                   14                   -1                    0
                    3                   14                    1                    0
                    4                   14                    1                    0
                    5                   14                    1                    0
                    6                   14                    1                    0
                   17                    9                   -1                    0
                   16                    9                   -1                    0
                    6                   15                    0                    1
                    6                   14                    0                   -1
                   17                    9                    1                    0
                   18                    9                    1                    0
                   18                    8                    0                   -1
                    5                   14                   -1                    0
                    4                   14                   -1                    0
                    5                   14                    1                    0
                    4                   14                   -1                    0
                   18                    7                    0                   -1
                    3                   14                   -1                    0
                   17                    7                   -1                    0
                   17                    8                    0                    1
                    2                   14                   -1                    0
                    2                   13                    0                   -1
                    2                   14                    0                    1
                    2                   15                    0                    1
                    2                   16                    0                    1
                   17                    9                    0                    1
                   17                   10                    0                    1
                   17                    9                    0                   -1
                   17                   10                    0                    1
                    2                   15                    0                   -1
                   17                    9                    0                   -1
                   17                    8                    0                   -1
                   17                    7                    0                   -1
                   17                    6                    0                   -1
                   18                    6                    1                    0
                   18                    7                    0                    1
                    2                   14                    0                   -1
                    1                   14                   -1                    0
                   18                    6                    0                   -1
                   19                    6                    1                    0
                    1                   13                    0                   -1
                   18                    6                   -1                    0
                   18                    7                    0                    1
                   18                    6                    0                   -1
                   20                   13                    0                    0
                   20                   12                    0                   -1
                   18                    7                    0                    1
                   18                    8                    0                    1
                    1                   12                    0                    0
                   18                    9                    0                    1
                   18                    8                    0                   -1
                   18                    9                    0                    1
                    2                   12                    1                    0
                    2                   13                    0                    1
                    2                   14                    0                    1
                    2                   13                    0                   -1
                    3                   13                    1                    0
                   17                    9                   -1                    0
                    4                   13                    1                    0
                    5                   13                    1                    0
                   16                    9                   -1                    0
                    5                   14                    0                    1
                   15                    9                   -1                    0
