                    6                   14                   -1                    0
                   13                    2                    0                   -1
                    6                   15                    0                    1
                    6                   14                    0                   -1
                    6                   15                    0                    1
                    6                   16                    0                    1
                    6                   15                    0                   -1
                   12                    2                   -1                    0
                    6                   14                    0                   -1
                   12                    3                    0                    1
                    6                   13                    0                   -1
                    7                   13                    1                    0
                    8                   13                    1                    0
                   13                    3                    1                    0
                    8                   14                    0                    1
                    8                   13                    0                   -1
                   12                    3                   -1                    0
                    8                   12                    0                   -1
                   13                    3                    1                    0
                    7                   12                   -1                    0
                   12                    3                   -1                    0
                   13                    3                    1                    0
                   13                    2                    0                   -1
                    6                   12                   -1                    0
                   14                    2                    1                    0
                    7                   12                    1                    0
                    7                   13                    0                    1
                   15                    2                    1                    0
                   14                    2                   -1                    0
                    7                   14                    0                    1
                    6                   14                   -1                    0
                   13                    2                   -1                    0
                    6                   15                    0                    1
                   13                    1                    0                   -1
                   13                    2                    0                    1
                   14                    2                    1                    0
                    6                   14                    0                   -1
                   14                    1                    0                   -1
                    6                   13                    0                   -1
                    6                   12                    0                   -1
                    6                   11                    0                   -1
                   14                   20                    0                    0
                   14                    1                    0                    0
                    7                   11                    1                    0
                    7                   10                    0                   -1
                   14                   20                    0                    0
                    8                   10                    1                    0
                    9                   10                    1                    0
                   15                   20                    1                    0
                   14                   20                   -1                    0
                    9                    9                    0                   -1
                   14                    1                    0                    0
                   14                   20                    0                    0
                   14                    1                    0                    0
                   10                    9                    1                    0
                   13                    1                   -1                    0
                   14                    1                    1                    0
                    9                    9                   -1                    0
                   10                    9                    1                    0
                   10                   10                    0                    1
                   14                   20                    0                    0
                   11                   10                    1                    0
                   10                   10                   -1                    0
                   10                    9                    0                   -1
                   11                    9                    1                    0
                   11                    8                    0                   -1
                   12                    8                    1                    0
                   12                    9                    0                    1
                   13                   20                   -1                    0
                   11                    9                   -1                    0
                   10                    9                   -1                    0
                   12                   20                   -1                    0
                   13                   20                    1                    0
                   10                    8                    0                   -1
                   14                   20                    1                    0
                   14                    1                    0                    0
                   10                    7                    0                   -1
                   14                    2                    0                    1
                   14                    1                    0                   -1
                   14                    2                    0                    1
                   10                    8                    0                    1
                   14                    1                    0                   -1
                    9                    8                   -1                    0
                    9                    7                    0                   -1
                   10                    7                    1                    0
                   15                    1                    1                    0
                    9                    7                   -1                    0
                   14                    1                   -1                    0
                    8                    7                   -1                    0
                    9                    7                    1                    0
                    9                    6                    0                   -1
                   10                    6                    1                    0
                   10                    7                    0                    1
                   14                    2                    0                    1
                   13                    2                   -1                    0
                   13                    1                    0                   -1
                   10                    6                    0                   -1
                   13                    2                    0                    1
                   11                    6                    1                    0
                   13                    1                    0                   -1
                   11                    5                    0                   -1
                   11                    6                    0                    1
                   11                    7                    0                    1
                   13                   20                    0                    0
                   11                    6                    0                   -1
                   12                    6                    1                    0
                   13                    6                    1                    0
                   13                    7                    0                    1
                   13                    1                    0                    0
                   13                    2                    0                    1
                   13                    3                    0                    1
                   12                    7                   -1                    0
                   13                    2                    0                   -1
                   11                    7                   -1                    0
                   13                    3                    0                    1
                   13                    4                    0                    1
                   13                    3                    0                   -1
                   12                    7                    1                    0
                   13                    4                    0                    1
                   11                    7                   -1                    0
                   14                    4                    1                    0
                   10                    7                   -1                    0
                   10                    8                    0                    1
                   10                    7                    0                   -1
                   14                    5                    0                    1
                   10                    8                    0                    1
                   10                    7                    0                   -1
                   14                    6                    0                    1
                   11                    7                    1                    0
                   12                    7                    1                    0
                   13                    6                   -1                    0
                   13                    7                    1                    0
                   13                    7                    0                    1
                   16                   11                   -1                    0
                   16                   11                   -1                    0
                   12                   17                    0                    1
                   12                   16                    0                   -1
                    4                   11                   -1                    0
                    6                   11                    1                    0
                    6                   12                    0                    1
                    5                   11                    1                    0
                    6                   11                    0                   -1
                    5                   11                   -1                    0
                    5                   10                    0                   -1
                    4                   11                   -1                    0
                    5                   11                    0                    1
                    4                   10                    0                   -1
                    5                   10                    1                    0
                    4                   10                   -1                    0
                    4                   11                    0                    1
                    5                   11                    1                    0
                    6                   11                    1                    0
                    7                   11                    1                    0
                    5                   10                    0                   -1
                    5                   11                    0                    1
                    5                   12                    0                    1
                    6                   12                    1                    0
                    7                   10                    0                   -1
                    8                   10                    1                    0
                    5                   12                   -1                    0
