                   14                    2                    1                    0
                   15                   18                    0                    1
                   14                    1                    0                   -1
                   15                    1                    1                    0
                   15                   17                    0                   -1
                   14                    1                   -1                    0
                   14                    2                    0                    1
                   13                    2                   -1                    0
                   14                   17                   -1                    0
                   14                   18                    0                    1
                   14                   17                    0                   -1
                   13                   17                   -1                    0
                   14                   17                    1                    0
                   15                   17                    1                    0
                   13                    3                    0                    1
                   12                    3                   -1                    0
                   14                   17                   -1                    0
                   11                    3                   -1                    0
                   14                   16                    0                   -1
                   14                   17                    0                    1
                   14                   16                    0                   -1
                   10                    3                   -1                    0
                   10                    2                    0                   -1
                   13                   16                   -1                    0
                   10                    3                    0                    1
                   11                    3                    1                    0
                   10                    3                   -1                    0
                    9                    3                   -1                    0
                   13                   15                    0                   -1
                   13                   16                    0                    1
                   10                    3                    1                    0
                   14                   16                    1                    0
                   11                    3                    1                    0
                   12                    3                    1                    0
                   14                   15                    0                   -1
                   11                    3                   -1                    0
                   14                   16                    0                    1
                   13                   16                   -1                    0
                   12                    3                    1                    0
                   13                    3                    1                    0
                   14                    3                    1                    0
                   15                    3                    1                    0
                   14                    3                   -1                    0
                   13                   17                    0                    1
                   13                    3                   -1                    0
                   12                   17                   -1                    0
                   13                    2                    0                   -1
                   12                    2                   -1                    0
                   13                    2                    1                    0
                   12                   16                    0                   -1
                   12                   17                    0                    1
                   13                    3                    0                    1
                   13                   17                    1                    0
                   13                    2                    0                   -1
                   14                   17                    1                    0
                   13                   17                   -1                    0
                   13                   16                    0                   -1
                   14                   16                    1                    0
                   14                    2                    1                    0
                   14                    1                    0                   -1
                   14                   17                    0                    1
                   14                   18                    0                    1
                   14                    2                    0                    1
                   15                    2                    1                    0
                   14                    2                   -1                    0
                   14                    1                    0                   -1
                   14                   17                    0                   -1
                   15                   17                    1                    0
                   14                   20                    0                    0
                   14                   17                   -1                    0
                   13                   20                   -1                    0
                   14                   18                    0                    1
                   14                   17                    0                   -1
                   15                   17                    1                    0
