                   18                    9                   -1                    0
                    6                    7                    0                    1
                    7                    7                    1                    0
                   19                    9                    1                    0
                    8                    7                    1                    0
                    8                    6                    0                   -1
                    8                    7                    0                    1
                    8                    8                    0                    1
                    9                    8                    1                    0
                    8                    8                   -1                    0
                    8                    7                    0                   -1
                    7                    7                   -1                    0
                    7                    6                    0                   -1
                    8                    6                    1                    0
                   20                    9                    1                    0
                    9                    6                    1                    0
                   10                    6                    1                    0
                    9                    6                   -1                    0
                    1                    9                    0                    0
                    8                    6                   -1                    0
                    2                    9                    1                    0
                    7                    6                   -1                    0
                    2                   10                    0                    1
                    2                    9                    0                   -1
                    3                    9                    1                    0
                    2                    9                   -1                    0
                    1                    9                   -1                    0
                    8                    6                    1                    0
                   20                    9                    0                    0
                    8                    5                    0                   -1
                   19                    9                   -1                    0
                    8                    6                    0                    1
                    7                    6                   -1                    0
                    8                    6                    1                    0
                   20                    9                    1                    0
                   20                    8                    0                   -1
                    7                    6                   -1                    0
                    7                    7                    0                    1
                   20                    7                    0                   -1
                    8                    7                    1                    0
                    9                    7                    1                    0
                    8                    7                   -1                    0
                   20                    6                    0                   -1
                    7                    7                   -1                    0
                    7                    6                    0                   -1
                    7                    7                    0                    1
                    6                    7                   -1                    0
                    5                    7                   -1                    0
                    6                    7                    1                    0
                   20                    7                    0                    1
                    6                    6                    0                   -1
                    6                    5                    0                   -1
                   19                    7                   -1                    0
                    5                    5                   -1                    0
                   20                    7                    1                    0
                   20                    8                    0                    1
                    6                    5                    1                    0
                    7                    5                    1                    0
                    7                    4                    0                   -1
                    7                    3                    0                   -1
                    6                    3                   -1                    0
                    7                    3                    1                    0
                    7                    4                    0                    1
                    7                    5                    0                    1
                    6                    5                   -1                    0
                    7                    5                    1                    0
                    1                    8                    0                    0
                    7                    4                    0                   -1
                    7                    3                    0                   -1
                    7                    4                    0                    1
                    6                    4                   -1                    0
                    2                    8                    1                    0
                    7                    4                    1                    0
                    1                    8                   -1                    0
                   20                    8                    0                    0
                   20                    9                    0                    1
                    8                    4                    1                    0
