                   11                   12                    0                    1
                   11                   11                    0                   -1
                   11                   10                    0                   -1
                   11                   11                    0                    1
                   11                   10                    0                   -1
                   20                    1                    0                    0
                    1                    1                    0                    0
                   12                   10                    1                    0
                   11                   10                   -1                    0
                   11                    9                    0                   -1
                   11                    8                    0                   -1
                   12                    8                    1                    0
                    2                    1                    1                    0
                   11                    8                   -1                    0
                   11                    9                    0                    1
                   11                   10                    0                    1
                    1                    1                   -1                    0
                   11                   11                    0                    1
                    2                    1                    1                    0
                   11                   12                    0                    1
                   11                   11                    0                   -1
                    1                    1                   -1                    0
                    1                   20                    0                    0
                    1                    1                    0                    0
                    1                   20                    0                    0
                    1                    1                    0                    0
                   11                   10                    0                   -1
                    1                   20                    0                    0
                   20                   20                    0                    0
                   11                   11                    0                    1
                    1                   20                    0                    0
                   20                   20                    0                    0
                   20                    1                    0                    0
                   12                   11                    1                    0
                   11                   11                   -1                    0
                   20                   20                    0                    0
                   11                   12                    0                    1
                    1                   20                    0                    0
                   20                   20                    0                    0
                   20                    1                    0                    0
                   11                   11                    0                   -1
                   20                    2                    0                    1
                   19                    2                   -1                    0
                   11                   10                    0                   -1
                   20                    2                    1                    0
                   19                    2                   -1                    0
                   19                    3                    0                    1
                   12                   10                    1                    0
                   19                    2                    0                   -1
                   13                   10                    1                    0
                   20                    2                    1                    0
                    1                    2                    0                    0
                   13                   11                    0                    1
                   20                    2                    0                    0
                   20                    1                    0                   -1
                   20                    2                    0                    1
                   19                    2                   -1                    0
                   13                   10                    0                   -1
                   20                    2                    1                    0
