                   19                   16                    0                   -1
                    8                    3                    0                    1
                    7                    3                   -1                    0
                    7                    4                    0                    1
                   18                   16                   -1                    0
                   18                   15                    0                   -1
                   19                   15                    1                    0
                   19                   14                    0                   -1
                    7                    3                    0                   -1
                   18                   14                   -1                    0
                    7                    2                    0                   -1
                    8                    2                    1                    0
                   18                   13                    0                   -1
                    8                    1                    0                   -1
                   19                   13                    1                    0
                   18                   13                   -1                    0
                    8                   20                    0                    0
                    9                   20                    1                    0
                   18                   12                    0                   -1
                   17                   12                   -1                    0
                   10                   20                    1                    0
                   10                   19                    0                   -1
                   10                   20                    0                    1
                   11                   20                    1                    0
                   17                   13                    0                    1
                   16                   13                   -1                    0
                   10                   20                   -1                    0
                   10                   19                    0                   -1
                   16                   12                    0                   -1
                   16                   11                    0                   -1
                   16                   12                    0                    1
                   17                   12                    1                    0
                   10                   20                    0                    1
                   16                   12                   -1                    0
                    9                   20                   -1                    0
                    8                   20                   -1                    0
                    8                    1                    0                    0
                   15                   12                   -1                    0
                   15                   13                    0                    1
                   14                   13                   -1                    0
                    8                   20                    0                    0
                   13                   13                   -1                    0
                   12                   13                   -1                    0
                   12                   12                    0                   -1
                    8                   19                    0                   -1
                    8                   18                    0                   -1
                   13                   12                    1                    0
                   12                   12                   -1                    0
                    7                   18                   -1                    0
                    8                   18                    1                    0
                    9                   18                    1                    0
                   13                   12                    1                    0
                    8                   18                   -1                    0
                   13                   11                    0                   -1
                   12                   11                   -1                    0
                    7                   18                   -1                    0
                    6                   18                   -1                    0
                    6                   17                    0                   -1
                   11                   11                   -1                    0
                    6                   18                    0                    1
                    7                   18                    1                    0
                   12                   11                    1                    0
                    7                   19                    0                    1
                   12                   10                    0                   -1
                    7                   18                    0                   -1
                    8                   18                    1                    0
                    8                   17                    0                   -1
                    8                   18                    0                    1
                    9                   18                    1                    0
                   12                    9                    0                   -1
                    8                   18                   -1                    0
                   13                    9                    1                    0
                    9                   18                    1                    0
                   14                    9                    1                    0
                   14                    8                    0                   -1
                    9                   19                    0                    1
                    9                   20                    0                    1
                   10                   20                    1                    0
                   13                    8                   -1                    0
                    9                   20                   -1                    0
                   12                    8                   -1                    0
                   10                   20                    1                    0
                   13                    8                    1                    0
                   10                    1                    0                    0
                   13                    9                    0                    1
                   13                    8                    0                   -1
                    9                    1                   -1                    0
                    9                   20                    0                    0
                   13                    9                    0                    1
                   12                    9                   -1                    0
                    8                   20                   -1                    0
                   13                    9                    1                    0
                    8                    1                    0                    0
                    8                    2                    0                    1
                   13                    8                    0                   -1
                    7                    2                   -1                    0
                   13                    9                    0                    1
                   14                    9                    1                    0
                   14                    8                    0                   -1
                   14                    7                    0                   -1
                   13                    7                   -1                    0
                   14                    7                    1                    0
                    7                    3                    0                    1
                    7                    2                    0                   -1
                    7                    3                    0                    1
                    8                    3                    1                    0
                    9                    3                    1                    0
                    9                    4                    0                    1
                    8                    4                   -1                    0
                    9                    4                    1                    0
                   10                    4                    1                    0
                   10                    3                    0                   -1
                   10                    4                    0                    1
                   14                    6                    0                   -1
                   14                    5                    0                   -1
                   13                    5                   -1                    0
                   13                    4                    0                   -1
                    9                    4                   -1                    0
                   14                    4                    1                    0
                   15                    4                    1                    0
                   16                    4                    1                    0
                   17                    4                    1                    0
                   16                    4                   -1                    0
                   15                    4                   -1                    0
                   10                    4                    1                    0
                   10                    5                    0                    1
                   10                    6                    0                    1
                   14                    4                   -1                    0
                   10                    5                    0                   -1
                   11                    5                    1                    0
                   14                    3                    0                   -1
                   14                    4                    0                    1
                   11                    6                    0                    1
                   14                    5                    0                    1
