                    2                   19                    0                    1
                    2                   20                    1                    0
                    3                    1                    0                    1
                    3                    2                    0                    1
                    3                    3                    0                    1
                    3                   20                    0                    1
                   10                   13                    0                    1
                   10                   14                    1                    0
                   11                   14                    1                    0
                   12                   14                    1                    0
                   16                   18                    1                    0
                   16                   18                    0                    1
                   16                   19                    1                    0
                   17                   18                    0                    1
                   10                   13
                    2                   19
