                    2                   15                    0                    1
                    2                   16                    0                    1
                    5                    4                    1                    0
                    5                    4                    0                    1
                    6                    3                    0                    1
                   11                    6                    1                    0
                   11                    6                    0                    1
                   11                    7                    1                    0
                   12                    6                    0                    1
                   18                   17                    1                    0
                   18                   17                    0                    1
                   18                   18                    1                    0
                   19                   17                    0                    1
                    6                    3
                    2                   15
